-4.710789050887883e-07
-1.417391624039716e-06
-2.376184677803556e-06
-3.355830194951014e-06
-4.364777582386267e-06
-5.411583425679176e-06
-6.504940229677602e-06
-7.653703902827354e-06
-8.866919552556673e-06
-1.015384537401358e-05
-1.152397438638392e-05
-1.298705379042037e-05
-1.455310161804737e-05
-1.623242061959225e-05
-1.803560906554845e-05
-1.997356839802349e-05
-2.205750753770135e-05
-2.429894376386249e-05
-2.670970012578437e-05
-2.930189924335581e-05
-3.208795358587269e-05
-3.508055220407397e-05
-3.829264394473401e-05
-4.173741728493016e-05
-4.542827686986268e-05
-4.937881689159483e-05
-5.360279158197449e-05
-5.81140828430258e-05
-6.29266654832805e-05
-6.805457012058487e-05
-7.351184415231539e-05
-7.931251103509033e-05
-8.547052820578871e-05
-9.199974395864284e-05
-9.891385360852369e-05
-0.0001062263552959519
-0.0001139505056926183
-0.0001220992760543172
-0.0001306853088358169
-0.0001397208752208313
-0.0001492178338632199
-0.0001591875911584213
-0.0001696410632074261
-0.0001805886398170981
-0.0001920401507312395
-0.0002040048342338282
-0.0002164913083803201
-0.0002295075449697915
-0.0002430608463280677
-0.0002571578251196241
-0.0002718043871360382
-0.0002870057172125897
-0.0003027662681900477
-0.0003190897530684307
-0.0003359791401662969
-0.0003534366514044113
-0.0003714637635454939
-0.0003900612123832545
-0.0004092289997326423
-0.0004289664031916358
-0.0004492719885121984
-0.0004701436244340401
-0.000491578499934125
-0.0005135731436475011
-0.0005361234453822097
-0.0005592246795813563
-0.0005828715304974639
-0.0006070581190494192
-0.0006317780310902787
-0.0006570243470004646
-0.0006827896724524496
-0.000709066170114619
-0.0007358455922821283
-0.0007631193141662568
-0.0007908783677705686
-0.0008191134762161841
-0.0008478150883346404
-0.0008769734134904437
-0.00090657845640589
-0.0009366200520315693
-0.0009670879001671265
-0.0009979715998796115
-0.001029260683586286
-0.00106094465068522
-0.001093013000669807
-0.001125455265716431
-0.001158261042536848
-0.001191420023585543
-0.001224922027480159
-0.001258757028572537
-0.001292915185734956
-0.001327386870150842
-0.00136216269223803
-0.001397233527593749
-0.001432590541911804
-0.001468225214947575
-0.001504129363388933
-0.001540295162761156
-0.001576715168223078
-0.001613382334305139
-0.001650290033643713
-0.001687432074597279
-0.00172480271783486
-0.00176239669185034
-0.00180020920747504
-0.001838235971285167
-0.001876473198054554
-0.001914917622162744
-0.001953566507946463
-0.001992417659211397
-0.002031469427614206
-0.002070720720181409
-0.002110171005892551
-0.002149820321318194
-0.0021896692753608
-0.002229719053125001
-0.002269971418949609
-0.002310428718528193
-0.002351093880271427
-0.002391970415831769
-0.002433062419814404
-0.002474374568756399
-0.002515912119304376
-0.002557680905675606
-0.002599687336351528
-0.002641938390088115
-0.002684441611191022
-0.002727205104050481
-0.002770237527095645
-0.002813548085915914
-0.002857146525796659
-0.002901043123544826
-0.002945248678620959
-0.002989774503589078
-0.003034632413880096
-0.003079834716874694
-0.003125394200271463
-0.003171324119718981
-0.003217638185753063
-0.003264350549986879
-0.003311475790500618
-0.003359028896505441
-0.003407025252133831
-0.003455480619448845
-0.00350441112054057
-0.00355383321876876
-0.003603763699020086
-0.003654219647013206
-0.003705218427603043
-0.003756777661971617
-0.003808915203728999
-0.003861649113856845
-0.003914997634418904
-0.003968979160946827
-0.004023612213562434
-0.004078915406581562
-0.004134907416720184
-0.004191606949695163
-0.004249032705200559
-0.004307203340183642
-0.004366137430285856
-0.004425853429459147
-0.004486369627534396
-0.004547704105820326
-0.004609874690443585
-0.004672898903528966
-0.004736793911975998
-0.004801576473810428
-0.004867262881987874
-0.004933868905531318
-0.00500140972800235
-0.005069899883024551
-0.005139353186965572
-0.005209782668547048
-0.005281200495372059
-0.005353617897237374
-0.005427045086184879
-0.005501491173240475
-0.005576964081730596
-0.00565347045718184
-0.005731015573786745
-0.005809603237313529
-0.005889235684641935
-0.005969913479794317
-0.006051635406550126
-0.006134398357808207
-0.006218197221684328
-0.006303024764572746
-0.00638887151127852
-0.0064757256225303
-0.006563572770014693
-0.006652396009422182
-0.006742175651666392
-0.006832889132842641
-0.006924510883408403
-0.007017012197026813
-0.00711036109982476
-0.007204522220674545
-0.00729945666330858
-0.007395121881075035
-0.007491471555309359
-0.00758845547831847
-0.007686019442032694
-0.00778410513356541
-0.007882650038923408
-0.007981587356160546
-0.008080845919443209
-0.008180350135525014
-0.008280019934094246
-0.008379770733682828
-0.008479513424733406
-0.008579154371501424
-0.008678595434511256
-0.008777734015138127
-0.008876463124135647
-0.00897467147553184
-0.009072243607572984
-0.009169060032079948
-0.00926499741351345
-0.009359928778946563
-0.009453723759854695
-0.009546248866509763
-0.009637367795455485
-0.009726941770268414
-0.009814829915520823
-0.009900889663453091
-0.009984977192648558
-0.01006694789740221
-0.01014665688630353
-0.01022395950784722
-0.01029871190086109
-0.0103707715666561
-0.01043999795972456
-0.0105062530933309
-0.01056940215582119
-0.01062931413330243
-0.01068586243394383
-0.01073892550889187
-0.01078838746463499
-0.01083413866140967
-0.01087607629232244
-0.01091410493764819
-0.01094813708907836
-0.01097809363858395
-0.01100390432711945
-0.01102550814831707
-0.01104285370306067
-0.01105589950110835
-0.0110646142064453
-0.01106897682371563
-0.01106897682371562
-0.01106461420644529
-0.01105589950110836
-0.01104285370306068
-0.01102550814831707
-0.01100390432711944
-0.01097809363858396
-0.01094813708907836
-0.01091410493764818
-0.01087607629232243
-0.01083413866140966
-0.01078838746463497
-0.01073892550889187
-0.01068586243394384
-0.01062931413330244
-0.01056940215582118
-0.01050625309333089
-0.01043999795972456
-0.0103707715666561
-0.01029871190086109
-0.01022395950784721
-0.01014665688630353
-0.0100669478974022
-0.009984977192648556
-0.00990088966345308
-0.009814829915520813
-0.009726941770268418
-0.009637367795455485
-0.00954624886650977
-0.009453723759854701
-0.009359928778946562
-0.009264997413513451
-0.009169060032079946
-0.009072243607572982
-0.008974671475531833
-0.008876463124135651
-0.008777734015138126
-0.008678595434511259
-0.008579154371501418
-0.008479513424733402
-0.008379770733682821
-0.008280019934094248
-0.008180350135525011
-0.008080845919443202
-0.00798158735616054
-0.007882650038923406
-0.007784105133565406
-0.007686019442032686
-0.007588455478318457
-0.00749147155530935
-0.007395121881075025
-0.007299456663308565
-0.007204522220674536
-0.007110361099824753
-0.007017012197026812
-0.006924510883408396
-0.006832889132842633
-0.006742175651666385
-0.006652396009422169
-0.00656357277001468
-0.006475725622530283
-0.006388871511278517
-0.006303024764572743
-0.006218197221684318
-0.006134398357808197
-0.006051635406550114
-0.005969913479794298
-0.005889235684641923
-0.005809603237313519
-0.005731015573786734
-0.005653470457181843
-0.005576964081730588
-0.005501491173240462
-0.005427045086184872
-0.005353617897237366
-0.005281200495372038
-0.005209782668547043
-0.005139353186965551
-0.005069899883024537
-0.005001409728002341
-0.004933868905531307
-0.004867262881987856
-0.004801576473810419
-0.004736793911975973
-0.004672898903528955
-0.004609874690443587
-0.004547704105820328
-0.004486369627534396
-0.004425853429459129
-0.004366137430285846
-0.004307203340183634
-0.004249032705200549
-0.004191606949695155
-0.004134907416720167
-0.004078915406581555
-0.00402361221356243
-0.003968979160946824
-0.003914997634418895
-0.003861649113856831
-0.003808915203728977
-0.003756777661971603
-0.003705218427603036
-0.003654219647013198
-0.003603763699020076
-0.003553833218768749
-0.003504411120540557
-0.00345548061944884
-0.003407025252133817
-0.003359028896505434
-0.003311475790500592
-0.003264350549986877
-0.003217638185753059
-0.003171324119718974
-0.003125394200271446
-0.003079834716874687
-0.003034632413880097
-0.002989774503589061
-0.00294524867862094
-0.002901043123544806
-0.002857146525796651
-0.002813548085915894
-0.002770237527095644
-0.002727205104050469
-0.002684441611191008
-0.002641938390088108
-0.002599687336351512
-0.002557680905675597
-0.002515912119304368
-0.002474374568756387
-0.002433062419814391
-0.002391970415831738
-0.002351093880271409
-0.00231042871852818
-0.002269971418949599
-0.002229719053124984
-0.002189669275360801
-0.002149820321318183
-0.002110171005892539
-0.002070720720181399
-0.002031469427614194
-0.001992417659211388
-0.001953566507946448
-0.001914917622162722
-0.001876473198054549
-0.001838235971285147
-0.001800209207475014
-0.001762396691850317
-0.001724802717834854
-0.001687432074597268
-0.0016502900336437
-0.001613382334305109
-0.001576715168223055
-0.001540295162761141
-0.001504129363388926
-0.00146822521494756
-0.001432590541911785
-0.001397233527593733
-0.001362162692238022
-0.001327386870150824
-0.001292915185734944
-0.001258757028572516
-0.001224922027480144
-0.001191420023585528
-0.001158261042536831
-0.001125455265716423
-0.001093013000669776
-0.001060944650685208
-0.001029260683586266
-0.0009979715998795942
-0.0009670879001671025
-0.0009366200520315613
-0.0009065784564058644
-0.000876973413490429
-0.0008478150883346192
-0.0008191134762161618
-0.000790878367770545
-0.0007631193141662391
-0.0007358455922821146
-0.0007090661701145964
-0.0006827896724524319
-0.0006570243470004466
-0.0006317780310902445
-0.0006070581190493933
-0.0005828715304974342
-0.0005592246795813327
-0.0005361234453821963
-0.0005135731436474713
-0.000491578499934094
-0.0004701436244340098
-0.0004492719885121716
-0.0004289664031916201
-0.0004092289997326302
-0.0003900612123832413
-0.0003714637635454676
-0.0003534366514043969
-0.000335979140166272
-0.0003190897530684221
-0.0003027662681900144
-0.00028700571721257
-0.0002718043871360099
-0.0002571578251196124
-0.0002430608463280318
-0.0002295075449697645
-0.000216491308380314
-0.0002040048342337908
-0.000192040150731218
-0.0001805886398170745
-0.0001696410632074066
-0.0001591875911584103
-0.0001492178338631973
-0.0001397208752208245
-0.0001306853088357983
-0.000122099276054308
-0.0001139505056926044
-0.0001062263552959451
-9.891385360851325e-05
-9.199974395862533e-05
-8.547052820577277e-05
-7.931251103507385e-05
-7.351184415230563e-05
-6.805457012056806e-05
-6.292666548326164e-05
-5.811408284299977e-05
-5.360279158195909e-05
-4.937881689158247e-05
-4.542827686984912e-05
-4.173741728491785e-05
-3.829264394471484e-05
-3.508055220406127e-05
-3.208795358585986e-05
-2.930189924333634e-05
-2.670970012575943e-05
-2.429894376384948e-05
-2.20575075376853e-05
-1.997356839801589e-05
-1.803560906554498e-05
-1.623242061957425e-05
-1.455310161804606e-05
-1.298705379041299e-05
-1.152397438637263e-05
-1.015384537399124e-05
-8.866919552544742e-06
-7.653703902801978e-06
-6.504940229666538e-06
-5.411583425659437e-06
-4.364777582386478e-06
-3.355830194922167e-06
-2.376184677785551e-06
-1.417391624017375e-06
-4.71078905069483e-07
4.710789050887741e-07
1.417391624038401e-06
2.376184677802024e-06
3.35583019494959e-06
4.364777582383868e-06
5.411583425674067e-06
6.504940229679216e-06
7.653703902823547e-06
8.866919552553409e-06
1.015384537400999e-05
1.152397438638033e-05
1.298705379042437e-05
1.455310161804454e-05
1.62324206195943e-05
1.803560906554584e-05
1.997356839802304e-05
2.205750753769527e-05
2.429894376386118e-05
2.67097001257848e-05
2.93018992433545e-05
3.208795358586878e-05
3.50805522040731e-05
3.829264394473141e-05
4.173741728493146e-05
4.542827686986311e-05
4.937881689159439e-05
5.360279158197036e-05
5.811408284302905e-05
6.292666548327617e-05
6.805457012058367e-05
7.351184415231886e-05
7.931251103508946e-05
8.547052820578362e-05
9.199974395864268e-05
9.891385360852323e-05
0.0001062263552959568
0.00011395050569261
0.0001220992760543127
0.0001306853088358121
0.0001397208752208301
0.0001492178338632156
0.0001591875911584207
0.0001696410632074244
0.000180588639817088
0.0001920401507312375
0.0002040048342338277
0.0002164913083803196
0.0002295075449697871
0.0002430608463280669
0.000257157825119622
0.0002718043871360381
0.0002870057172125887
0.0003027662681900447
0.0003190897530684312
0.0003359791401662928
0.00035343665140441
0.0003714637635454923
0.00039006121238325
0.0004092289997326406
0.0004289664031916331
0.0004492719885121929
0.0004701436244340367
0.0004915784999341239
0.0005135731436474956
0.0005361234453822063
0.000559224679581354
0.0005828715304974645
0.0006070581190494172
0.0006317780310902753
0.0006570243470004644
0.0006827896724524458
0.0007090661701146164
0.0007358455922821232
0.0007631193141662551
0.0007908783677705688
0.0008191134762161778
0.00084781508833464
0.0008769734134904412
0.0009065784564058878
0.0009366200520315661
0.0009670879001671229
0.0009979715998796076
0.001029260683586281
0.001060944650685214
0.001093013000669803
0.001125455265716433
0.001158261042536847
0.001191420023585539
0.001224922027480155
0.001258757028572534
0.001292915185734955
0.001327386870150848
0.001362162692238029
0.001397233527593749
0.001432590541911798
0.001468225214947577
0.001504129363388927
0.001540295162761156
0.001576715168223077
0.001613382334305136
0.001650290033643712
0.001687432074597278
0.001724802717834855
0.001762396691850339
0.00180020920747504
0.001838235971285166
0.001876473198054553
0.001914917622162739
0.001953566507946459
0.001992417659211391
0.002031469427614205
0.002070720720181409
0.002110171005892553
0.002149820321318196
0.002189669275360799
0.002229719053125001
0.002269971418949604
0.002310428718528193
0.00235109388027142
0.002391970415831767
0.002433062419814404
0.002474374568756401
0.002515912119304377
0.002557680905675603
0.002599687336351528
0.002641938390088113
0.00268444161119102
0.002727205104050484
0.002770237527095644
0.002813548085915913
0.002857146525796657
0.002901043123544826
0.002945248678620959
0.002989774503589076
0.003034632413880099
0.003079834716874694
0.00312539420027146
0.003171324119718979
0.003217638185753065
0.003264350549986878
0.003311475790500616
0.003359028896505443
0.003407025252133836
0.003455480619448851
0.003504411120540573
0.003553833218768762
0.003603763699020083
0.003654219647013207
0.003705218427603043
0.003756777661971615
0.003808915203728991
0.003861649113856845
0.003914997634418905
0.003968979160946833
0.004023612213562434
0.004078915406581561
0.00413490741672018
0.004191606949695162
0.004249032705200556
0.004307203340183638
0.004366137430285856
0.004425853429459146
0.004486369627534394
0.004547704105820325
0.004609874690443583
0.004672898903528965
0.004736793911975996
0.004801576473810426
0.004867262881987872
0.004933868905531316
0.005001409728002351
0.005069899883024554
0.005139353186965564
0.005209782668547045
0.00528120049537205
0.005353617897237371
0.005427045086184877
0.005501491173240469
0.005576964081730595
0.005653470457181837
0.005731015573786744
0.005809603237313529
0.005889235684641931
0.005969913479794314
0.006051635406550119
0.006134398357808197
0.006218197221684326
0.006303024764572746
0.006388871511278519
0.006475725622530295
0.006563572770014691
0.006652396009422181
0.006742175651666393
0.006832889132842638
0.006924510883408402
0.00701701219702681
0.007110361099824755
0.007204522220674543
0.007299456663308575
0.00739512188107503
0.007491471555309354
0.007588455478318469
0.007686019442032687
0.007784105133565413
0.007882650038923408
0.007981587356160544
0.008080845919443202
0.008180350135525016
0.008280019934094243
0.008379770733682828
0.008479513424733402
0.008579154371501424
0.008678595434511254
0.008777734015138126
0.008876463124135642
0.008974671475531836
0.009072243607572979
0.009169060032079946
0.009264997413513453
0.009359928778946562
0.009453723759854694
0.009546248866509767
0.009637367795455484
0.009726941770268418
0.009814829915520821
0.009900889663453087
0.009984977192648554
0.0100669478974022
0.01014665688630352
0.01022395950784721
0.01029871190086109
0.0103707715666561
0.01043999795972456
0.0105062530933309
0.01056940215582119
0.01062931413330243
0.01068586243394383
0.01073892550889186
0.01078838746463498
0.01083413866140967
0.01087607629232244
0.01091410493764818
0.01094813708907835
0.01097809363858395
0.01100390432711944
0.01102550814831707
0.01104285370306067
0.01105589950110835
0.0110646142064453
0.01106897682371562
0.01106897682371562
0.01106461420644529
0.01105589950110835
0.01104285370306067
0.01102550814831707
0.01100390432711944
0.01097809363858396
0.01094813708907835
0.01091410493764818
0.01087607629232243
0.01083413866140966
0.01078838746463498
0.01073892550889187
0.01068586243394384
0.01062931413330243
0.01056940215582118
0.01050625309333089
0.01043999795972455
0.01037077156665609
0.01029871190086108
0.0102239595078472
0.01014665688630353
0.0100669478974022
0.009984977192648551
0.009900889663453084
0.009814829915520809
0.009726941770268418
0.009637367795455482
0.009546248866509769
0.009453723759854695
0.009359928778946555
0.00926499741351345
0.009169060032079939
0.009072243607572975
0.008974671475531829
0.008876463124135647
0.008777734015138126
0.008678595434511254
0.008579154371501417
0.008479513424733406
0.008379770733682814
0.008280019934094239
0.008180350135525007
0.0080808459194432
0.00798158735616054
0.007882650038923402
0.007784105133565401
0.007686019442032687
0.007588455478318455
0.007491471555309341
0.007395121881075022
0.007299456663308565
0.007204522220674531
0.007110361099824753
0.007017012197026808
0.006924510883408396
0.006832889132842627
0.006742175651666383
0.006652396009422171
0.006563572770014677
0.006475725622530285
0.006388871511278509
0.006303024764572742
0.006218197221684318
0.006134398357808196
0.006051635406550115
0.005969913479794297
0.005889235684641917
0.00580960323731352
0.005731015573786735
0.00565347045718184
0.005576964081730583
0.005501491173240457
0.005427045086184874
0.005353617897237361
0.005281200495372038
0.00520978266854704
0.005139353186965552
0.005069899883024533
0.005001409728002341
0.004933868905531309
0.004867262881987853
0.004801576473810419
0.004736793911975975
0.004672898903528959
0.004609874690443584
0.004547704105820324
0.004486369627534392
0.004425853429459134
0.004366137430285844
0.004307203340183636
0.004249032705200545
0.004191606949695154
0.004134907416720163
0.00407891540658155
0.004023612213562428
0.003968979160946819
0.003914997634418898
0.003861649113856828
0.003808915203728978
0.003756777661971604
0.003705218427603038
0.003654219647013197
0.003603763699020076
0.003553833218768746
0.00350441112054056
0.003455480619448832
0.003407025252133818
0.003359028896505433
0.003311475790500594
0.00326435054998688
0.003217638185753053
0.00317132411971897
0.003125394200271442
0.003079834716874681
0.003034632413880094
0.002989774503589059
0.002945248678620939
0.002901043123544803
0.002857146525796647
0.002813548085915895
0.002770237527095642
0.002727205104050469
0.002684441611191002
0.002641938390088107
0.002599687336351509
0.002557680905675598
0.002515912119304368
0.002474374568756384
0.002433062419814393
0.002391970415831737
0.002351093880271406
0.00231042871852818
0.002269971418949599
0.002229719053124985
0.002189669275360798
0.002149820321318182
0.002110171005892541
0.002070720720181398
0.002031469427614191
0.001992417659211388
0.00195356650794645
0.001914917622162724
0.001876473198054549
0.001838235971285147
0.00180020920747501
0.001762396691850317
0.001724802717834852
0.00168743207459727
0.001650290033643702
0.001613382334305108
0.001576715168223055
0.001540295162761143
0.001504129363388923
0.001468225214947561
0.001432590541911784
0.001397233527593733
0.00136216269223802
0.001327386870150823
0.001292915185734944
0.001258757028572517
0.001224922027480146
0.001191420023585524
0.001158261042536833
0.00112545526571642
0.001093013000669772
0.0010609446506852
0.001029260683586267
0.0009979715998795912
0.0009670879001671025
0.0009366200520315596
0.0009065784564058593
0.0008769734134904265
0.000847815088334617
0.0008191134762161572
0.000790878367770543
0.0007631193141662356
0.0007358455922821118
0.0007090661701145942
0.0006827896724524281
0.0006570243470004441
0.0006317780310902423
0.0006070581190493925
0.0005828715304974295
0.0005592246795813351
0.0005361234453821921
0.0005135731436474737
0.0004915784999340915
0.0004701436244340144
0.0004492719885121725
0.0004289664031916122
0.0004092289997326249
0.0003900612123832391
0.0003714637635454669
0.000353436651404392
0.0003359791401662676
0.0003190897530684163
0.0003027662681900144
0.0002870057172125681
0.0002718043871360043
0.0002571578251196105
0.0002430608463280322
0.0002295075449697636
0.000216491308380312
0.0002040048342337834
0.0001920401507312141
0.0001805886398170715
0.0001696410632074062
0.0001591875911584103
0.000149217833863196
0.0001397208752208232
0.0001306853088357961
0.0001220992760543045
0.0001139505056926
0.0001062263552959416
9.891385360851282e-05
9.19997439586262e-05
8.547052820577169e-05
7.931251103507147e-05
7.351184415230584e-05
6.805457012056871e-05
6.29266654832625e-05
5.811408284300107e-05
5.360279158195778e-05
4.937881689158441e-05
4.542827686984771e-05
4.173741728491345e-05
3.82926439447172e-05
3.50805522040603e-05
3.208795358586075e-05
2.930189924333855e-05
2.670970012576094e-05
2.429894376384811e-05
2.205750753768073e-05
1.997356839801621e-05
1.803560906554231e-05
1.623242061957389e-05
1.455310161804594e-05
1.298705379041293e-05
1.152397438637067e-05
1.015384537399063e-05
8.866919552541257e-06
7.653703902800229e-06
6.504940229663705e-06
5.411583425657797e-06
4.364777582385813e-06
3.3558301949189e-06
2.376184677783802e-06
1.41739162401671e-06
4.710789050692518e-07
0
