0.001242878355140357
0.001206033900408703
0.001169182431789539
0.001132324740531304
0.001095461595612437
0.001058593743124473
0.001021721905595641
0.0009848467813382254
0.0009479690437524005
0.0009110893406262375
0.000874208293432153
0.0008373264965618783
0.0008004445166102396
0.000763562891587442
0.0007266821301361375
0.0006898027107333766
0.0006529250808609418
0.000616049656177813
0.0005791768196329912
0.0005423069206236578
0.0005054402740554891
0.0004685771594522338
0.000431717819995945
0.0003948624615710159
0.0003580112517717599
0.0003211643188992325
0.0002843217509322925
0.0002474835944598769
0.0002106498536125436
0.0001738204889564087
0.0001369954163644495
0.0001001745058547804
6.335758041385386e-05
2.654441479282724e-05
-1.026526573921175e-05
-4.707178664864204e-05
-8.3875525432204e-05
-0.0001206769129392868
-0.0001574764347291495
-0.0001942746324342846
-0.0002310721051958173
-0.0002678695110866109
-0.0003046675685964788
-0.0003414670581433713
-0.0003782688236089337
-0.0004150737739116176
-0.0004518828846256927
-0.0004886971996203025
-0.000525517832740092
-0.0005623459695215877
-0.0005991828689478997
-0.0006360298652470016
-0.0006728883697093864
-0.0007097598725595883
-0.0007466459448759538
-0.0007835482405175104
-0.0008204684981308732
-0.0008574085431633921
-0.0008943702899468468
-0.0009313557437963217
-0.000968367003182944
-0.001005406261916087
-0.001042475811383554
-0.001079578042859316
-0.001116715449802505
-0.001153890630262233
-0.00119110628926976
-0.001228365241328009
-0.001265670412906131
-0.001303024845004923
-0.001340431695758708
-0.001377894243082625
-0.001415415887374528
-0.001453000154252326
-0.001490650697346898
-0.001528371301137955
-0.001566165883836394
-0.001604038500310515
-0.00164199334506556
-0.001680034755261385
-0.001718167213777336
-0.00175639535231643
-0.00179472395457249
-0.001833157959410806
-0.001871702464120455
-0.001910362727678988
-0.001949144174091359
-0.001988052395725437
-0.002027093156727312
-0.002066272396433708
-0.002105596232853591
-0.002145070966151045
-0.002184703082175925
-0.002224499256013539
-0.002264466355564904
-0.002304611445142066
-0.002344941789084686
-0.002385464855390882
-0.002426188319362408
-0.002467120067251144
-0.002508268199915161
-0.002549641036465588
-0.002591247117920494
-0.002633095210820488
-0.002675194310863848
-0.002717553646477491
-0.002760182682394523
-0.002803091123159573
-0.002846288916613936
-0.002889786257319273
-0.002933593589911835
-0.002977721612393482
-0.003022181279338138
-0.003066983805003692
-0.003112140666344381
-0.003157663605901047
-0.003203564634570834
-0.003249856034222365
-0.00329655036017339
-0.003343660443471542
-0.003391199393000317
-0.003439180597388041
-0.003487617726663547
-0.003536524733692325
-0.00358591585534241
-0.003635805613350086
-0.003686208814884316
-0.003737140552777029
-0.003788616205381299
-0.003840651436045484
-0.00389326219216858
-0.003946464703798005
-0.004000275481746997
-0.004054711315190765
-0.004109789268702747
-0.004165526678706477
-0.004221941149275917
-0.004279050547260859
-0.004336872996689182
-0.004395426872392833
-0.004454730792792115
-0.004514803611836505
-0.004575664409959237
-0.004637332484074897
-0.004699827336496821
-0.004763168662740092
-0.004827376338110359
-0.004892470403052388
-0.00495847104711851
-0.005025398591554158
-0.005093273470327955
-0.005162116209603027
-0.005231947405495325
-0.005302787700060088
-0.005374657755378775
-0.005447578225674267
-0.005521569727309251
-0.005596652806588261
-0.005672847905225323
-0.005750175323360395
-0.005828655180001868
-0.005908307370779124
-0.005989151522832181
-0.006071206946771208
-0.006154492585480519
-0.006239026959708269
-0.006324828110231951
-0.006411913536515336
-0.006500300131643818
-0.00659000411344789
-0.006681040951646094
-0.006773425290856542
-0.006867170869352675
-0.006962290433410801
-0.007058795647127145
-0.007156696997595282
-0.007256003695290273
-0.007356723569597939
-0.007458862959384839
-0.007562426598529558
-0.007667417496382156
-0.007773836813099075
-0.007881683729870165
-0.007990955314049936
-0.008101646379257449
-0.008213749340534303
-0.008327254064720093
-0.008442147716194733
-0.008558414598255749
-0.008676035990410585
-0.008794989981934629
-0.008915251302145325
-0.00903679114782747
-0.009159577008472761
-0.00928357248989505
-0.009408737137064513
-0.009535026256921156
-0.009662390742171555
-0.009790776897085744
-0.009920126266446531
-0.01005037546894918
-0.01018145603637884
-0.01031329426011357
-0.01044581104651601
-0.01057892178295508
-0.01071253621627452
-0.01084655834563928
-0.01098088633177931
-0.01111541242473931
-0.0112500229123211
-0.01138459809144115
-0.01151901226468394
-0.01165313376435385
-0.01178682500629081
-0.01191994257570878
-0.01205233734725452
-0.01218385464135025
-0.01231433441880452
-0.01244361151543959
-0.01257151591834677
-0.012697873085046
-0.0128225043066128
-0.01294522711540318
-0.01306585573774276
-0.01318420159140444
-0.01330007382732266
-0.01341327991447755
-0.01352362626632738
-0.01363091890668301
-0.01373496417228376
-0.01383556944881323
-0.01393254393649362
-0.01402569944084022
-0.01411485118362372
-0.01419981862853627
-0.01428042631564793
-0.01435650469825821
-0.01442789097542993
-0.01449442991322376
-0.01455597464740582
-0.01461238746036377
-0.01466354052489501
-0.01470931660770569
-0.01474960972559396
-0.01478432574765588
-0.01481338293725782
-0.01483671242803802
-0.01485425862883131
-0.01486597955311086
-0.01487184706931415
-0.01487184706931414
-0.01486597955311086
-0.01485425862883131
-0.01483671242803803
-0.01481338293725783
-0.01478432574765588
-0.01474960972559395
-0.01470931660770569
-0.01466354052489502
-0.01461238746036377
-0.01455597464740583
-0.01449442991322376
-0.01442789097542992
-0.01435650469825821
-0.01428042631564793
-0.01419981862853626
-0.01411485118362372
-0.01402569944084021
-0.01393254393649363
-0.01383556944881322
-0.01373496417228376
-0.013630918906683
-0.01352362626632737
-0.01341327991447755
-0.01330007382732266
-0.01318420159140444
-0.01306585573774276
-0.01294522711540318
-0.0128225043066128
-0.01269787308504601
-0.01257151591834676
-0.01244361151543959
-0.01231433441880452
-0.01218385464135025
-0.01205233734725451
-0.01191994257570877
-0.01178682500629079
-0.01165313376435385
-0.01151901226468393
-0.01138459809144114
-0.0112500229123211
-0.01111541242473931
-0.01098088633177931
-0.01084655834563928
-0.01071253621627452
-0.01057892178295508
-0.01044581104651601
-0.01031329426011356
-0.01018145603637884
-0.01005037546894917
-0.009920126266446529
-0.009790776897085737
-0.00966239074217155
-0.009535026256921155
-0.009408737137064509
-0.009283572489895054
-0.009159577008472754
-0.009036791147827461
-0.008915251302145322
-0.008794989981934618
-0.00867603599041058
-0.008558414598255739
-0.008442147716194724
-0.008327254064720086
-0.008213749340534295
-0.008101646379257447
-0.007990955314049928
-0.007881683729870156
-0.007773836813099061
-0.007667417496382152
-0.00756242659852956
-0.007458862959384834
-0.007356723569597925
-0.00725600369529026
-0.007156696997595273
-0.007058795647127134
-0.006962290433410785
-0.006867170869352659
-0.006773425290856521
-0.006681040951646081
-0.006590004113447884
-0.006500300131643807
-0.006411913536515322
-0.006324828110231932
-0.006239026959708249
-0.006154492585480512
-0.006071206946771198
-0.005989151522832167
-0.005908307370779112
-0.005828655180001844
-0.005750175323360389
-0.005672847905225315
-0.00559665280658825
-0.005521569727309237
-0.005447578225674252
-0.005374657755378761
-0.005302787700060077
-0.005231947405495308
-0.00516211620960301
-0.005093273470327936
-0.005025398591554141
-0.004958471047118502
-0.004892470403052372
-0.00482737633811034
-0.004763168662740076
-0.004699827336496801
-0.004637332484074877
-0.004575664409959218
-0.004514803611836487
-0.004454730792792091
-0.004395426872392825
-0.004336872996689168
-0.004279050547260843
-0.004221941149275897
-0.004165526678706458
-0.00410978926870273
-0.004054711315190749
-0.004000275481746969
-0.003946464703797979
-0.003893262192168561
-0.003840651436045465
-0.003788616205381283
-0.003737140552777012
-0.003686208814884294
-0.003635805613350064
-0.003585915855342393
-0.003536524733692305
-0.003487617726663536
-0.00343918059738801
-0.003391199393000293
-0.003343660443471515
-0.003296550360173365
-0.003249856034222345
-0.003203564634570808
-0.003157663605901028
-0.003112140666344375
-0.003066983805003665
-0.003022181279338121
-0.002977721612393464
-0.002933593589911816
-0.002889786257319253
-0.002846288916613901
-0.002803091123159541
-0.00276018268239451
-0.00271755364647747
-0.002675194310863821
-0.002633095210820463
-0.002591247117920472
-0.002549641036465578
-0.00250826819991514
-0.002467120067251118
-0.002426188319362384
-0.002385464855390859
-0.002344941789084664
-0.002304611445142036
-0.002264466355564868
-0.002224499256013515
-0.002184703082175911
-0.002145070966151018
-0.002105596232853572
-0.002066272396433678
-0.002027093156727292
-0.001988052395725407
-0.001949144174091337
-0.001910362727678976
-0.001871702464120425
-0.001833157959410791
-0.001794723954572472
-0.001756395352316411
-0.001718167213777316
-0.001680034755261368
-0.001641993345065538
-0.001604038500310496
-0.001566165883836368
-0.00152837130113793
-0.001490650697346865
-0.0014530001542523
-0.001415415887374507
-0.001377894243082597
-0.001340431695758683
-0.001303024845004899
-0.0012656704129061
-0.001228365241327981
-0.001191106289269727
-0.001153890630262209
-0.001116715449802475
-0.001079578042859292
-0.001042475811383523
-0.001005406261916066
-0.0009683670031829132
-0.0009313557437962957
-0.000894370289946825
-0.0008574085431633631
-0.0008204684981308421
-0.0007835482405174835
-0.0007466459448759293
-0.00070975987255957
-0.0006728883697093562
-0.0006360298652469732
-0.0005991828689478671
-0.0005623459695215654
-0.0005255178327400581
-0.0004886971996202766
-0.0004518828846256707
-0.0004150737739115799
-0.0003782688236089035
-0.0003414670581433498
-0.0003046675685964538
-0.0002678695110865915
-0.0002310721051957987
-0.0001942746324342674
-0.0001574764347291365
-0.000120676912939274
-8.387552543218958e-05
-4.70717866486325e-05
-1.026526573919906e-05
2.654441479284198e-05
6.335758041386389e-05
0.0001001745058547957
0.0001369954163644585
0.0001738204889564277
0.00021064985361256
0.0002474835944598884
0.0002843217509323105
0.0003211643188992427
0.000358011251771768
0.0003948624615710284
0.0004317178199959607
0.0004685771594522454
0.0005054402740555051
0.0005423069206236676
0.0005791768196330117
0.0006160496561778182
0.000652925080860953
0.0006898027107333823
0.0007266821301361415
0.0007635628915874529
0.0008004445166102438
0.0008373264965618847
0.0008742082934321651
0.0009110893406262483
0.0009479690437524137
0.0009848467813382339
0.001021721905595647
0.00105859374312448
0.001095461595612441
0.001132324740531316
0.001169182431789548
0.001206033900408719
0.00124287835514037
0.001279714983121829
0.00131654295045437
0.001353361402834476
0.001390169466115481
0.001426966246891819
0.001463750833057756
0.001500522294347973
0.001537279682884314
0.001574022033689343
0.001610748365203414
0.001647457679786128
0.00168414896420038
0.001720821190095849
0.001757473314482232
0.001794104280176866
0.001830713016260031
0.001867298438520558
0.001903859449865026
0.001940394940760602
0.001976903789632673
0.002013384863269163
0.002049837017215983
0.002086259096164032
0.002122649934323578
0.002159008355794271
0.002195333174922884
0.002231623196667369
0.002267877216930113
0.002304094022905231
0.002340272393410161
0.002376411099211569
0.002412508903333785
0.00244856456138927
0.002484576821863705
0.00252054442643159
0.002556466110242934
0.002592340602202172
0.002628166625271407
0.002663942896723831
0.002699668128420732
0.002735341027085304
0.002770960294550721
0.002806524628022492
0.002842032720321427
0.002877483260133416
0.002912874932246857
0.002948206417787155
0.002983476394453744
0.003018683536733749
0.00305382651613183
0.003088904001390593
0.003123914658701243
0.003158857151906449
0.003193730142717048
0.003228532290904796
0.003263262254504823
0.003297918690010837
0.003332500252560606
0.003367005596130665
0.003401433373712106
0.003435782237500123
0.003470050839057953
0.003504237829506734
0.003538341859684168
0.003572361580319938
0.003606295642197917
0.003640142696318423
0.003673901394054466
0.003707570387314
0.003741148328689262
0.003774633871616593
0.003808025670507322
0.003841322380911738
0.003874522659660008
0.003907625164985155
0.003940628556691453
0.003973531496267508
0.004006332647034882
0.004039030674265771
0.004071624245330276
0.004104112029813895
0.004136492699641144
0.004168764929209194
0.00420092739550335
0.004232978778211963
0.004264917759861327
0.004296743025912305
0.004328453264893114
0.004360047168497651
0.004391523431698007
0.004422880752864432
0.00445411783386369
0.004485233380171092
0.004516226100966019
0.004547094709245954
0.004577837921922347
0.004608454459913917
0.00463894304826074
0.004669302416208835
0.004699531297309592
0.004729628429515217
0.004759592555269178
0.004789422421602883
0.004819116780218312
0.004848674387579575
0.004878094005007542
0.004907374398763102
0.004936514340121958
0.004965512605471713
0.004994367976391949
0.005023079239735751
0.005051645187708833
0.005080064617944602
0.005108336333604301
0.005136459143419581
0.005164431861792664
0.005192253308880766
0.005219922310640951
0.005247437698930069
0.005274798311565521
0.005302002992392207
0.005329050591368873
0.005355939964620202
0.005382669974521904
0.005409239489753663
0.005435647385376658
0.005461892542902204
0.005487973850339418
0.005513890202286039
0.005539640499961899
0.005565223651303167
0.005590638570998973
0.005615884180568527
0.005640959408412179
0.005665863189874342
0.005690594467312656
0.005715152190132744
0.00573953531487012
0.00576374280522893
0.005787773632154548
0.005811626773865945
0.00583530121594787
0.005858795951356193
0.005882109980508879
0.005905242311324107
0.00592819195927381
0.005950957947438984
0.005973539306546049
0.005995935075040442
0.006018144299112457
0.006040166032764869
0.006061999337844215
0.006083643284101621
0.006105096949230597
0.006126359418925845
0.006147429786910068
0.006168307154989536
0.006188990633109404
0.006209479339370992
0.00622977240010395
0.006249868949885025
0.0062697681315987
0.00628946909646469
0.006308971004088115
0.006328273022495959
0.006347374328176577
0.006366274106123674
0.006384971549868714
0.006403465861526141
0.00642175625181884
0.006439841940133944
0.006457722154543573
0.006475396131851186
0.00649286311761758
0.006510122366202491
0.006527173140803001
0.006544014713478105
0.006560646365188058
0.006577067385828412
0.006593277074257888
0.006609274738335268
0.006625059694947135
0.006640631270043601
0.006655988798666954
0.00667113162497634
0.006686059102284394
0.006700770593089842
0.006715265469091407
0.006729543111235615
0.006743602909725688
0.006757444264054994
0.006771066583048853
0.00678446928487247
0.006797651797052983
0.006810613556532321
0.006823354009661091
0.006835872612239338
0.006848168829537754
0.006860242136328765
0.00687209201688215
0.006883717965034225
0.006895119484162663
0.006906296087236531
0.006917247296829088
0.006927972645140445
0.006938471674015324
0.00694874393496335
0.006958788989185285
0.006968606407580123
0.006978195770771984
0.006987556669131189
0.006996688702779745
0.00700559148162169
0.00701426462535077
0.007022707763472334
0.007030920535318551
0.007038902590057418
0.007046653586718048
0.00705417319419684
0.007061461091281545
0.0070685169666471
0.007075340518892788
0.007081931456533552
0.007088289498024206
0.007094414371772956
0.007100305816144183
0.00710596357947532
0.007111387420082555
0.007116577106287604
0.007121532416401867
0.007126253138751005
0.007130739071689445
0.007134990023593591
0.007139005812881396
0.007142786268019567
0.007146331227515221
0.007149640539949643
0.007152714063964414
0.007155551668273481
0.007158153231664169
0.007160518643012922
0.00716264780127933
0.007164540615519532
0.007166197004879374
0.00716761689860594
0.00716880023605517
0.007169746966673064
0.007170457050023252
0.007170930455773911
0.007171167163704119
0.007171167163704115
0.00717093045577391
0.007170457050023251
0.007169746966673065
0.007168800236055166
0.007167616898605937
0.007166197004879373
0.007164540615519531
0.007162647801279325
0.00716051864301292
0.007158153231664163
0.007155551668273478
0.00715271406396441
0.007149640539949642
0.007146331227515216
0.00714278626801956
0.007139005812881393
0.007134990023593588
0.007130739071689442
0.007126253138750999
0.007121532416401857
0.007116577106287602
0.007111387420082545
0.00710596357947531
0.007100305816144175
0.007094414371772951
0.007088289498024198
0.007081931456533545
0.007075340518892781
0.007068516966647095
0.007061461091281539
0.007054173194196839
0.00704665358671804
0.007038902590057408
0.007030920535318545
0.007022707763472323
0.007014264625350764
0.007005591481621682
0.006996688702779735
0.006987556669131182
0.006978195770771974
0.006968606407580108
0.006958788989185272
0.00694874393496334
0.00693847167401532
0.006927972645140439
0.006917247296829078
0.00690629608723652
0.006895119484162653
0.006883717965034217
0.006872092016882138
0.006860242136328755
0.006848168829537741
0.006835872612239323
0.006823354009661079
0.006810613556532312
0.006797651797052964
0.006784469284872455
0.006771066583048843
0.006757444264054981
0.006743602909725668
0.006729543111235597
0.006715265469091396
0.006700770593089827
0.006686059102284378
0.006671131624976335
0.006655988798666937
0.006640631270043584
0.006625059694947121
0.006609274738335255
0.006593277074257881
0.006577067385828398
0.006560646365188039
0.006544014713478086
0.006527173140802985
0.006510122366202476
0.006492863117617558
0.006475396131851177
0.006457722154543551
0.006439841940133931
0.006421756251818825
0.006403465861526129
0.006384971549868697
0.006366274106123653
0.006347374328176557
0.006328273022495947
0.006308971004088103
0.006289469096464674
0.006269768131598684
0.006249868949885001
0.006229772400103931
0.006209479339370974
0.006188990633109384
0.00616830715498951
0.00614742978691005
0.006126359418925826
0.006105096949230576
0.006083643284101611
0.006061999337844197
0.006040166032764845
0.006018144299112439
0.005995935075040424
0.005973539306546032
0.00595095794743896
0.005928191959273794
0.005905242311324087
0.005882109980508856
0.005858795951356175
0.005835301215947851
0.005811626773865922
0.005787773632154534
0.005763742805228912
0.005739535314870105
0.005715152190132721
0.005690594467312637
0.005665863189874328
0.005640959408412159
0.005615884180568503
0.00559063857099895
0.005565223651303143
0.005539640499961872
0.005513890202286023
0.005487973850339395
0.005461892542902183
0.005435647385376638
0.005409239489753635
0.005382669974521883
0.005355939964620183
0.00532905059136885
0.005302002992392175
0.005274798311565504
0.005247437698930046
0.005219922310640931
0.005192253308880746
0.00516443186179264
0.005136459143419573
0.005108336333604288
0.005080064617944589
0.00505164518770881
0.00502307923973574
0.00499436797639193
0.004965512605471688
0.004936514340121939
0.004907374398763082
0.004878094005007522
0.004848674387579553
0.004819116780218286
0.00478942242160286
0.004759592555269157
0.004729628429515195
0.004699531297309567
0.004669302416208808
0.00463894304826072
0.0046084544599139
0.004577837921922324
0.004547094709245931
0.004516226100965996
0.004485233380171072
0.004454117833863665
0.004422880752864409
0.004391523431697982
0.004360047168497631
0.004328453264893098
0.004296743025912281
0.004264917759861311
0.004232978778211934
0.004200927395503332
0.004168764929209172
0.004136492699641124
0.004104112029813874
0.004071624245330263
0.004039030674265746
0.004006332647034866
0.00397353149626749
0.003940628556691434
0.00390762516498513
0.003874522659659992
0.003841322380911717
0.003808025670507302
0.00377463387161657
0.003741148328689243
0.003707570387313975
0.003673901394054442
0.003640142696318396
0.003606295642197893
0.003572361580319914
0.003538341859684147
0.003504237829506715
0.003470050839057924
0.003435782237500094
0.003401433373712084
0.003367005596130646
0.003332500252560585
0.003297918690010812
0.0032632622545048
0.00322853229090477
0.003193730142717021
0.003158857151906423
0.003123914658701214
0.00308890400139057
0.003053826516131813
0.003018683536733718
0.002983476394453724
0.002948206417787135
0.002912874932246837
0.002877483260133392
0.002842032720321411
0.002806524628022479
0.002770960294550706
0.002735341027085289
0.002699668128420717
0.002663942896723814
0.002628166625271397
0.002592340602202155
0.002556466110242922
0.002520544426431577
0.002484576821863695
0.002448564561389256
0.002412508903333771
0.002376411099211555
0.002340272393410151
0.002304094022905211
0.002267877216930098
0.002231623196667362
0.002195333174922869
0.002159008355794257
0.002122649934323561
0.002086259096164024
0.002049837017215973
0.002013384863269147
0.001976903789632658
0.001940394940760588
0.001903859449865015
0.001867298438520555
0.001830713016260027
0.001794104280176858
0.001757473314482221
0.001720821190095839
0.001684148964200377
0.001647457679786113
0.001610748365203407
0.001574022033689331
0.001537279682884304
0.001500522294347962
0.001463750833057746
0.001426966246891813
0.001390169466115469
0.001353361402834468
0.00131654295045436
0.001279714983121822
0
