-1.323986581012196e-05
-3.971923121086763e-05
-6.619749845043097e-05
-9.267393712588358e-05
-0.0001191478193448822
-0.0001456184207736965
-0.0001720850216455839
-0.0001985469077837029
-0.0002250033716030363
-0.0002514537131783356
-0.0002778972412487915
-0.0003043332742545584
-0.0003307611413968162
-0.0003571801836803102
-0.0003835897549603236
-0.000409989223035827
-0.0004363779707078419
-0.0004627553968396946
-0.0004891209174974469
-0.0005154739670321126
-0.0005418139991641047
-0.0005681404881776738
-0.0005944529300008328
-0.0006207508433898524
-0.000647033771070315
-0.0006733012809524929
-0.0006995529673020567
-0.000725788451967652
-0.0007520073855894578
-0.0007782094488595738
-0.000804394353798796
-0.0008305618450214452
-0.0008567117010397574
-0.0008828437355815843
-0.000908957798950663
-0.0009350537793904058
-0.0009611316044422472
-0.0009871912423968189
-0.001013232703700531
-0.001039256042407879
-0.001065261357699753
-0.001091248795355099
-0.00111721854931595
-0.001143170863230973
-0.001169106032054871
-0.001195024403667668
-0.001220926380524452
-0.001246812421345445
-0.001272683042803576
-0.001298538821305623
-0.001324380394720167
-0.001350208464237669
-0.001376023796173583
-0.001401827223864828
-0.001427619649578021
-0.001453402046468742
-0.001479175460551564
-0.001504941012746524
-0.001530699900910085
-0.001556453401965656
-0.001582202874034815
-0.001607949758601014
-0.001633695582763999
-0.001659441961470673
-0.001685190599842076
-0.001710943295509163
-0.001736701940992818
-0.001762468526168701
-0.001788245140708968
-0.001814033976623663
-0.00183983733081998
-0.001865657607707926
-0.001891497321882913
-0.001917359100766254
-0.001943245687432925
-0.001969159943324291
-0.001995104851140135
-0.002021083517692734
-0.002047099176850031
-0.002073155192486665
-0.002099255061534786
-0.002125402417008342
-0.002151601031140357
-0.002177854818519373
-0.002204167839264144
-0.00223054430228726
-0.002256988568556408
-0.002283505154391077
-0.002310098734838664
-0.002336774147051017
-0.002363536393701192
-0.002390390646449089
-0.002417342249433377
-0.00244439672277698
-0.002471559766129227
-0.002498837262264555
-0.002526235280611894
-0.002553760080908784
-0.002581418116839693
-0.00260921603958997
-0.002637160701568031
-0.002665259159992949
-0.002693518680570512
-0.00272194674107938
-0.002750551035037238
-0.002779339475266946
-0.002808320197493185
-0.002837501563869337
-0.002866892166477813
-0.002896500830799082
-0.002926336619117847
-0.002956408833829434
-0.002986727020736846
-0.003017300972215371
-0.003048140730294316
-0.003079256589619957
-0.003110659100362971
-0.00314235907089899
-0.003174367570418616
-0.003206695931346701
-0.003239355751576093
-0.003272358896538238
-0.003305717501056149
-0.003339443970964988
-0.003373550984452727
-0.003408051493188777
-0.003442958723161406
-0.003478286175112175
-0.003514047624776708
-0.003550257122600228
-0.003586928993207152
-0.003624077834349105
-0.003661718515468915
-0.003699866175713296
-0.003738536221498077
-0.003777744323471586
-0.003817506412904702
-0.003857838677459149
-0.003898757556253907
-0.003940279734269211
-0.003982422135907896
-0.004025201917860734
-0.004068636460970387
-0.00411274336130593
-0.004157540420196719
-0.004203045633278946
-0.004249277178406868
-0.004296253402452523
-0.004343992806863359
-0.004392514031963562
-0.004441835839835786
-0.004491977095819927
-0.004542956748466751
-0.004594793807916218
-0.004647507322578828
-0.004701116354032154
-0.004755639950093353
-0.004811097115918388
-0.004867506783037916
-0.004924887776262028
-0.004983258778326072
-0.005042638292172521
-0.005103044600753565
-0.005164495724309383
-0.00522700937488653
-0.005290602908127308
-0.005355293272080344
-0.005421096953074783
-0.005488029918343226
-0.005556107555473932
-0.005625344608486569
-0.005695755110416843
-0.005767352312313972
-0.005840148608607192
-0.005914155458660402
-0.005989383304495248
-0.006065841484542565
-0.006143538143442395
-0.006222480137734134
-0.006302672937520945
-0.006384120523909645
-0.006466825282430607
-0.006550787892301426
-0.006636007211661039
-0.006722480158754726
-0.006810201589322842
-0.00689916417018635
-0.00698935824928771
-0.00708077172237343
-0.007173389896599777
-0.007267195351378109
-0.007362167796860281
-0.007458283930395998
-0.007555517291574986
-0.007653838116377177
-0.007753213191014045
-0.007853605706259174
-0.007954975113001153
-0.008057276979882799
-0.008160462854029818
-0.008264480125916114
-0.008369271899443306
-0.008474776868513471
-0.008580929201414605
-0.008687658434364989
-0.008794889375806355
-0.008902542022849669
-0.009010531491730414
-0.009118767963768098
-0.009227156648728169
-0.009335597767332868
-0.00944398655475125
-0.009552213286937929
-0.009660163331604705
-0.009767717225670708
-0.00987475078088405
-0.009981135219317594
-0.01008673734028745
-0.01019141972003631
-0.01029504094551473
-0.01039745588318271
-0.01049851598370191
-0.01059806962293917
-0.01069596247956615
-0.01079203794901841
-0.01088613759335207
-0.01097810162607019
-0.01106776943053938
-0.01115498011025604
-0.01123957306867641
-0.01132138861589475
-0.01140026859907177
-0.01147605705283514
-0.01154860086579035
-0.01161775045840046
-0.01168336046759566
-0.01174529043281415
-0.01180340547794462
-0.01185757698353225
-0.01190768324338761
-0.01195361009955963
-0.01199525154982591
-0.01203251032183329
-0.01206529840806943
-0.01209353755646784
-0.01211715971135589
-0.01213610740016008
-0.01215033406181998
-0.01215980431320002
-0.01216449415066182
-0.01216439108454199
-0.01215949420505434
-0.01214981417881616
-0.01213537317613508
-0.01211620472975909
-0.01209235352669528
-0.0120638751354439
-0.01203083567152143
-0.01199331140498677
-0.01195138831418135
-0.01190516159029347
-0.01185473509796342
-0.01180022079740778
-0.01174173813373457
-0.01167941339937608
-0.01161337907565834
-0.01154377315936665
-0.01147073848036194
-0.01139442201583451
-0.01131497420668307
-0.01123254828140004
-0.01114729959202366
-0.01105938496698752
-0.01096896208457136
-0.01087618887077862
-0.0107812229247443
-0.01068422097422944
-0.01058533836355971
-0.01048472857560633
-0.01038254278920982
-0.01027892947280665
-0.01017403401478974
-0.01006799839065602
-0.009960960866624647
-0.009853055739283535
-0.009744413110227055
-0.009635158694804071
-0.009525413663457783
-0.009415294514353981
-0.009304912975617924
-0.00919437593545889
-0.009083785398402062
-0.008973238465761015
-0.008862827338509054
-0.008752639340627812
-0.008642756961107553
-0.008533257912762849
-0.008424215206055748
-0.008315697236230242
-0.008207767882121415
-0.008100486615026131
-0.007993908616204462
-0.007888084901521366
-0.00778306245210062
-0.007678884349536166
-0.007575589914788581
-0.007473214849555682
-0.007371791379332084
-0.007271348397157484
-0.007171911607469566
-0.007073503669254726
-0.006976144337937982
-0.006879850605546331
-0.006784636838528343
-0.006690514913079771
-0.006597494347392013
-0.006505582430731102
-0.00641478434901798
-0.006325103306783955
-0.006236540645298402
-0.006149095956853445
-0.006062767195067769
-0.005977550781182426
-0.00589344170637419
-0.005810433630059056
-0.005728518974211136
-0.005647689013812949
-0.005567933963421414
-0.005489243059977706
-0.005411604641931934
-0.005335006224791154
-0.005259434573169706
-0.005184875769510548
-0.005111315279512122
-0.005038738014444885
-0.004967128390465557
-0.004896470384996032
-0.004826747590373413
-0.00475794326484699
-0.004690040380971741
-0.004623021671716134
-0.004556869674114511
-0.004491566770881429
-0.004427095229795927
-0.004363437241261771
-0.004300574953848285
-0.004238490508181393
-0.004177166069049516
-0.004116583856002453
-0.004056726172378122
-0.003997575432927165
-0.003939114190143535
-0.00388132515920833
-0.003824191241843607
-0.003767695548941336
-0.003711821422186695
-0.003656552454583498
-0.003601872510077254
-0.003547765742208029
-0.003494216611924199
-0.003441209904533273
-0.003388730745883728
-0.003336764617774237
-0.003285297372599264
-0.00323431524735254
-0.003183804876889408
-0.003133753306581048
-0.003084148004284363
-0.003034976871715632
-0.002986228255183709
-0.002937890955748389
-0.002889954238749727
-0.00284240784276061
-0.002795241987959028
-0.002748447383847379
-0.00270201523648086
-0.002655937254989453
-0.002610205657545383
-0.002564813176743352
-0.002519753064282528
-0.002475019095078583
-0.002430605570683221
-0.002386507322075583
-0.00234271971175129
-0.002299238635113007
-0.002256060521170701
-0.002213182332491722
-0.002170601564406164
-0.002128316243451781
-0.002086324925000675
-0.002044626690124095
-0.002003221141580485
-0.001962108398983079
-0.001921289093076525
-0.001880764359145387
-0.001840535829507186
-0.001800605625049511
-0.001760976345874087
-0.001721651060938645
-0.001682633296728927
-0.001643927024947933
-0.001605536649199539
-0.001567466990649614
-0.00152972327267796
-0.001492311104483211
-0.00145523646366603
-0.001418505677764251
-0.001382125404789491
-0.001346102612670281
-0.001310444557741022
-0.001275158762174195
-0.00124025299045345
-0.001205735224837121
-0.001171613639888479
-0.001137896576088475
-0.001104592512563193
-0.001071710038912182
-0.001039257826310101
-0.001007244597780605
-0.0009756790978022196
-0.0009445700612541975
-0.000913926181822314
-0.0008837560798297161
-0.0008540682697401559
-0.0008248711272526897
-0.0007961728561885796
-0.0007679814552360668
-0.0007403046846189334
-0.0007131500329157952
-0.0006865246839926498
-0.0006604354843096844
-0.0006348889106607665
-0.000609891038498676
-0.000585447510982752
-0.0005615635089327273
-0.0005382437217431083
-0.000515492319540223
-0.0004933129266142958
-0.0004717085963902037
-0.0004506817879845024
-0.0004302343445988913
-0.0004103674738607089
-0.0003910817302115342
-0.0003723769996338776
-0.0003542524866615836
-0.0003367067039826027
-0.0003197374645787557
-0.0003033418767232361
-0.000287516341704052
-0.0002722565545247775
-0.0002575575075602875
-0.0002434134972660366
-0.0002298181338795439
-0.0002167643542558921
-0.000204244437699031
-0.0001922500247588759
-0.0001807721390478557
-0.0001698012118587222
-0.000159327109473239
-0.0001493391631403722
-0.0001398262014183243
-0.0001307765847734202
-0.0001221782421998565
-0.0001140187096144791
-0.0001062851697914097
-9.896449353125839e-05
-9.204328180234609e-05
-8.550790849733321e-05
-7.934456357517033e-05
-7.353929617474951e-05
-6.807805740552484e-05
-6.294674247331756e-05
-5.813123187222661e-05
-5.361743120065477e-05
-4.939130941027233e-05
-4.543893512300732e-05
-4.174651073398684e-05
-3.830040410475032e-05
-3.508717748895891e-05
-3.209361362715817e-05
-2.93067386957762e-05
-2.671384205220773e-05
-2.430249258068405e-05
-2.206055162928301e-05
-1.997618238296257e-05
-1.803785577592954e-05
-1.623435282463795e-05
-1.455476350871801e-05
-1.298848226422358e-05
-1.152520015385537e-05
-1.015489388606159e-05
-8.86781181605022e-06
-7.654457150574503e-06
-6.505568486661786e-06
-5.412097987310747e-06
-4.365187410955772e-06
-3.356142208942466e-06
-2.376404029467978e-06
-1.417521848091296e-06
-4.711220858537267e-07
4.711220858743357e-07
1.41752184810258e-06
2.376404029485551e-06
3.356142208969905e-06
4.365187410969766e-06
5.412097987343336e-06
6.505568486690743e-06
7.654457150599233e-06
8.867811816083189e-06
1.015489388609412e-05
1.15252001538673e-05
1.298848226426414e-05
1.455476350874143e-05
1.623435282466267e-05
1.803785577593866e-05
1.997618238299424e-05
2.2060551629306e-05
2.430249258070835e-05
2.671384205223419e-05
2.930673869578358e-05
3.20936136271779e-05
3.508717748897301e-05
3.830040410477656e-05
4.174651073400701e-05
4.543893512302867e-05
4.939130941029228e-05
5.36174312006719e-05
5.813123187223885e-05
6.294674247333602e-05
6.807805740555092e-05
7.35392961747584e-05
7.934456357521033e-05
8.550790849735294e-05
9.204328180236572e-05
9.896449353128376e-05
0.0001062851697914348
0.0001140187096144957
0.000122178242199861
0.0001307765847734458
0.0001398262014183538
0.0001493391631403949
0.0001593271094732602
0.0001698012118587474
0.0001807721390478878
0.0001922500247589034
0.0002042444376990772
0.000216764354255924
0.0002298181338795786
0.0002434134972660647
0.000257557507560307
0.0002722565545248109
0.0002875163417040759
0.0003033418767232694
0.0003197374645787796
0.0003367067039826387
0.0003542524866616123
0.0003723769996338954
0.0003910817302115724
0.0004103674738607198
0.0004302343445989161
0.0004506817879845314
0.0004717085963902154
0.0004933129266143253
0.0005154923195402695
0.0005382437217431348
0.0005615635089327529
0.0005854475109827685
0.0006098910384986847
0.0006348889106608012
0.0006604354843097035
0.0006865246839926811
0.0007131500329158238
0.0007403046846189438
0.0007679814552360772
0.0007961728561885822
0.0008248711272527019
0.0008540682697401672
0.0008837560798297221
0.0009139261818223278
0.0009445700612542062
0.0009756790978022274
0.001007244597780623
0.001039257826310112
0.001071710038912206
0.001104592512563217
0.001137896576088481
0.001171613639888479
0.001205735224837142
0.001240252990453461
0.001275158762174195
0.00131044455774104
0.001346102612670303
0.001382125404789485
0.001418505677764262
0.001455236463666043
0.001492311104483232
0.001529723272677972
0.001567466990649627
0.001605536649199552
0.001643927024947947
0.001682633296728939
0.001721651060938648
0.001760976345874094
0.001800605625049512
0.001840535829507195
0.001880764359145399
0.001921289093076535
0.00196210839898308
0.00200322114158049
0.002044626690124098
0.002086324925000695
0.002128316243451779
0.00217060156440616
0.002213182332491711
0.002256060521170708
0.002299238635113034
0.002342719711751293
0.00238650732207558
0.002430605570683226
0.002475019095078587
0.002519753064282532
0.002564813176743356
0.002610205657545395
0.002655937254989465
0.00270201523648087
0.002748447383847379
0.002795241987959038
0.002842407842760606
0.002889954238749729
0.002937890955748401
0.002986228255183725
0.003034976871715637
0.003084148004284374
0.003133753306581048
0.003183804876889415
0.003234315247352549
0.003285297372599278
0.00333676461777425
0.003388730745883732
0.003441209904533288
0.00349421661192421
0.003547765742208035
0.003601872510077264
0.003656552454583496
0.003711821422186702
0.003767695548941334
0.003824191241843624
0.003881325159208335
0.003939114190143547
0.003997575432927168
0.004056726172378137
0.00411658385600246
0.004177166069049517
0.004238490508181388
0.004300574953848296
0.004363437241261767
0.004427095229795942
0.004491566770881424
0.00455686967411451
0.004623021671716148
0.004690040380971756
0.004757943264846999
0.004826747590373403
0.00489647038499603
0.004967128390465557
0.00503873801444488
0.005111315279512136
0.005184875769510553
0.00525943457316972
0.005335006224791159
0.005411604641931929
0.005489243059977722
0.005567933963421421
0.005647689013812957
0.005728518974211144
0.005810433630059051
0.005893441706374192
0.005977550781182422
0.006062767195067768
0.00614909595685345
0.006236540645298405
0.006325103306783959
0.006414784349017976
0.006505582430731116
0.006597494347392017
0.006690514913079765
0.006784636838528348
0.00687985060554633
0.006976144337937981
0.007073503669254721
0.007171911607469568
0.00727134839715749
0.007371791379332096
0.007473214849555688
0.007575589914788582
0.00767888434953617
0.007783062452100625
0.007888084901521375
0.007993908616204458
0.008100486615026136
0.008207767882121415
0.008315697236230241
0.008424215206055741
0.00853325791276285
0.008642756961107551
0.008752639340627809
0.008862827338509058
0.00897323846576102
0.009083785398402062
0.009194375935458889
0.009304912975617925
0.009415294514353979
0.009525413663457782
0.009635158694804063
0.009744413110227043
0.009853055739283531
0.009960960866624628
0.01006799839065601
0.01017403401478974
0.01027892947280664
0.01038254278920981
0.01048472857560634
0.0105853383635597
0.01068422097422945
0.01078122292474428
0.0108761888707786
0.01096896208457136
0.0110593849669875
0.01114729959202365
0.01123254828140003
0.01131497420668308
0.01139442201583452
0.01147073848036193
0.01154377315936664
0.01161337907565834
0.01167941339937608
0.01174173813373457
0.01180022079740778
0.0118547350979634
0.01190516159029346
0.01195138831418134
0.01199331140498675
0.01203083567152142
0.01206387513544389
0.01209235352669527
0.01211620472975908
0.01213537317613507
0.01214981417881615
0.01215949420505433
0.01216439108454197
0.01216449415066181
0.01215980431320001
0.01215033406181998
0.01213610740016008
0.01211715971135588
0.01209353755646783
0.01206529840806942
0.01203251032183329
0.0119952515498259
0.01195361009955961
0.0119076832433876
0.01185757698353224
0.01180340547794462
0.01174529043281414
0.01168336046759565
0.01161775045840045
0.01154860086579035
0.01147605705283512
0.01140026859907176
0.01132138861589474
0.01123957306867639
0.01115498011025602
0.01106776943053937
0.01097810162607018
0.01088613759335206
0.0107920379490184
0.01069596247956614
0.01059806962293915
0.01049851598370189
0.01039745588318271
0.01029504094551471
0.01019141972003629
0.01008673734028743
0.009981135219317582
0.00987475078088404
0.009767717225670706
0.009660163331604694
0.009552213286937915
0.009443986554751246
0.009335597767332848
0.009227156648728158
0.009118767963768088
0.009010531491730405
0.008902542022849652
0.008794889375806346
0.008687658434364982
0.008580929201414589
0.008474776868513464
0.008369271899443302
0.008264480125916112
0.008160462854029792
0.00805727697988279
0.007954975113001144
0.007853605706259169
0.007753213191014031
0.007653838116377166
0.007555517291574972
0.007458283930395993
0.007362167796860261
0.007267195351378099
0.007173389896599768
0.007080771722373424
0.006989358249287695
0.006899164170186338
0.006810201589322842
0.006722480158754704
0.006636007211661023
0.006550787892301411
0.006466825282430595
0.006384120523909631
0.006302672937520936
0.006222480137734133
0.00614353814344238
0.006065841484542566
0.005989383304495243
0.005914155458660397
0.005840148608607178
0.005767352312313954
0.005695755110416824
0.005625344608486551
0.005556107555473924
0.005488029918343218
0.005421096953074772
0.005355293272080333
0.0052906029081273
0.005227009374886519
0.00516449572430937
0.005103044600753549
0.005042638292172504
0.004983258778326049
0.004924887776262008
0.0048675067830379
0.004811097115918378
0.004755639950093343
0.004701116354032128
0.004647507322578816
0.004594793807916212
0.004542956748466734
0.004491977095819923
0.004441835839835763
0.004392514031963553
0.004343992806863348
0.004296253402452505
0.004249277178406847
0.004203045633278938
0.004157540420196705
0.004112743361305909
0.004068636460970363
0.004025201917860714
0.003982422135907889
0.003940279734269187
0.003898757556253891
0.003857838677459132
0.003817506412904687
0.003777744323471569
0.003738536221498054
0.003699866175713282
0.003661718515468904
0.003624077834349081
0.003586928993207139
0.003550257122600204
0.003514047624776709
0.003478286175112156
0.003442958723161403
0.003408051493188765
0.003373550984452722
0.003339443970964988
0.003305717501056145
0.00327235889653821
0.003239355751576078
0.003206695931346683
0.003174367570418605
0.003142359070898969
0.003110659100362958
0.003079256589619938
0.003048140730294307
0.003017300972215355
0.002986727020736839
0.002956408833829422
0.002926336619117851
0.002896500830799071
0.002866892166477794
0.002837501563869323
0.002808320197493181
0.002779339475266924
0.002750551035037234
0.002721946741079376
0.002693518680570487
0.002665259159992927
0.002637160701568013
0.00260921603958995
0.002581418116839672
0.002553760080908758
0.002526235280611883
0.002498837262264531
0.002471559766129204
0.002444396722776954
0.002417342249433355
0.002390390646449063
0.002363536393701166
0.002336774147051013
0.002310098734838655
0.002283505154391065
0.002256988568556399
0.002230544302287245
0.002204167839264121
0.002177854818519352
0.002151601031140349
0.002125402417008344
0.002099255061534766
0.002073155192486648
0.002047099176850004
0.00202108351769272
0.001995104851140134
0.001969159943324282
0.001943245687432889
0.001917359100766249
0.001891497321882893
0.001865657607707891
0.001839837330819956
0.001814033976623648
0.001788245140708954
0.001762468526168674
0.001736701940992792
0.001710943295509136
0.001685190599842042
0.001659441961470667
0.001633695582763972
0.001607949758600997
0.001582202874034786
0.001556453401965621
0.001530699900910061
0.001504941012746496
0.001479175460551527
0.001453402046468715
0.001427619649577997
0.001401827223864804
0.00137602379617356
0.001350208464237651
0.001324380394720144
0.001298538821305597
0.001272683042803551
0.001246812421345424
0.001220926380524425
0.001195024403667653
0.00116910603205484
0.001143170863230944
0.001117218549315929
0.001091248795355079
0.001065261357699725
0.001039256042407863
0.00101323270370051
0.0009871912423967842
0.0009611316044422333
0.0009350537793903875
0.0009089577989506472
0.0008828437355815746
0.000856711701039732
0.0008305618450214339
0.0008043943537987765
0.0007782094488595617
0.0007520073855894398
0.0007257884519676355
0.000699552967302031
0.0006733012809524745
0.0006470337710702981
0.0006207508433898346
0.0005944529300008106
0.0005681404881776625
0.000541813999164088
0.0005154739670320989
0.0004891209174974305
0.0004627553968396819
0.0004363779707078186
0.0004099892230358151
0.0003835897549603123
0.0003571801836802925
0.0003307611413967915
0.0003043332742545375
0.00027789724124878
0.0002514537131783212
0.0002250033716030286
0.0001985469077836889
0.0001720850216455646
0.0001456184207736882
0.0001191478193448658
9.26739371258534e-05
6.619749845042155e-05
3.971923121084931e-05
1.323986581011109e-05
0
