-0.05448906840412419
-0.05606330266783736
-0.05721032153888012
-0.05794660992751015
-0.05831537163870651
-0.05837510905379421
-0.05818878631565262
-0.05781594847135955
-0.05730831467085142
-0.05670819503683393
-0.05604871445158831
-0.05535494981416068
-0.05464537508143734
-0.0539332750638306
-0.05322797500282227
-0.0525358416929884
-0.0518610661222051
-0.05120625939399145
-0.0505728985943585
-0.04996165635224797
-0.04937264236388705
-0.04880557922680103
-0.04825992980732641
-0.04773498893752123
-0.04722994912223764
-0.04674394725541588
-0.04627609752564654
-0.04582551430986255
-0.04539132780392285
-0.04497269439250672
-0.04456880326356746
-0.0441788802874996
-0.04380219000250707
-0.04343803622537996
-0.04308576172623462
-0.04274474727882139
-0.04241441028157994
-0.042094203124514
-0.04178361140882767
-0.04148215210698692
-0.04118937170831564
-0.04090484439934512
-0.04062817030081521
-0.04035897377799851
-0.04009690183787242
-0.03984162261287624
-0.03959282393761651
-0.03935021201595938
-0.03911351017652458
-0.03888245771323819
-0.0386568088068327
-0.03843633152299264
-0.03822080688206986
-0.03801002799674662
-0.03780379927172259
-0.03760193566209838
-0.03740426198570379
-0.03721061228560697
-0.03702082923889099
-0.03683476360831163
-0.03665227373347116
-0.03647322505854199
-0.03629748969365304
-0.0361249460066219
-0.03595547824815544
-0.03578897619134368
-0.03562533481216075
-0.03546445397993601
-0.03530623817373537
-0.03515059621719749
-0.03499744103117831
-0.03484668940280574
-0.03469826176986945
-0.03455208201920941
-0.03440807729824674
-0.03426617783858588
-0.0341263167908462
-0.03398843006994162
-0.03385245620989586
-0.03371833622791074
-0.03358601349650608
-0.03345543362354925
-0.03332654433950816
-0.03319929539140024
-0.03307363844304417
-0.03294952698106991
-0.03282691622650696
-0.03270576305137676
-0.0325860259000285
-0.03246766471493409
-0.03235064086664882
-0.03223491708758797
-0.0321204574095183
-0.03200722710442606
-0.03189519262855071
-0.03178432156940196
-0.03167458259564326
-0.03156594540946243
-0.03145838070165248
-0.03135186010879767
-0.03124635617271745
-0.0311418423020175
-0.03103829273542741
-0.03093568250716927
-0.0308339874138517
-0.03073318398308195
-0.0306332494435489
-0.03053416169653583
-0.03043589928889997
-0.03033844138715758
-0.03024176775293063
-0.0301458587194181
-0.03005069516902403
-0.02995625851200013
-0.02986253066602408
-0.02976949403667684
-0.029677131498853
-0.02958542637894127
-0.02949436243779718
-0.02940392385444627
-0.02931409521045972
-0.02922486147509586
-0.02913620799094049
-0.02904812046021666
-0.0289605849316452
-0.02887358778787882
-0.02878711573338599
-0.0287011557828608
-0.02861569525008918
-0.02853072173727027
-0.02844622312475494
-0.02836218756111578
-0.02827860345371061
-0.02819545945954499
-0.02811274447556198
-0.02803044763491969
-0.02794855828894604
-0.02786706600971051
-0.02778596057695253
-0.0277052319719769
-0.02762487037063018
-0.02754486613649963
-0.02746520981437061
-0.02738589212392027
-0.02730690395360275
-0.02722823635475914
-0.02714988053587863
-0.02707182785714346
-0.02699406982503873
-0.0269165980871983
-0.02683940442742539
-0.02676248076081154
-0.02668581912906196
-0.02660941169591906
-0.02653325074277134
-0.02645732866433324
-0.02638163796448576
-0.02630617125224366
-0.02623092123780622
-0.02615588072872665
-0.0260810426262095
-0.02600639992146835
-0.02593194569218766
-0.02585767309909616
-0.02578357538262089
-0.02570964585957394
-0.02563587791999546
-0.02556226502400335
-0.02548880069876522
-0.02541547853547828
-0.02534229218648379
-0.02526923536237843
-0.02519630182922011
-0.02512348540577981
-0.02505077996083006
-0.02497817941051
-0.02490567771570673
-0.02483326887950643
-0.02476094694465598
-0.02468870599109754
-0.02461654013350977
-0.02454444351889148
-0.02447241032419115
-0.02440043475393269
-0.0243285110380013
-0.02425663342879844
-0.02418479620013067
-0.02411299364364407
-0.02404122006730264
-0.02396946979302438
-0.02389773715443378
-0.02382601649465508
-0.02375430216415148
-0.02368258851849742
-0.02361086991623032
-0.02353914071665896
-0.02346739527769286
-0.02339562795366446
-0.02332383309305885
-0.0232520049994088
-0.02318013815277236
-0.0231082266463783
-0.02303626493437793
-0.02296424726589135
-0.02289216790901923
-0.02282002111057418
-0.02274780109390176
-0.0226755020565996
-0.02260311816821417
-0.02253064356790819
-0.02245807236212352
-0.02238539862218759
-0.02231261638188677
-0.02223971963504844
-0.02216670233305352
-0.02209355838230367
-0.0220202816416709
-0.02194686592014113
-0.02187330497314691
-0.02179959250167621
-0.02172572214790544
-0.02165168749313823
-0.02157748205482271
-0.0215030992836446
-0.0214285325605361
-0.02135377519363884
-0.02127882041522885
-0.0212036613784722
-0.02112829115422427
-0.02105270272766992
-0.02097688899489637
-0.0209008427593987
-0.02082455672847243
-0.02074802350952112
-0.02067123560626121
-0.02059418541481934
-0.02051686521971867
-0.02043926718975599
-0.02036138337375919
-0.02028320569619413
-0.02020472595269615
-0.02012593580539775
-0.02004682677814866
-0.01996739025158231
-0.0198876174580279
-0.01980749947623648
-0.01972702722595478
-0.01964619146232417
-0.01956498277005621
-0.0194833915574519
-0.01940140805019473
-0.01931902228491893
-0.01923622410256636
-0.01915300314152051
-0.01906934883043063
-0.01898525038085791
-0.01890069677959769
-0.01881567678073522
-0.01873017889736907
-0.01864419139308829
-0.01855770227306821
-0.01847069927481216
-0.0183831698585975
-0.01829510119747296
-0.0182064801668959
-0.0181172933339386
-0.01802752694605839
-0.01793716691944079
-0.01784619882678811
-0.01775460788465434
-0.01766237894023569
-0.01756949645760871
-0.01747594450332963
-0.01738170673147622
-0.017286766367993
-0.01719110619435589
-0.01709470853051069
-0.01699755521704823
-0.01689962759658761
-0.01680090649425156
-0.01670137219732107
-0.0166010044338607
-0.01649978235044055
-0.01639768448868006
-0.01629468876076689
-0.01619077242374471
-0.0160859120525875
-0.01598008351189494
-0.01587326192622774
-0.01576542164894388
-0.01565653622946232
-0.01554657837884272
-0.01543551993360313
-0.01532333181766
-0.01520998400224431
-0.01509544546377132
-0.01497968413932246
-0.01486266687983787
-0.01474435940070534
-0.01462472622964188
-0.01450373065166828
-0.01438133465096729
-0.01425749884949357
-0.01413218244200955
-0.01400534312738522
-0.01387693703591091
-0.01374691865220122
-0.01361524073361568
-0.01348185422362741
-0.01334670816223547
-0.01320974957600948
-0.01307092340474737
-0.01293017235158666
-0.01278743679542415
-0.01264265465448487
-0.01249576125542628
-0.01234668919180778
-0.01219536817305399
-0.01204172486324727
-0.01188568270896139
-0.01172716175517002
-0.01156607844832412
-0.01140234542547769
-0.01123587128835275
-0.0110665603610579
-0.01089431243079329
-0.01071902246485407
-0.01054058031687577
-0.01035887039751262
-0.01017377132906681
-0.009985155569632965
-0.009792889007988591
-0.009596830526071121
-0.009396831525855995
-0.009192735417264199
-0.008984377063341865
-0.008771582178451028
-0.008554166674778204
-0.008331935952025454
-0.008104684124314757
-0.007872193177917496
-0.007634232052401536
-0.007390555637090249
-0.007140903673628025
-0.006884999554319628
-0.006622549004638007
-0.006353238636817193
-0.006076734359709967
-0.00579267962821761
-0.005500693513351862
-0.005200368571483855
-0.004891268488289878
-0.004572925469811409
-0.004244837348905789
-0.003906464371106352
-0.00355722561867694
-0.003196495025825828
-0.002823596931078046
-0.002437801105013493
-0.002038317182525007
-0.001624288417776903
-0.001194784668678785
-0.0007487945029108368
-0.0002852163019464154
0.0001971517790088492
0.0006996231582321714
0.001223635668184672
0.001770766102749913
0.00234274671293391
0.002941483922988022
0.003569079572350725
0.004227855019077097
0.004920378464256346
0.005649495879196546
0.006418365905134416
0.007230499064044958
0.008089801520349585
0.009000623440045577
0.009967811660993961
0.01099676580422144
0.01209349601509018
0.01326467903579341
0.01451770691994115
0.01586071911641717
0.01730260310621548
0.01885294059842651
0.02052186436202075
0.02231977405445676
0.02425683706669221
0.02634217318840672
0.02858259407940592
0.03098075223671578
0.03353257548004001
0.03622396811964285
0.03902701285006838
0.04189636108823441
0.04476711330673569
0.0475560068346986
0.05016760875949299
0.05250588810198851
0.05448906815699051
0.05606330265588899
0.05721032153179608
0.05794660992358291
0.05831537163864906
0.05837510905259235
0.05818878631757535
0.0578159484744444
0.05730831467491898
0.05670819504095215
0.05604871445627134
0.05535494981899539
0.05464537508629934
0.05393327506861753
0.05322797500748296
0.05253584169748873
0.05186106612653537
0.05120625939818833
0.05057289859843171
0.0499616563562414
0.04937264236780863
0.04880557923068717
0.04825992981116946
0.04773498894133485
0.04722994912598784
0.04674394725912534
0.0462760975283273
0.04582551431311672
0.0453913278070706
0.04497269439552025
0.04456880326646495
0.0441788802902771
0.04380219000516935
0.04343803622794432
0.04308576172868923
0.04274474728119734
0.04241441028386825
0.04209420312671638
0.04178361141097667
0.04148215210905813
0.04118937171032495
0.04090484440129069
0.04062817030272436
0.04035897377984289
0.04009690183966819
0.03984162261462505
0.03959282393932845
0.03935021201762118
0.03911351017815106
0.03888245771482249
0.03865680880838113
0.03843633152450435
0.03822080688355182
0.03801002799819251
0.03780379927313773
0.03760193566348689
0.03740426198706165
0.0372106122869368
0.03702082924219553
0.03683476360846408
0.036652273734193
0.03647322505954623
0.03629748969477509
0.03612494600856519
0.03595547824920123
0.03578897619240105
0.03562533482624558
0.03546445396793743
0.03530623817475596
0.03515059621820604
0.03499744103216919
0.03484668940376665
0.03469826177078894
0.03455208202008481
0.03440807729906912
0.03426617783934952
0.03412631679154379
0.03398843007058026
0.03385245621047171
0.03371833622843347
0.03358601349698999
0.03345543362399572
0.03332654433992161
0.03319929539180267
0.03307363844757433
0.0329495269819284
0.03282691622734714
0.03270576305220894
0.03258602590085448
0.03246766471575086
0.03235064086745357
0.03223491708838972
0.0321204574103084
0.03200722710521037
0.03189519262932557
0.03178432157016262
0.03167458259639914
0.03156594541021562
0.03145838070239346
0.0313518601095333
0.03124635617344789
0.03114184230273862
0.03103829273614706
0.03093568250787267
0.03083398741456105
0.03073318398377385
0.03063324944424038
0.03053416169327585
0.03043589928988121
0.03033844138812259
0.03024176775389077
0.03014585872035898
0.03005069516993953
0.02995625851290474
0.02986253066689565
0.02976949403753897
0.02967713149969598
0.02958542637975997
0.02949436243860598
0.02940392385522053
0.02931409521122197
0.02922486147584059
0.02913620799166967
0.02904812046092298
0.02896058493233998
0.02887358778855875
0.02878711573405592
0.02870115578352075
0.02861569525073038
0.02853072173790361
0.02844622312537986
0.02836218756172939
0.02827860345431372
0.02819545946014283
0.02811274447707146
0.02803044763529937
0.02794855828937034
0.02786706601015759
0.02778596057742697
0.02770523197246877
0.02762487037113462
0.02754486613700916
0.02746520981489042
0.02738589212444949
0.02730690395413436
0.02722823635528814
0.02714988053641661
0.02707182785767457
0.02699406982557305
0.02691659808773382
0.02683940442795795
0.02676248076133873
0.02668581912959415
0.02660941169645003
0.02653325074329709
0.02645732866485881
0.02638163796500924
0.02630617125276802
0.02623092123833076
0.02615588072924201
0.02608104262672525
0.02600639992199319
0.02593194569270074
0.02585767309961289
0.02578357538313311
0.02570964586008736
0.02563587792050499
0.02556226502451238
0.02548880069928267
0.0254154785359846
0.02534229218698764
0.02526923536289007
0.02519630182972701
0.0251234854062855
0.02505077996133436
0.02497817941101869
0.02490567771620426
0.02483326888001058
0.02476094694515398
0.02468870599159651
0.02461654013467753
0.02454444351913924
0.02447241032452607
0.02440043475432412
0.02432851103834316
0.02425663342930838
0.02418479620063533
0.0241129936441393
0.02404122006780518
0.02396946979352459
0.02389773715493394
0.02382601649515387
0.02375430216465042
0.02368258851899607
0.0236108699167317
0.02353914071715331
0.023467395278194
0.02339562795416237
0.02332383309354863
0.023252004924899
0.02318013822828525
0.02310822664688158
0.02303626493487435
0.0229642472663915
0.0228921679095209
0.02282002111108
0.02274780109440296
0.02267550205710106
0.02260311816871187
0.02253064356841613
0.02245807236263331
0.02238539862269044
0.02231261638239474
0.02223971963555117
0.02216670233355822
0.022093558382805
0.02202028164216599
0.02194686592039794
0.02187330497348973
0.02179959250193566
0.02172572214912353
0.02165168749365304
0.02157748205534319
0.02150309928416697
0.02142853256105202
0.02135377519415985
0.02127882041574535
0.02120366137899423
0.02112829115475228
0.0210527027281933
0.02097688899542539
0.02090084275992556
0.02082455672900085
0.02074802351005455
0.02067123560679738
0.02059418541535814
0.02051686522025453
0.02043926719030237
0.02036138337429874
0.02028320569673793
0.02020472595324349
0.02012593580594776
0.02004682677870096
0.01996739025213517
0.01988761745858508
0.01980749947679025
0.01972702722651858
0.01964619146288658
0.01956498277062011
0.01948339155801636
0.01940140805076462
0.01931902228549571
0.01923622410314772
0.01915300314210109
0.0190693488310143
0.01898525038143957
0.01890069678019327
0.01881567678133023
0.01873017889796377
0.01864419139368746
0.01855770227367108
0.01847069927542214
0.0183831698592049
0.01829510119808831
0.01820648016751451
0.01811729333455844
0.01802752694668792
0.01793716692007162
0.01784619882742434
0.017754607885298
0.01766237894087806
0.01756949645825718
0.0174759445039894
0.01738170673213382
0.01728676636866118
0.0171911061950285
0.01709470853118437
0.01699755521773349
0.01689962759727228
0.01680090649494416
0.01670137219802019
0.01660100443456734
0.0164997823511487
0.01639768448939839
0.01629468876149215
0.01619077242447388
0.01608591205332077
0.01598008351263479
0.0158732619269757
0.01576542164970266
0.01565653623022603
0.01554657837961022
0.01543551993437685
0.015323331818439
0.01520998400303859
0.0150954454645704
0.01497968414012209
0.01486266688064992
0.01474435940153035
0.01462472623047315
0.01450373065250545
0.01438133465181445
0.01425749885035673
0.01413218244288074
0.01400534312826541
0.01387693703679918
0.01374691865310742
0.01361524073453325
0.01348185422460967
0.01334670816117508
0.01320974957891562
0.01307092340572005
0.01293017235257048
0.01278743679642294
0.01264265465549707
0.01249576125645603
0.01234668919285892
0.01219536817349889
0.0120417248679318
0.01188568270709465
0.01172716175631382
0.01156607844950272
0.01140234542670788
0.01123587128963896
0.01106656036242661
0.01089431243145838
0.01071902246604878
0.01054058031807044
0.01035887039868628
0.01017377133019983
0.009985155570683982
0.009792889008921911
0.009596830528518754
0.009396831527261316
0.009192735418694191
0.008984377064805812
0.008771582179946471
0.008554166676306003
0.008331935953586212
0.008104684125914426
0.007872193179551731
0.007634232054072539
0.007390555638801623
0.007140903675385602
0.006884999556121117
0.006622549006485451
0.006353238638715793
0.006076734361657609
0.005792679630218331
0.005500693515407417
0.005200368573602118
0.004891268490470323
0.004572925472056181
0.004244837351220814
0.003906464373491065
0.003557225621142967
0.00319649502837272
0.002823596933712555
0.0024378011077402
0.002038317185347503
0.001624288420705213
0.001194784671719379
0.0007487945060700501
0.0002852163052309
-0.0001971517755863907
-0.0006996231546645908
-0.001223635664461053
-0.001770766098858039
-0.002342746708860264
-0.002941483918723076
-0.003569079567874325
-0.004227855014374064
-0.00492037845931058
-0.005649495873986788
-0.006418365899640621
-0.007230499058234441
-0.008089801514201172
-0.009000623433532771
-0.009967811654071715
-0.01099676579685393
-0.01209349600723563
-0.0132646790274013
-0.01451770691094917
-0.01586071910677187
-0.01730260309584658
-0.01885294058726854
-0.02052186435000075
-0.02231977404150206
-0.02425683705274911
-0.02634217317340481
-0.02858259406331025
-0.03098075221954465
-0.03353257546185377
-0.0362239681005821
-0.0390270128304134
-0.04189636106836297
-0.04476711328727992
-0.04755600681655683
-0.0501676087465799
-0.05250588858646884
0
