-0.00127971498312061
-0.00131654295045516
-0.001353361402835742
-0.001390169466115362
-0.001426966246891331
-0.001463750833056558
-0.001500522294347812
-0.001537279682883427
-0.001574022033688472
-0.001610748365203364
-0.001647457679785544
-0.001684148964200988
-0.001720821190096198
-0.001757473314482106
-0.001794104280177826
-0.001830713016260752
-0.001867298438519733
-0.001903859449864114
-0.001940394940760644
-0.001976903789632562
-0.002013384863268055
-0.002049837017215908
-0.002086259096163802
-0.002122649934324832
-0.002159008355795073
-0.002195333174923733
-0.002231623196668107
-0.002267877216929821
-0.002304094022906406
-0.002340272393412021
-0.002376411099212086
-0.0024125089033338
-0.002448564561389237
-0.002484576821864352
-0.002520544426431219
-0.002556466110242833
-0.002592340602201836
-0.002628166625271213
-0.002663942896724064
-0.002699668128419725
-0.002735341027085458
-0.002770960294550651
-0.002806524628021619
-0.002842032720321068
-0.002877483260134561
-0.002912874932247229
-0.00294820641778916
-0.00298347639445496
-0.003018683536733754
-0.003053826516133023
-0.003088904001390741
-0.003123914658701848
-0.003158857151906249
-0.003193730142718079
-0.003228532290903516
-0.00326326225450563
-0.003297918690009372
-0.003332500252559959
-0.003367005596129898
-0.003401433373713723
-0.00343578223749941
-0.003470050839056019
-0.003504237829507576
-0.003538341859684714
-0.003572361580320466
-0.003606295642198078
-0.003640142696318345
-0.003673901394055451
-0.003707570387313553
-0.003741148328689356
-0.003774633871616238
-0.003808025670507312
-0.003841322380911822
-0.003874522659658931
-0.003907625164985606
-0.003940628556691273
-0.003973531496267644
-0.004006332647035079
-0.004039030674265275
-0.004071624245329184
-0.004104112029813806
-0.00413649269964057
-0.004168764929208255
-0.004200927395503191
-0.004232978778211192
-0.004264917759861397
-0.004296743025912085
-0.004328453264894538
-0.004360047168496905
-0.004391523431698607
-0.004422880752863626
-0.004454117833862386
-0.004485233380173049
-0.004516226100966031
-0.004547094709245608
-0.004577837921920873
-0.00460845445991311
-0.004638943048261016
-0.004669302416208213
-0.004699531297308823
-0.004729628429514359
-0.004759592555268707
-0.004789422421602805
-0.004819116780218368
-0.004848674387579497
-0.00487809400500802
-0.004907374398761766
-0.004936514340122053
-0.004965512605470903
-0.004994367976391608
-0.005023079239736076
-0.005051645187707618
-0.005080064617946908
-0.005108336333603126
-0.00513645914341926
-0.005164431861793157
-0.005192253308879484
-0.005219922310641334
-0.005247437698931028
-0.005274798311565743
-0.005302002992392653
-0.005329050591368572
-0.005355939964620798
-0.005382669974522016
-0.005409239489753548
-0.005435647385377712
-0.005461892542902806
-0.005487973850340748
-0.005513890202286411
-0.005539640499962827
-0.005565223651302939
-0.005590638570998652
-0.005615884180567146
-0.00564095940841253
-0.005665863189874592
-0.005690594467311968
-0.00571515219013408
-0.005739535314870032
-0.005763742805228615
-0.005787773632155046
-0.005811626773866359
-0.005835301215947836
-0.005858795951355748
-0.005882109980508777
-0.005905242311324593
-0.005928191959274749
-0.005950957947438806
-0.005973539306545323
-0.005995935075040181
-0.006018144299112319
-0.006040166032765846
-0.006061999337844931
-0.00608364328410151
-0.006105096949231179
-0.006126359418926942
-0.006147429786908888
-0.006168307154989618
-0.006188990633109358
-0.006209479339371699
-0.006229772400103088
-0.00624986894988508
-0.006269768131598333
-0.006289469096464771
-0.006308971004087687
-0.006328273022496078
-0.006347374328176854
-0.006366274106124024
-0.00638497154986933
-0.006403465861525128
-0.006421756251817324
-0.00643984194013378
-0.006457722154545062
-0.006475396131849925
-0.006492863117616638
-0.006510122366203252
-0.00652717314080238
-0.006544014713479739
-0.00656064636518885
-0.00657706738582841
-0.006593277074257453
-0.0066092747383367
-0.006625059694947194
-0.006640631270042397
-0.0066559887986682
-0.006671131624975805
-0.00668605910228558
-0.006700770593090249
-0.006715265469093065
-0.006729543111235716
-0.006743602909725613
-0.006757444264055083
-0.006771066583048943
-0.006784469284873094
-0.006797651797053429
-0.006810613556532004
-0.006823354009660583
-0.006835872612237589
-0.006848168829538132
-0.006860242136326689
-0.006872092016882655
-0.00688371796503465
-0.006895119484162689
-0.006906296087236491
-0.006917247296828711
-0.006927972645140756
-0.006938471674015744
-0.006948743934963345
-0.006958788989184299
-0.006968606407579703
-0.006978195770772161
-0.00698755666913123
-0.00699668870278023
-0.007005591481622978
-0.007014264625351711
-0.007022707763473119
-0.007030920535318277
-0.007038902590056853
-0.007046653586718358
-0.007054173194198045
-0.007061461091281649
-0.007068516966646949
-0.007075340518892845
-0.007081931456532218
-0.007088289498025452
-0.007094414371773418
-0.007100305816144675
-0.007105963579475524
-0.007111387420082693
-0.007116577106289325
-0.007121532416401001
-0.00712625313875152
-0.007130739071688903
-0.007134990023593291
-0.007139005812881699
-0.007142786268018096
-0.007146331227514291
-0.007149640539949474
-0.0071527140639642
-0.007155551668272462
-0.007158153231663389
-0.007160518643012537
-0.007162647801280016
-0.007164540615518994
-0.007166197004880154
-0.007167616898607152
-0.007168800236053256
-0.007169746966672792
-0.007170457050023743
-0.007170930455773722
-0.007171167163704002
-0.007171167163704002
-0.007170930455773725
-0.007170457050023744
-0.00716974696667279
-0.007168800236053255
-0.007167616898607149
-0.007166197004880156
-0.007164540615518996
-0.007162647801280015
-0.007160518643012532
-0.007158153231663387
-0.007155551668272463
-0.007152714063964198
-0.007149640539949469
-0.007146331227514287
-0.00714278626801809
-0.007139005812881694
-0.007134990023593288
-0.007130739071688898
-0.007126253138751522
-0.007121532416400994
-0.007116577106289323
-0.007111387420082684
-0.007105963579475515
-0.007100305816144671
-0.007094414371773411
-0.007088289498025447
-0.007081931456532211
-0.007075340518892836
-0.007068516966646942
-0.007061461091281645
-0.00705417319419804
-0.00704665358671835
-0.007038902590056847
-0.007030920535318275
-0.007022707763473109
-0.007014264625351701
-0.007005591481622966
-0.006996688702780226
-0.006987556669131222
-0.006978195770772151
-0.006968606407579694
-0.006958788989184288
-0.006948743934963336
-0.006938471674015735
-0.006927972645140747
-0.006917247296828698
-0.006906296087236478
-0.006895119484162679
-0.006883717965034642
-0.006872092016882646
-0.006860242136326682
-0.006848168829538121
-0.006835872612237569
-0.006823354009660571
-0.006810613556531995
-0.006797651797053414
-0.006784469284873082
-0.006771066583048932
-0.006757444264055075
-0.006743602909725602
-0.006729543111235706
-0.006715265469093055
-0.00670077059309024
-0.00668605910228557
-0.006671131624975794
-0.006655988798668181
-0.00664063127004238
-0.006625059694947181
-0.006609274738336689
-0.00659327707425744
-0.006577067385828399
-0.006560646365188836
-0.006544014713479731
-0.006527173140802369
-0.006510122366203241
-0.006492863117616631
-0.006475396131849913
-0.006457722154545045
-0.006439841940133768
-0.006421756251817309
-0.006403465861525121
-0.006384971549869317
-0.00636627410612401
-0.006347374328176839
-0.006328273022496067
-0.006308971004087673
-0.00628946909646476
-0.006269768131598324
-0.006249868949885063
-0.006229772400103071
-0.006209479339371684
-0.006188990633109341
-0.006168307154989605
-0.006147429786908875
-0.00612635941892692
-0.006105096949231165
-0.006083643284101499
-0.006061999337844923
-0.006040166032765827
-0.006018144299112304
-0.005995935075040157
-0.005973539306545306
-0.005950957947438789
-0.005928191959274737
-0.005905242311324574
-0.005882109980508755
-0.005858795951355729
-0.005835301215947825
-0.005811626773866335
-0.005787773632155034
-0.005763742805228602
-0.005739535314870013
-0.005715152190134054
-0.005690594467311947
-0.005665863189874574
-0.005640959408412515
-0.005615884180567123
-0.005590638570998637
-0.005565223651302915
-0.005539640499962802
-0.005513890202286396
-0.005487973850340734
-0.005461892542902792
-0.005435647385377698
-0.005409239489753532
-0.005382669974521998
-0.005355939964620787
-0.00532905059136856
-0.005302002992392633
-0.005274798311565728
-0.005247437698931017
-0.005219922310641317
-0.005192253308879472
-0.005164431861793132
-0.005136459143419245
-0.005108336333603114
-0.005080064617946893
-0.005051645187707589
-0.005023079239736056
-0.004994367976391594
-0.004965512605470887
-0.004936514340122037
-0.004907374398761754
-0.004878094005008006
-0.004848674387579489
-0.00481911678021835
-0.004789422421602793
-0.004759592555268704
-0.004729628429514341
-0.004699531297308799
-0.004669302416208205
-0.004638943048260997
-0.004608454459913099
-0.004577837921920861
-0.004547094709245587
-0.004516226100966012
-0.004485233380173031
-0.004454117833862358
-0.004422880752863602
-0.004391523431698586
-0.004360047168496896
-0.004328453264894521
-0.004296743025912057
-0.004264917759861375
-0.004232978778211169
-0.004200927395503165
-0.004168764929208241
-0.004136492699640553
-0.004104112029813789
-0.004071624245329165
-0.00403903067426525
-0.004006332647035061
-0.003973531496267626
-0.003940628556691254
-0.003907625164985584
-0.003874522659658924
-0.003841322380911813
-0.003808025670507298
-0.003774633871616232
-0.003741148328689345
-0.003707570387313532
-0.003673901394055431
-0.003640142696318323
-0.003606295642198058
-0.003572361580320449
-0.003538341859684694
-0.003504237829507556
-0.003470050839056008
-0.003435782237499387
-0.003401433373713704
-0.003367005596129877
-0.003332500252559939
-0.003297918690009345
-0.003263262254505609
-0.003228532290903498
-0.003193730142718055
-0.00315885715190622
-0.003123914658701824
-0.003088904001390713
-0.003053826516133003
-0.003018683536733733
-0.002983476394454936
-0.002948206417789134
-0.002912874932247205
-0.002877483260134541
-0.002842032720321052
-0.002806524628021602
-0.002770960294550632
-0.002735341027085448
-0.002699668128419704
-0.002663942896724046
-0.002628166625271198
-0.002592340602201816
-0.002556466110242821
-0.00252054442643121
-0.002484576821864332
-0.002448564561389218
-0.002412508903333784
-0.002376411099212079
-0.002340272393412014
-0.002304094022906396
-0.002267877216929803
-0.002231623196668095
-0.002195333174923723
-0.002159008355795062
-0.002122649934324819
-0.002086259096163794
-0.002049837017215897
-0.002013384863268049
-0.001976903789632547
-0.001940394940760638
-0.001903859449864102
-0.001867298438519726
-0.001830713016260745
-0.001794104280177814
-0.001757473314482099
-0.001720821190096193
-0.001684148964200979
-0.001647457679785531
-0.001610748365203361
-0.001574022033688457
-0.00153727968288342
-0.001500522294347808
-0.001463750833056553
-0.001426966246891317
-0.001390169466115349
-0.001353361402835733
-0.001316542950455151
-0.001279714983120605
-0.001242878355140378
-0.001206033900408088
-0.00116918243178869
-0.001132324740531326
-0.001095461595613207
-0.001058593743124515
-0.001021721905596022
-0.0009848467813382208
-0.0009479690437528987
-0.0009110893406260194
-0.0008742082934314055
-0.0008373264965616804
-0.0008004445166092458
-0.0007635628915875558
-0.00072668213013587
-0.0006898027107328211
-0.0006529250808622248
-0.0006160496561769142
-0.0005791768196334971
-0.0005423069206234367
-0.0005054402740561579
-0.0004685771594519536
-0.0004317178199962652
-0.0003948624615705153
-0.0003580112517709398
-0.0003211643188998027
-0.0002843217509329442
-0.0002474835944593434
-0.000210649853611725
-0.0001738204889560241
-0.0001369954163636835
-0.0001001745058547925
-6.335758041377932e-05
-2.654441479269117e-05
1.026526573927366e-05
4.707178664858968e-05
8.387552543078977e-05
0.0001206769129397532
0.0001574764347296734
0.000194274632433876
0.0002310721051954879
0.0002678695110866496
0.0003046675685956526
0.0003414670581441939
0.0003782688236102917
0.0004150737739120516
0.0004518828846262839
0.0004886971996206149
0.0005255178327409052
0.0005623459695221968
0.0005991828689485086
0.0006360298652471712
0.0006728883697089652
0.0007097598725612478
0.000746645944876081
0.0007835482405172515
0.0008204684981306409
0.0008574085431635474
0.0008943702899454284
0.000931355743797359
0.0009683670031834033
0.001005406261916311
0.001042475811384045
0.001079578042857773
0.001116715449802323
0.001153890630261665
0.00119110628927033
0.00122836524132827
0.00126567041290496
0.001303024845004676
0.001340431695758605
0.001377894243082156
0.0014154158873745
0.001453000154251754
0.001490650697347571
0.00152837130113786
0.001566165883836839
0.00160403850031138
0.001641993345066463
0.001680034755262023
0.001718167213777572
0.00175639535231667
0.001794723954572327
0.001833157959411066
0.001871702464119381
0.001910362727679204
0.001949144174091119
0.001988052395726397
0.00202709315672748
0.002066272396434509
0.002105596232853499
0.002145070966151033
0.002184703082176366
0.002224499256014098
0.002264466355564635
0.002304611445141759
0.002344941789084872
0.002385464855390682
0.002426188319361628
0.00246712006725094
0.002508268199914396
0.002549641036465488
0.002591247117920134
0.002633095210820732
0.00267519431086321
0.002717553646478203
0.00276018268239423
0.002803091123159261
0.002846288916614119
0.002889786257318689
0.00293359358991292
0.002977721612393587
0.003022181279338284
0.003066983805003613
0.003112140666344328
0.0031576636059017
0.003203564634569977
0.003249856034222236
0.003296550360173543
0.003343660443470516
0.003391199393001185
0.003439180597387824
0.00348761772666319
0.00353652473369185
0.003585915855341948
0.003635805613349152
0.003686208814885067
0.00373714055277647
0.003788616205380888
0.003840651436045832
0.003893262192167688
0.003946464703798063
0.004000275481747061
0.00405471131518919
0.004109789268703
0.004165526678706294
0.004221941149276012
0.004279050547261407
0.00433687299668984
0.004395426872391473
0.004454730792793256
0.004514803611836492
0.004575664409958727
0.0046373324840749
0.004699827336497234
0.004763168662739307
0.004827376338111066
0.004892470403052256
0.004958471047118272
0.005025398591553745
0.005093273470328456
0.005162116209602554
0.005231947405495299
0.005302787700059807
0.005374657755378723
0.005447578225673472
0.005521569727309225
0.005596652806588584
0.005672847905225782
0.005750175323360751
0.00582865518000183
0.005908307370779051
0.005989151522832343
0.006071206946771081
0.006154492585480387
0.006239026959708209
0.006324828110231757
0.006411913536515696
0.006500300131643807
0.006590004113447298
0.006681040951646047
0.006773425290857452
0.006867170869352952
0.006962290433409512
0.00705879564712719
0.007156696997596038
0.00725600369528954
0.007356723569598014
0.007458862959384738
0.007562426598529848
0.007667417496381518
0.007773836813098256
0.007881683729869724
0.007990955314050897
0.008101646379256582
0.008213749340533658
0.008327254064720666
0.008442147716195362
0.008558414598256261
0.008676035990410173
0.008794989981934478
0.008915251302144697
0.009036791147827992
0.009159577008472619
0.009283572489895434
0.009408737137064358
0.009535026256920646
0.009662390742171074
0.009790776897085834
0.009920126266447744
0.01005037546894947
0.01018145603637919
0.01031329426011359
0.01044581104651565
0.01057892178295505
0.01071253621627506
0.01084655834563908
0.01098088633177927
0.01111541242473977
0.01125002291232154
0.011384598091441
0.0115190122646833
0.0116531337643548
0.01178682500629161
0.01191994257570906
0.01205233734725471
0.01218385464135058
0.01231433441880447
0.01244361151543959
0.01257151591834652
0.01269787308504604
0.01282250430661234
0.01294522711540314
0.01306585573774345
0.01318420159140413
0.01330007382732254
0.01341327991447749
0.01352362626632721
0.01363091890668189
0.0137349641722844
0.01383556944881317
0.01393254393649338
0.0140256994408404
0.01411485118362372
0.01419981862853678
0.01428042631564833
0.01435650469825813
0.01442789097542979
0.01449442991322377
0.01455597464740606
0.01461238746036345
0.01466354052489512
0.01470931660770566
0.01474960972559337
0.01478432574765512
0.01481338293725724
0.01483671242803783
0.01485425862883187
0.01486597955311035
0.01487184706931417
0.01487184706931417
0.01486597955311036
0.01485425862883187
0.01483671242803783
0.01481338293725724
0.01478432574765512
0.01474960972559337
0.01470931660770565
0.01466354052489513
0.01461238746036346
0.01455597464740606
0.01449442991322377
0.0144278909754298
0.01435650469825813
0.01428042631564834
0.01419981862853679
0.01411485118362371
0.0140256994408404
0.01393254393649338
0.01383556944881317
0.0137349641722844
0.01363091890668188
0.01352362626632722
0.01341327991447749
0.01330007382732254
0.01318420159140414
0.01306585573774345
0.01294522711540313
0.01282250430661235
0.01269787308504604
0.01257151591834652
0.01244361151543959
0.01231433441880448
0.01218385464135058
0.01205233734725472
0.01191994257570907
0.01178682500629161
0.0116531337643548
0.01151901226468331
0.01138459809144099
0.01125002291232154
0.01111541242473977
0.01098088633177928
0.01084655834563908
0.01071253621627506
0.01057892178295505
0.01044581104651564
0.01031329426011359
0.01018145603637919
0.01005037546894947
0.009920126266447745
0.009790776897085832
0.009662390742171071
0.009535026256920645
0.009408737137064355
0.009283572489895434
0.009159577008472619
0.009036791147827983
0.008915251302144697
0.008794989981934483
0.008676035990410171
0.008558414598256266
0.008442147716195359
0.008327254064720652
0.008213749340533667
0.008101646379256576
0.007990955314050885
0.007881683729869715
0.007773836813098248
0.007667417496381519
0.007562426598529855
0.007458862959384727
0.007356723569598003
0.007256003695289533
0.007156696997596034
0.007058795647127183
0.006962290433409501
0.006867170869352947
0.006773425290857451
0.006681040951646042
0.006590004113447298
0.006500300131643804
0.006411913536515684
0.006324828110231749
0.006239026959708197
0.006154492585480388
0.006071206946771086
0.005989151522832334
0.005908307370779053
0.005828655180001822
0.005750175323360751
0.005672847905225768
0.005596652806588578
0.005521569727309218
0.005447578225673461
0.005374657755378705
0.005302787700059805
0.005231947405495284
0.005162116209602555
0.005093273470328448
0.005025398591553731
0.004958471047118266
0.004892470403052239
0.00482737633811106
0.004763168662739297
0.004699827336497228
0.004637332484074889
0.00457566440995873
0.004514803611836478
0.004454730792793248
0.004395426872391474
0.004336872996689832
0.0042790505472614
0.004221941149276004
0.004165526678706289
0.004109789268702984
0.004054711315189174
0.004000275481747048
0.003946464703798054
0.003893262192167683
0.003840651436045814
0.003788616205380867
0.003737140552776456
0.003686208814885059
0.003635805613349129
0.003585915855341932
0.00353652473369184
0.003487617726663179
0.00343918059738781
0.003391199393001172
0.003343660443470506
0.003296550360173523
0.003249856034222221
0.003203564634569965
0.003157663605901688
0.003112140666344316
0.003066983805003599
0.003022181279338266
0.002977721612393567
0.002933593589912901
0.002889786257318672
0.002846288916614099
0.00280309112315924
0.00276018268239422
0.00271755364647818
0.002675194310863193
0.002633095210820708
0.002591247117920106
0.002549641036465489
0.002508268199914381
0.002467120067250915
0.002426188319361605
0.002385464855390671
0.002344941789084861
0.002304611445141743
0.002264466355564607
0.002224499256014081
0.002184703082176351
0.002145070966151014
0.002105596232853479
0.002066272396434482
0.002027093156727468
0.001988052395726373
0.001949144174091099
0.001910362727679185
0.001871702464119353
0.00183315795941104
0.001794723954572306
0.001756395352316646
0.00171816721377755
0.001680034755262003
0.001641993345066445
0.001604038500311361
0.001566165883836812
0.001528371301137843
0.00149065069734755
0.001453000154251736
0.001415415887374479
0.001377894243082135
0.001340431695758582
0.001303024845004655
0.001265670412904936
0.001228365241328247
0.001191106289270307
0.001153890630261639
0.001116715449802298
0.001079578042857747
0.001042475811384031
0.001005406261916283
0.0009683670031833773
0.0009313557437973434
0.0008943702899453987
0.0008574085431635262
0.0008204684981306167
0.0007835482405172263
0.000746645944876052
0.000709759872561222
0.0006728883697089433
0.0006360298652471389
0.0005991828689484743
0.0005623459695221735
0.0005255178327408774
0.0004886971996205932
0.0004518828846262525
0.0004150737739120235
0.0003782688236102702
0.0003414670581441755
0.0003046675685956401
0.0002678695110866295
0.0002310721051954686
0.0001942746324338593
0.0001574764347296602
0.0001206769129397459
8.387552543077925e-05
4.707178664857916e-05
1.026526573926195e-05
-2.654441479269811e-05
-6.335758041378875e-05
-0.0001001745058548104
-0.0001369954163636989
-0.0001738204889560315
-0.000210649853611733
-0.0002474835944593574
-0.0002843217509329584
-0.0003211643188998084
-0.00035801125177095
-0.0003948624615705199
-0.0004317178199962734
-0.0004685771594519591
-0.0005054402740561656
-0.0005423069206234501
-0.0005791768196335016
-0.0006160496561769199
-0.0006529250808622334
-0.0006898027107328313
-0.0007266821301358811
-0.0007635628915875698
-0.0008004445166092504
-0.0008373264965616833
-0.0008742082934314121
-0.0009110893406260284
-0.0009479690437529095
-0.0009848467813382256
-0.001021721905596019
-0.001058593743124527
-0.001095461595613209
-0.001132324740531337
-0.001169182431788699
-0.001206033900408096
-0.001242878355140382
0
