-0.1013559433815914
-0.07794435689007689
-0.06632494333027526
-0.05971257138711095
-0.05553062337620393
-0.052651309628843
-0.05053396248568171
-0.04889605130412316
-0.04757799295863156
-0.0464833831924966
-0.04555058743174034
-0.04473828032463807
-0.04401762137693446
-0.04336778512852103
-0.04277328621584634
-0.04222231150083128
-0.04170564206576863
-0.04121593346862514
-0.04074722403077084
-0.04029458693061864
-0.03985388108895235
-0.03942156731624261
-0.03899457251742796
-0.03857018413310736
-0.03814596874562264
-0.03771970789019771
-0.03728934610869912
-0.03685294755116936
-0.03640865909984966
-0.03595467922277751
-0.03548922877734811
-0.03501052432324226
-0.03451675264279438
-0.03400604504288256
-0.03347645079199083
-0.03292590890273416
-0.03235221723154354
-0.03175299747701187
-0.03112565509040941
-0.03046733223899074
-0.02977485163990101
-0.02904464865854655
-0.02827268808522575
-0.0274543605341356
-0.02658435206312874
-0.02565647794836054
-0.02466346769887121
-0.02359668339404391
-0.02244574407672257
-0.02119801766853187
-0.01983791975006944
-0.01834592595131632
-0.01669714793923171
-0.01485922455126937
-0.01278910090831955
-0.01042792870596052
-0.007692639601196801
-0.004461286224222573
-0.0005458753916071102
0.004362160788637234
0.01081338597988123
0.01991117196412331
0.03426161645548544
0.06057800644109726
0.09915778659679574
0.1179076350511189
0.1027845082104966
0.08596086657431956
0.0754281414339688
0.06825536013896454
0.06294195160264306
0.05877490957018196
0.05537314549877118
0.05251285688029903
0.05005293273155402
0.04789938200915381
0.04598681123596587
0.04426808196944221
0.04270820005609716
0.0412805328985177
0.03996437473137208
0.03874332718560485
0.03760418843852848
0.03653617390936565
0.03553035919601775
0.03457926805022377
0.03367656653984902
0.03281683559521963
0.03199538943141664
0.03120813595780792
0.0304514736102004
0.02972219441831515
0.02901741805183178
0.02833453368560171
0.0276711437142911
0.02702503100373627
0.02639411326641716
0.02577641459394783
0.02517003632926067
0.02457312201146473
0.02398383846273612
0.02340033749029615
0.022820732126741
0.02224306104593264
0.02166524859701883
0.02108506616079032
0.02050007240428703
0.01990755346350095
0.01930443830155678
0.01868719382312728
0.01805168838948069
0.01739300664678991
0.01670520126574852
0.01598094440129823
0.01521103537704461
0.0143836813124859
0.01348341724636798
0.01248944005549321
0.0113729313718429
0.01009258632614692
0.008586782481254766
0.006759111270368337
0.004449946964418076
0.001376636202223775
-0.003001810636552852
-0.009813969443331221
-0.02164883973726897
-0.04515151178480137
0
