-0.001096707487721606
-0.001097317167580165
-0.001097517858636792
-0.001097320886257471
-0.001096738738163113
-0.001095785078418903
-0.001094474754470349
-0.001092823796952488
-0.001090849412513909
-0.001088569969523317
-0.001086004976969793
-0.001083175056569147
-0.001080101908379209
-0.00107680827034671
-0.001073317871741766
-0.001069655381239122
-0.001065846349789875
-0.001061917148583538
-0.001057894902980908
-0.001053807422177258
-0.001049683125780991
-0.001045550967163167
-0.001041440354322297
-0.001037381068771112
-0.001033403182802558
-0.001029536975469576
-0.001025812848023043
-0.001022261239120418
-0.001018912540021803
-0.001015797010564954
-0.001012944696074024
-0.001010385345595147
-0.0010081483319486
-0.00100626257396602
-0.001004756460912905
-0.001003657779987647
-0.00100299364652964
-0.001002790437779608
-0.001003073730072333
-0.001003868239683429
-0.001005197767810384
-0.001007085149454454
-0.00100955220660824
-0.001012619705845848
-0.001016307320144535
-0.001020633595355346
-0.001025615921008287
-0.001031270505627165
-0.001037612356625513
-0.001044655264441462
-0.001052411791119548
-0.001060893263029235
-0.001070109767870041
-0.001080070155463846
-0.001090782042579132
-0.001102251821407416
-0.001114484671423465
-0.001127484574648746
-0.00114125433415472
-0.001155795595351349
-0.001171108869945651
-0.001187193562587887
-0.001204047999694566
-0.001221669460269472
-0.001240054208794967
-0.001259197529557849
-0.001279093762476618
-0.001299736340273364
-0.001321117826450059
-0.001343229954311426
-0.001366063666561536
-0.001389609155296068
-0.001413855902376208
-0.001438792719971994
-0.001464407791002421
-0.001490688709465292
-0.001517622520523099
-0.00154519576009082
-0.001573394493819069
-0.001602204355906931
-0.001631610586433167
-0.001661598068633525
-0.001692151364751839
-0.00172325475126313
-0.001754892252881877
-0.001787047675640957
-0.001819704638906182
-0.001852846605967496
-0.0018864569138795
-0.001920518801806951
-0.001955015438298029
-0.001989929947255028
-0.002025245432849649
-0.002060945003030739
-0.00209701179203457
-0.00213342898143456
-0.002170179820299962
-0.002207247643926049
-0.002244615891571286
-0.002282268123101222
-0.002320188034300952
-0.002358359471425089
-0.002396766444404996
-0.002435393139336062
-0.002474223929765141
-0.002513243387101805
-0.002552436290067433
-0.00259178763329639
-0.002631282635246579
-0.002670906744964245
-0.002710645648398962
-0.002750485273704318
-0.002790411796076195
-0.002830411641671969
-0.002870471491154094
-0.002910578282345967
-0.002950719212557856
-0.002990881740238414
-0.003031053586061153
-0.003071222733740183
-0.00311137743014685
-0.003151506185117807
-0.003191597771010966
-0.003231641221502443
-0.003271625830519495
-0.003311541150418
-0.003351376990241565
-0.003391123413386486
-0.00343077073516025
-0.003470309520299411
-0.003509730579807475
-0.003549024968111347
-0.003588183979665777
-0.003627199145689602
-0.003666062230466415
-0.00370476522784667
-0.003743300357341913
-0.003781660060382142
-0.003819836996225791
-0.00385782403807648
-0.003895614268971313
-0.003933200977600096
-0.003970577654258346
-0.004007737986600893
-0.004044675855409453
-0.004081385330459326
-0.004117860666274625
-0.004154096297905049
-0.004190086836792453
-0.004225827066482987
-0.004261311938638233
-0.004296536568748937
-0.004331496232149039
-0.004366186360007361
-0.004400602535143862
-0.004434740488240602
-0.004468596093851464
-0.00450216536654945
-0.004535444457176211
-0.004568429649035179
-0.004601117354169681
-0.004633504109817964
-0.004665586574805626
-0.00469736152606953
-0.004728825855157398
-0.004759976564977817
-0.004790810766336336
-0.004821325674827297
-0.004851518607630642
-0.004881386980369626
-0.004910928304049565
-0.004940140182270898
-0.004969020308139295
-0.004997566461515914
-0.005025776506201268
-0.005053648387296182
-0.005081180128621599
-0.005108369829953802
-0.005135215664771305
-0.005161715877596326
-0.00518786878187024
-0.00521367275735922
-0.005239126248111915
-0.00526422776025668
-0.005288975859710811
-0.005313369170300044
-0.005337406371743126
-0.005361086197530658
-0.005384407433176151
-0.005407368914351587
-0.005429969525051339
-0.005452208195929234
-0.005474083902540663
-0.005495595663771609
-0.00551674254021244
-0.005537523632675531
-0.005557938080656378
-0.005577985060900966
-0.005597663786087682
-0.00561697350337657
-0.005635913493169266
-0.005654483067827156
-0.005672681570440792
-0.005690508373676299
-0.005707962878604485
-0.005725044513648608
-0.005741752733410442
-0.005758087017748184
-0.005774046870845333
-0.005789631819994589
-0.005804841414943984
-0.005819675226898263
-0.005834132847698414
-0.005848213888844451
-0.005861917980961444
-0.005875244772817118
-0.005888193930656402
-0.005900765137565857
-0.00591295809268542
-0.005924772510601562
-0.005936208120765096
-0.005947264666796227
-0.00595794190600868
-0.005968239608771198
-0.005978157558118005
-0.005987695549048791
-0.005996853388211449
-0.006005630893419351
-0.006014027893174653
-0.006022044226226476
-0.006029679741263087
-0.006036934296597799
-0.006043807759531617
-0.006050300006380105
-0.006056410921953938
-0.006062140399298551
-0.006067488339449734
-0.006072454651121787
-0.006077039250631275
-0.006081242061414001
-0.006085063014119514
-0.006088502046152424
-0.006091559101737903
-0.006094234131630846
-0.006096527093039353
-0.006098437949473123
-0.006099966670717896
-0.006101113232625625
-0.006101877617230532
-0.006102259812537156
-0.006102259812537141
-0.006101877617230546
-0.006101113232625607
-0.006099966670717912
-0.006098437949473108
-0.00609652709303935
-0.006094234131630832
-0.006091559101737911
-0.00608850204615242
-0.006085063014119536
-0.006081242061413977
-0.00607703925063129
-0.006072454651121745
-0.006067488339449767
-0.006062140399298551
-0.006056410921953928
-0.00605030000638014
-0.006043807759531619
-0.006036934296597767
-0.006029679741263092
-0.006022044226226466
-0.006014027893174672
-0.00600563089341931
-0.005996853388211497
-0.005987695549048832
-0.005978157558118036
-0.005968239608771189
-0.005957941906008701
-0.005947264666796211
-0.005936208120765065
-0.005924772510601572
-0.00591295809268542
-0.005900765137565895
-0.005888193930656427
-0.005875244772817117
-0.005861917980961479
-0.005848213888844473
-0.005834132847698428
-0.005819675226898284
-0.005804841414944031
-0.005789631819994608
-0.005774046870845354
-0.005758087017748211
-0.005741752733410385
-0.005725044513648633
-0.005707962878604437
-0.005690508373676305
-0.005672681570440793
-0.005654483067827169
-0.005635913493169289
-0.005616973503376555
-0.00559766378608771
-0.005577985060901011
-0.00555793808065634
-0.005537523632675524
-0.005516742540212397
-0.00549559566377163
-0.005474083902540679
-0.005452208195929301
-0.00542996952505139
-0.005407368914351622
-0.005384407433176149
-0.005361086197530669
-0.00533740637174315
-0.005313369170300039
-0.005288975859710832
-0.005264227760256663
-0.005239126248111874
-0.005213672757359256
-0.005187868781870257
-0.005161715877596353
-0.005135215664771276
-0.005108369829953762
-0.005081180128621634
-0.005053648387296187
-0.005025776506201293
-0.004997566461515947
-0.004969020308139258
-0.004940140182270949
-0.004910928304049537
-0.004881386980369662
-0.004851518607630711
-0.004821325674827296
-0.004790810766336346
-0.004759976564977841
-0.004728825855157407
-0.004697361526069519
-0.004665586574805683
-0.004633504109817988
-0.004601117354169681
-0.004568429649035173
-0.004535444457176205
-0.004502165366549457
-0.004468596093851455
-0.004434740488240599
-0.004400602535143846
-0.004366186360007373
-0.004331496232149065
-0.004296536568748977
-0.004261311938638252
-0.004225827066482972
-0.004190086836792477
-0.004154096297905046
-0.00411786066627469
-0.00408138533045935
-0.004044675855409541
-0.004007737986600912
-0.003970577654258325
-0.003933200977600127
-0.003895614268971311
-0.003857824038076536
-0.003819836996225774
-0.003781660060382098
-0.003743300357341874
-0.0037047652278467
-0.003666062230466403
-0.003627199145689636
-0.003588183979665785
-0.003549024968111364
-0.003509730579807473
-0.003470309520299458
-0.003430770735160282
-0.003391123413386486
-0.00335137699024159
-0.003311541150418033
-0.00327162583051952
-0.003231641221502461
-0.003191597771010978
-0.003151506185117829
-0.003111377430146849
-0.003071222733740219
-0.003031053586061198
-0.002990881740238396
-0.002950719212557866
-0.002910578282345936
-0.002870471491154131
-0.002830411641671956
-0.002790411796076241
-0.002750485273704352
-0.002710645648398974
-0.002670906744964236
-0.002631282635246575
-0.00259178763329642
-0.00255243629006746
-0.002513243387101807
-0.002474223929765171
-0.002435393139336091
-0.002396766444405001
-0.002358359471425125
-0.002320188034300963
-0.002282268123101241
-0.002244615891571312
-0.002207247643926049
-0.002170179820299995
-0.002133428981434565
-0.002097011792034609
-0.002060945003030755
-0.002025245432849616
-0.001989929947255039
-0.001955015438298055
-0.001920518801806958
-0.001886456913879545
-0.001852846605967557
-0.001819704638906209
-0.001787047675640931
-0.001754892252881903
-0.001723254751263133
-0.001692151364751835
-0.001661598068633528
-0.001631610586433162
-0.00160220435590695
-0.001573394493819086
-0.001545195760090833
-0.00151762252052313
-0.00149068870946529
-0.001464407791002448
-0.001438792719972029
-0.001413855902376177
-0.001389609155296091
-0.001366063666561572
-0.001343229954311468
-0.001321117826450033
-0.001299736340273436
-0.001279093762476622
-0.00125919752955784
-0.001240054208795004
-0.001221669460269487
-0.001204047999694592
-0.001187193562587929
-0.001171108869945669
-0.001155795595351359
-0.00114125433415472
-0.001127484574648773
-0.001114484671423486
-0.001102251821407435
-0.001090782042579135
-0.001080070155463872
-0.001070109767870047
-0.001060893263029209
-0.001052411791119563
-0.001044655264441514
-0.001037612356625508
-0.00103127050562713
-0.001025615921008316
-0.001020633595355347
-0.001016307320144543
-0.001012619705845877
-0.001009552206608291
-0.00100708514945444
-0.00100519776781038
-0.001003868239683445
-0.001003073730072337
-0.001002790437779626
-0.001002993646529675
-0.001003657779987671
-0.001004756460912951
-0.001006262573966019
-0.001008148331948637
-0.00101038534559515
-0.001012944696073995
-0.001015797010564948
-0.001018912540021845
-0.001022261239120406
-0.001025812848023089
-0.00102953697546957
-0.001033403182802599
-0.001037381068771108
-0.001041440354322371
-0.001045550967163217
-0.001049683125781013
-0.001053807422177269
-0.001057894902980969
-0.001061917148583556
-0.001065846349789913
-0.001069655381239148
-0.001073317871741792
-0.00107680827034673
-0.00108010190837919
-0.001083175056569151
-0.001086004976969808
-0.001088569969523319
-0.001090849412513948
-0.001092823796952514
-0.001094474754470312
-0.001095785078418924
-0.001096738738163114
-0.001097320886257494
-0.001097517858636816
-0.001097317167580172
-0.001096707487721614
-0.001095678635170391
-0.001094221539786622
-0.001092328211127546
-0.001089991698224041
-0.001087206043629617
-0.001083966232256517
-0.00108026813544907
-0.001076108450830536
-0.001071484638887488
-0.001066394856207974
-0.001060837887063805
-0.001054813073208284
-0.001048320242889764
-0.001041359640174764
-0.001033931854579197
-0.001026037752371578
-0.001017678409873664
-0.001008855049411399
-0.000999568978630066
-0.0009898215336520341
-0.0009796140265423523
-0.000968947697370113
-0.0009578236716191908
-0.0009462429226660099
-0.0009342062400312036
-0.0009217142031096607
-0.0009087671608224764
-0.0008953652168223803
-0.0008815082205450961
-0.0008671957634254091
-0.0008524271807647406
-0.0008372015583438847
-0.0008215177438838407
-0.0008053743628678176
-0.0007887698383087951
-0.0007717024140584073
-0.0007541701813627865
-0.0007361711080396682
-0.0007177030698917661
-0.0006987638838850828
-0.0006793513427533536
-0.0006594632503522939
-0.0006390974575801358
-0.0006182518982247682
-0.0005969246246123226
-0.0005751138423850167
-0.0005528179443315207
-0.0005300355428109198
-0.0005067655005274734
-0.0004830069595286714
-0.0004587593677970027
-0.0004340225040389664
-0.0004087964995394566
-0.0003830818577966364
-0.000356879471382246
-0.0003301906360948458
-0.0003030170623579691
-0.0002753608838704832
-0.0002472246635638916
-0.0002186113967646451
-0.0001895245116963836
-0.0001599678675009244
-0.0001299457495965587
-9.946286277792617e-05
-6.852432195789473e-05
-3.713564063141097e-05
-5.302717525213288e-06
2.696817889795552e-05
5.967042758002299e-05
9.279707365155484e-05
0.0001263408488126265
0.0001602941928539195
0.0001946492766597926
0.0002293980260218032
0.0002645321464632123
0.0003000431489183996
0.0003359223759919023
0.0003721610286978832
0.000408750193719908
0.0004456808708528217
0.0004829440006482704
0.0005205304920602493
0.0005584312502276262
0.0005966372038919902
0.0006351393326872994
0.0006739286941202459
0.0007129964503024863
0.0007523338938310721
0.0007919324735889376
0.0008317838196400603
0.0008718797677244273
0.0009122123828059388
0.0009527739820652647
0.0009935571571141684
0.00103455479530183
0.001075760100297701
0.00111716661169423
0.001158768223787921
0.001200559203501548
0.001242534207267953
0.00128468829717741
0.001327016955949643
0.001369516101162004
0.001412182098463066
0.001455011773899486
0.001498002425175721
0.00154115183216611
0.001584458266419547
0.001627920499719946
0.001671537811769557
0.001715309997059554
0.001759237370751131
0.001803320773818736
0.001847561577194495
0.001891961685235131
0.001936523538306576
0.001981250114580802
0.002026144930990804
0.002071212043547048
0.002116456046851906
0.002161882072815534
0.002207495788739961
0.002253303394675083
0.002299311620077484
0.002345527719817188
0.002391959469527744
0.002438615160204793
0.002485503592345475
0.002532634069279859
0.002580016390009821
0.002627660841304065
0.002675578189309311
0.002723779670398525
0.002772276981522225
0.002821082269914692
0.00287020812209716
0.002919667552380858
0.002969473990613548
0.003019641269295596
0.00307018361011822
0.003121115609737465
0.003172452224822252
0.003224208756454621
0.003276400833723749
0.003329044396549834
0.003382155677717399
0.003435751184006599
0.003489847676566766
0.00354446215014583
0.003599611811568661
0.003655314057076161
0.003711586448584492
0.003768446688951347
0.003825912595815418
0.003884002074402894
0.00394273308892794
0.004002123632650555
0.004062191696308034
0.004122955235347377
0.004184432135160573
0.004246640174852
0.004309596989181142
0.004373320028563784
0.004437826517157509
0.004503133408832891
0.004569257340992405
0.004636214586175419
0.004704021001177094
0.004772691973795535
0.004842242366951579
0.004912686460128261
0.004984037888021008
0.005056309576328439
0.005129513674503647
0.005203661485506054
0.005278763392230127
0.005354828780841256
0.005431865960720801
0.005509882080918549
0.005588883043293779
0.005668873412048363
0.005749856319726821
0.005831833369875563
0.005914804535883967
0.005998768056505901
0.006083720327999903
0.006169655792817703
0.006256566825210132
0.006344443613630973
0.006433274040525043
0.006523043559351053
0.006613735069371289
0.006705328788566321
0.006797802124942385
0.006891129546866131
0.006985282452825321
0.007080229041294325
0.007175934181482466
0.007272359285474194
0.007369462182820098
0.007467196998498984
0.007565514035048295
0.007664359660175305
0.00776367620096977
0.007863401845987206
0.00796347055633743
0.008063811987627874
0.008164351423816225
0.008265009724799835
0.008365703289293121
0.008466344034563667
0.008566839394794067
0.008667092339874023
0.008767001415975152
0.008866460810085826
0.008965360439648894
0.009063586069159971
0.009161019455140841
0.009257538520712719
0.009353017561062268
0.009447327480740109
0.009540336063590862
0.009631908275767858
0.009721906602160242
0.009810191416189889
0.009896621382269231
0.009981053890617686
0.01006334552279832
0.01014335254673668
0.01022093143895165
0.01029593943180328
0.01036823508268156
0.0104376788620224
0.01050413375641499
0.01056746588262452
0.01062754510828077
0.01068424567441075
0.01073744681469834
0.01078703336652207
0.01083289636816267
0.01087493363689654
0.01091305032247645
0.01094715943065042
0.01097718231145049
0.01100304910740509
0.01102469915698255
0.0110420813487231
0.01105515442275005
0.01106388721597136
0.01106825884834976
0.01106825884834973
0.01106388721597136
0.01105515442275005
0.01104208134872308
0.01102469915698255
0.01100304910740509
0.01097718231145047
0.01094715943065043
0.01091305032247645
0.01087493363689654
0.01083289636816269
0.01078703336652206
0.01073744681469834
0.01068424567441076
0.01062754510828074
0.01056746588262453
0.010504133756415
0.01043767886202241
0.01036823508268156
0.01029593943180327
0.01022093143895165
0.01014335254673665
0.01006334552279831
0.00998105389061768
0.00989662138226919
0.009810191416189881
0.009721906602160232
0.009631908275767842
0.009540336063590851
0.009447327480740057
0.009353017561062256
0.009257538520712705
0.009161019455140822
0.009063586069159966
0.008965360439648882
0.008866460810085821
0.008767001415975143
0.008667092339874023
0.008566839394794089
0.008466344034563669
0.008365703289293112
0.008265009724799852
0.008164351423816225
0.008063811987627864
0.007963470556337426
0.007863401845987201
0.007763676200969745
0.007664359660175275
0.007565514035048274
0.007467196998498963
0.007369462182820072
0.007272359285474185
0.007175934181482452
0.007080229041294298
0.006985282452825324
0.006891129546866137
0.006797802124942394
0.0067053287885663
0.006613735069371273
0.006523043559351027
0.006433274040525062
0.006344443613630959
0.006256566825210115
0.006169655792817677
0.006083720327999942
0.005998768056505911
0.00591480453588393
0.005831833369875548
0.00574985631972682
0.005668873412048329
0.005588883043293763
0.005509882080918517
0.005431865960720786
0.005354828780841226
0.005278763392230108
0.005203661485506049
0.005129513674503617
0.00505630957632842
0.004984037888021006
0.00491268646012824
0.004842242366951594
0.004772691973795542
0.004704021001177085
0.004636214586175417
0.004569257340992386
0.004503133408832905
0.004437826517157513
0.004373320028563751
0.00430959698918114
0.004246640174851963
0.004184432135160569
0.004122955235347376
0.004062191696308028
0.004002123632650519
0.003942733088927944
0.003884002074402899
0.003825912595815396
0.003768446688951323
0.003711586448584478
0.00365531405707615
0.003599611811568659
0.003544462150145805
0.003489847676566728
0.003435751184006591
0.003382155677717403
0.00332904439654982
0.003276400833723768
0.003224208756454609
0.003172452224822215
0.003121115609737474
0.003070183610118244
0.003019641269295615
0.002969473990613548
0.002919667552380827
0.002870208122097117
0.002821082269914701
0.002772276981522191
0.00272377967039851
0.002675578189309336
0.002627660841304029
0.002580016390009814
0.002532634069279859
0.00248550359234546
0.002438615160204785
0.002391959469527722
0.002345527719817181
0.002299311620077485
0.002253303394675067
0.002207495788739939
0.002161882072815545
0.0021164560468519
0.002071212043547033
0.002026144930990775
0.001981250114580803
0.001936523538306559
0.001891961685235114
0.001847561577194475
0.001803320773818682
0.001759237370751133
0.001715309997059536
0.001671537811769542
0.001627920499719931
0.001584458266419511
0.001541151832166087
0.001498002425175676
0.001455011773899452
0.001412182098463051
0.001369516101161973
0.00132701695594966
0.001284688297177413
0.001242534207267924
0.001200559203501545
0.001158768223787902
0.001117166611694223
0.00107576010029768
0.001034554795301825
0.000993557157114145
0.0009527739820652096
0.0009122123828059535
0.0008718797677244282
0.0008317838196400407
0.0007919324735889124
0.0007523338938310313
0.0007129964503024945
0.0006739286941202112
0.0006351393326872808
0.0005966372038919716
0.0005584312502276106
0.0005205304920602198
0.0004829440006482717
0.0004456808708528186
0.0004087501937199188
0.0003721610286978616
0.0003359223759918594
0.0003000431489183822
0.0002645321464631646
0.0002293980260217898
0.0001946492766597592
0.0001602941928538905
0.000126340848812602
9.279707365155115e-05
5.967042757999089e-05
2.696817889798414e-05
-5.302717525216107e-06
-3.713564063143808e-05
-6.852432195792466e-05
-9.946286277792357e-05
-0.0001299457495965689
-0.0001599678675009498
-0.0001895245116963842
-0.0002186113967646789
-0.0002472246635638941
-0.0002753608838704848
-0.0003030170623580454
-0.0003301906360948689
-0.0003568794713822561
-0.000383081857796664
-0.0004087964995394978
-0.0004340225040390047
-0.0004587593677970426
-0.0004830069595286757
-0.0005067655005275419
-0.0005300355428109085
-0.0005528179443315405
-0.0005751138423850269
-0.0005969246246123089
-0.0006182518982247834
-0.0006390974575801432
-0.0006594632503522913
-0.0006793513427533312
-0.000698763883885093
-0.0007177030698917633
-0.0007361711080396917
-0.0007541701813628073
-0.0007717024140583978
-0.0007887698383088235
-0.0008053743628678103
-0.0008215177438838451
-0.0008372015583438456
-0.0008524271807647413
-0.0008671957634254122
-0.0008815082205450699
-0.0008953652168223875
-0.0009087671608224685
-0.0009217142031096332
-0.0009342062400312033
-0.0009462429226660164
-0.0009578236716191777
-0.0009689476973701042
-0.0009796140265423505
-0.00098982153365202
-0.0009995689786300224
-0.001008855049411361
-0.001017678409873652
-0.0010260377523716
-0.001033931854579215
-0.001041359640174731
-0.001048320242889759
-0.001054813073208273
-0.001060837887063797
-0.001066394856207938
-0.001071484638887458
-0.00107610845083049
-0.001080268135449067
-0.001083966232256474
-0.001087206043629594
-0.001089991698224039
-0.00109232821112751
-0.001094221539786554
-0.001095678635170393
-8.181087239206048e-07
-4.035210279747822e-07
3.1139569387135e-10
3.922325105126529e-07
7.710736425095132e-07
1.135634208279462e-06
1.484778772912587e-06
1.817264033359615e-06
2.131929222645278e-06
2.427662194887353e-06
2.703285317146758e-06
2.957763274005027e-06
3.18996883990854e-06
3.398937817440672e-06
3.583651093387385e-06
3.743214628075384e-06
3.876857513410717e-06
3.983604097889813e-06
4.062995336684264e-06
4.114141301336186e-06
4.136590046882003e-06
4.129787412459902e-06
4.093439180165911e-06
4.027031829488908e-06
3.930469972660423e-06
3.803507203236263e-06
3.646098380098256e-06
3.458235452418638e-06
3.240004081798213e-06
2.991572357231602e-06
2.713227414781464e-06
2.405286705903662e-06
2.068133125526886e-06
1.702314071146957e-06
1.308337523460781e-06
8.869508550880443e-07
4.387764119712122e-07
-3.543898997784151e-08
-5.34842057487979e-07
-1.058507098183095e-06
-1.605570026648993e-06
-2.174894455541206e-06
-2.76556852293853e-06
-3.376462484688922e-06
-4.006559404832761e-06
-4.654618810839145e-06
-5.319476175433225e-06
-5.999926317800725e-06
-6.694850374804089e-06
-7.402895382554336e-06
-8.12291618453514e-06
-8.853677164507998e-06
-9.593910483112963e-06
-1.034234777397991e-05
-1.109777495625122e-05
-1.185909597887887e-05
-1.262492183654436e-05
-1.339410692923597e-05
-1.416562100601716e-05
-1.493815798010851e-05
-1.571058430451803e-05
-1.648196534068053e-05
-1.725108138429098e-05
-1.801703869912328e-05
-1.877861777861321e-05
-1.953511583044312e-05
-2.028544125940533e-05
-2.102876920702443e-05
-2.176422926248656e-05
-2.249099162677479e-05
-2.32083258251655e-05
-2.391549921190125e-05
-2.461177189480218e-05
-2.529653871444199e-05
-2.59691881279958e-05
-2.662915258279857e-05
-2.727590217290176e-05
-2.790886900991705e-05
-2.852771696507645e-05
-2.913194069020453e-05
-2.972130384024745e-05
-3.029521411514118e-05
-3.085368562307536e-05
-3.139620414706684e-05
-3.192257676567492e-05
-3.243277005768471e-05
-3.292646474430016e-05
-3.34034254950417e-05
-3.386374249231058e-05
-3.430729910647578e-05
-3.473390083028665e-05
-3.514360318569991e-05
-3.553643836140411e-05
-3.591232315500826e-05
-3.627142276218463e-05
-3.661364653434539e-05
-3.69392305225212e-05
-3.724810699755595e-05
-3.754048115934922e-05
-3.781651597570177e-05
-3.807628042584813e-05
-3.831996762338178e-05
-3.854766285793615e-05
-3.875972952695893e-05
-3.895619459768245e-05
-3.913743301945197e-05
-3.930339850989326e-05
-3.945453546068545e-05
-3.959095997147231e-05
-3.971293026660138e-05
-3.982074980146597e-05
-3.991461198968945e-05
-3.999468846905718e-05
-4.006142430822e-05
-4.011483873715594e-05
-4.015530713754009e-05
-4.018321807944384e-05
-4.019865431937441e-05
-4.020189577891531e-05
-4.019330299286846e-05
-4.017297633841543e-05
-4.014136621256613e-05
-4.009865695840144e-05
-4.004506157003969e-05
-3.998089175275593e-05
-3.990637345189939e-05
-3.982187605100956e-05
-3.972745900463318e-05
-3.962351100930542e-05
-3.951025088613303e-05
-3.938793432773937e-05
-3.925675212268396e-05
-3.911705499147513e-05
-3.896887968871145e-05
-3.881267471114703e-05
-3.864851238619138e-05
-3.847674061413164e-05
-3.829751445651603e-05
-3.811099660263226e-05
-3.791747524680447e-05
-3.771707162283401e-05
-3.751011275137219e-05
-3.729676999045085e-05
-3.707715480571439e-05
-3.685153434741974e-05
-3.662006786209933e-05
-3.63829105292673e-05
-3.614029867115336e-05
-3.589237674541247e-05
-3.56393333229624e-05
-3.538130603173667e-05
-3.51184911366113e-05
-3.485109440799682e-05
-3.457905068195074e-05
-3.430273586633512e-05
-3.402222614035151e-05
-3.37377138776195e-05
-3.344918183072627e-05
-3.315691706788979e-05
-3.286096688771194e-05
-3.256154447520978e-05
-3.225863032846639e-05
-3.195250772323148e-05
-3.164318053977633e-05
-3.13308122148388e-05
-3.101545296437696e-05
-3.069733396587158e-05
-3.037646690925362e-05
-3.005296345035108e-05
-2.97268992246564e-05
-2.939837034657928e-05
-2.906758315666014e-05
-2.873440807253482e-05
-2.839914633100352e-05
-2.806174883622525e-05
-2.772230908647702e-05
-2.738097755001061e-05
-2.703771632808666e-05
-2.669273383991256e-05
-2.634598183723404e-05
-2.599759225630388e-05
-2.564767479918586e-05
-2.529616301834997e-05
-2.494324674960635e-05
-2.458877057640263e-05
-2.423313042076378e-05
-2.387606990681676e-05
-2.351782916997067e-05
-2.315838131198344e-05
-2.279776229605263e-05
-2.243612946406563e-05
-2.207344479183325e-05
-2.170966325440199e-05
-2.134505011992785e-05
-2.097943415776406e-05
-2.061293113881102e-05
-2.024560463168355e-05
-1.987746187595723e-05
-1.950852853409609e-05
-1.913893317536087e-05
-1.876854524425944e-05
-1.839748800380546e-05
-1.80258463662404e-05
-1.765362855204943e-05
-1.728072011583522e-05
-1.690732709006599e-05
-1.653333738562044e-05
-1.615894295499716e-05
-1.578395444670819e-05
-1.540849051970992e-05
-1.503265696626154e-05
-1.465651050803529e-05
-1.427972201365774e-05
-1.390273953579689e-05
-1.352531766906311e-05
-1.314761638572141e-05
-1.276950211685803e-05
-1.239115429475534e-05
-1.201247517086146e-05
-1.163353115888462e-05
-1.125431451151916e-05
-1.087479332059448e-05
-1.049508798986995e-05
-1.011524889163472e-05
-9.735092092056712e-06
-9.354762563436067e-06
-8.974233090594649e-06
-8.593565578062191e-06
-8.212690570506766e-06
-7.831651511703026e-06
-7.450430073249269e-06
-7.069213980366923e-06
-6.687729428648355e-06
-6.306189146629136e-06
-5.924535291485792e-06
-5.542793996210358e-06
-5.160915900681562e-06
-4.778917730688726e-06
-4.396884591200687e-06
-4.014775624529761e-06
-3.632623599576947e-06
-3.250362804041588e-06
-2.868056541933032e-06
-2.485798370714597e-06
-2.10349036074489e-06
-1.72103352258728e-06
-1.338646428644565e-06
-9.562149654490611e-07
-5.737571479368998e-07
-1.912507631820465e-07
1.912507614486591e-07
5.737571507274329e-07
9.562149664422373e-07
1.338646427899153e-06
1.721033522130934e-06
2.103490360347356e-06
2.48579836891446e-06
2.868056541817744e-06
3.250362803900564e-06
3.632623601775017e-06
4.014775622329536e-06
4.396884592874994e-06
4.778917729509757e-06
5.16091590143431e-06
5.542793992601581e-06
5.924535293434232e-06
6.306189145698816e-06
6.687729428836193e-06
7.069213982403956e-06
7.450430071924394e-06
7.831651513081481e-06
8.212690567650374e-06
8.59356557743992e-06
8.974233090017847e-06
9.354762562573707e-06
9.735092093538247e-06
1.011524889115131e-05
1.049508798969954e-05
1.087479331916124e-05
1.125431451204265e-05
1.163353115809342e-05
1.201247516938205e-05
1.23911542969576e-05
1.276950211666069e-05
1.314761638834793e-05
1.35253176668607e-05
1.390273953758361e-05
1.427972201142624e-05
1.465651050886693e-05
1.503265696405794e-05
1.540849051959594e-05
1.578395444680961e-05
1.615894295674192e-05
1.653333738394634e-05
1.69073270902771e-05
1.728072011574615e-05
1.765362855103907e-05
1.80258463675428e-05
1.839748800152007e-05
1.876854524490628e-05
1.913893317539982e-05
1.950852853344503e-05
1.987746187362038e-05
2.024560463199904e-05
2.06129311393269e-05
2.097943415799036e-05
2.134505011756389e-05
2.170966325443639e-05
2.20734447941072e-05
2.243612946290155e-05
2.279776229566075e-05
2.315838131433315e-05
2.351782917048214e-05
2.387606990729503e-05
2.423313041844573e-05
2.458877057828182e-05
2.494324674933037e-05
2.529616301907506e-05
2.564767479888079e-05
2.599759225579087e-05
2.634598183543865e-05
2.669273384078879e-05
2.70377163262788e-05
2.738097755102423e-05
2.772230908660157e-05
2.806174883583217e-05
2.839914633181859e-05
2.873440807012509e-05
2.906758315678433e-05
2.939837034690129e-05
2.972689922636307e-05
3.005296344898506e-05
3.037646691033487e-05
3.06973339650011e-05
3.101545296552581e-05
3.133081221512568e-05
3.16431805368636e-05
3.195250772422648e-05
3.225863032830874e-05
3.256154447343359e-05
3.286096688836937e-05
3.315691706864854e-05
3.344918183147548e-05
3.373771387594362e-05
3.402222614101448e-05
3.430273586816645e-05
3.457905067981716e-05
3.485109440984531e-05
3.511849113478066e-05
3.538130603287032e-05
3.563933332217194e-05
3.589237674282819e-05
3.614029867222344e-05
3.638291052848275e-05
3.662006786085237e-05
3.685153434828005e-05
3.707715480715342e-05
3.729676998904705e-05
3.751011275201566e-05
3.77170716236212e-05
3.791747524350592e-05
3.811099660352431e-05
3.829751445642076e-05
3.847674061323883e-05
3.864851238705335e-05
3.881267471124103e-05
3.896887968708854e-05
3.911705499111631e-05
3.925675212127365e-05
3.938793433009244e-05
3.951025088445096e-05
3.962351100909657e-05
3.972745900600413e-05
3.982187605072946e-05
3.990637345104066e-05
3.998089175301756e-05
4.004506156901928e-05
4.009865695972971e-05
4.01413662123945e-05
4.017297633790302e-05
4.01933029933843e-05
4.020189577760411e-05
4.019865431931106e-05
4.018321808099037e-05
4.015530713722035e-05
4.011483873675181e-05
4.006142430829546e-05
3.999468846804062e-05
3.99146119899717e-05
3.982074980027438e-05
3.971293026527453e-05
3.959095997455172e-05
3.945453545792167e-05
3.930339851054912e-05
3.913743301966596e-05
3.895619459789749e-05
3.875972952572279e-05
3.854766285779592e-05
3.831996762280145e-05
3.807628042518465e-05
3.781651597510034e-05
3.754048116075001e-05
3.724810699820409e-05
3.693923051991366e-05
3.661364653510118e-05
3.627142276258931e-05
3.59123231549823e-05
3.553643836179488e-05
3.514360318554257e-05
3.473390083085596e-05
3.430729910588209e-05
3.386374249279337e-05
3.340342549645439e-05
3.292646474428515e-05
3.243277005765717e-05
3.192257676519974e-05
3.139620414892237e-05
3.085368562407722e-05
3.02952141141133e-05
2.972130384019093e-05
2.913194069086792e-05
2.852771696716436e-05
2.79088690087061e-05
2.727590217427113e-05
2.662915258106979e-05
2.596918812865269e-05
2.529653871614942e-05
2.461177189341747e-05
2.391549921093998e-05
2.320832582757924e-05
2.249099162701181e-05
2.176422926199896e-05
2.102876920814311e-05
2.028544125806519e-05
1.953511582991881e-05
1.877861777799166e-05
1.801703869851963e-05
1.725108138353511e-05
1.648196534216371e-05
1.57105843024435e-05
1.493815798035807e-05
1.416562100854297e-05
1.339410692999992e-05
1.262492183640772e-05
1.185909597861432e-05
1.109777495468656e-05
1.034234777340899e-05
9.593910483341107e-06
8.853677163777734e-06
8.122916185606251e-06
7.402895381285196e-06
6.694850375174127e-06
5.99992631809674e-06
5.319476175446669e-06
4.654618809677206e-06
4.006559404944379e-06
3.376462486110691e-06
2.765568522261472e-06
2.174894454987721e-06
1.60557002592911e-06
1.058507097713825e-06
5.348420571904468e-07
3.543899035378861e-08
-4.387764120471877e-07
-8.869508559958196e-07
-1.308337524080484e-06
-1.702314070695454e-06
-2.068133125788192e-06
-2.40528670645895e-06
-2.713227413264875e-06
-2.991572359182553e-06
-3.240004081129383e-06
-3.458235453042974e-06
-3.646098381631176e-06
-3.803507202189012e-06
-3.93046997355573e-06
-4.027031829912519e-06
-4.093439179950453e-06
-4.129787410750467e-06
-4.136590046230045e-06
-4.114141303144039e-06
-4.062995335905401e-06
-3.983604097633616e-06
-3.876857512301443e-06
-3.743214629416705e-06
-3.583651092785409e-06
-3.398937818521947e-06
-3.189968839895638e-06
-2.957763273688332e-06
-2.70328531532622e-06
-2.427662195762792e-06
-2.131929221930518e-06
-1.817264033403905e-06
-1.4847787734703e-06
-1.13563420698525e-06
-7.71073643436235e-07
-3.922325105812558e-07
-3.113951366998536e-10
4.035210264087335e-07
8.181087249229768e-07
1.242324133325553e-06
1.675075399229015e-06
2.115287492562135e-06
2.561952266952742e-06
3.014076080130919e-06
3.470797064847046e-06
3.931210842839627e-06
4.394572963082648e-06
4.860037802514053e-06
5.327073103871879e-06
5.795061331551838e-06
6.263390356943158e-06
6.731714199487935e-06
7.199562427355173e-06
7.666699801707174e-06
8.13286192041885e-06
8.597825502897484e-06
9.061515624827164e-06
9.523919688926845e-06
9.984995209730372e-06
1.044469804978136e-05
1.09032821698091e-05
1.136079552767263e-05
1.181744244773254e-05
1.227335028599138e-05
1.272882185850025e-05
1.31840569574249e-05
1.363934327520136e-05
1.409484551075763e-05
1.4550924530599e-05
1.500780631052934e-05
1.546571568702583e-05
1.592489455051982e-05
1.638558298147858e-05
1.684786507279376e-05
1.731206518258577e-05
1.777821410998575e-05
1.824644287642215e-05
1.8716792974343e-05
1.918938642402162e-05
1.966419402977812e-05
2.01411788723565e-05
2.062028296579839e-05
2.110140260471434e-05
2.1584371101581e-05
2.206911682929467e-05
2.255530863087641e-05
2.304277541335593e-05
2.353129451196516e-05
2.402043030804715e-05
2.451004274757961e-05
2.499965058464998e-05
2.548893705704673e-05
2.597760473670296e-05
2.64651280827888e-05
2.695114793434258e-05
2.743520268839501e-05
2.791699263248701e-05
2.839599195152037e-05
2.887170660074677e-05
2.934382411392411e-05
2.98118667183189e-05
3.027542330062511e-05
3.073405216420464e-05
3.118729634277288e-05
3.163490125896033e-05
3.207636888471636e-05
3.251143437336374e-05
3.29396740253233e-05
3.336078783814964e-05
3.377452375365962e-05
3.418047765934297e-05
3.457852368663485e-05
3.496838943793797e-05
3.53498136281033e-05
3.572265317486166e-05
3.608678815285604e-05
3.644201439198278e-05
3.678829023069565e-05
3.712553478270727e-05
3.74537158613261e-05
3.777273258552209e-05
3.808267224145814e-05
3.83836009224989e-05
3.867550257880901e-05
3.895844839756727e-05
3.923270585499695e-05
3.949826512591981e-05
3.97553774835121e-05
4.000415872801034e-05
4.024496720661416e-05
4.047792863399031e-05
4.070331272927917e-05
4.092143055697177e-05
4.113255354985114e-05
4.133707252125339e-05
4.15353239888422e-05
4.172762403285984e-05
4.191439443371066e-05
4.209597569947821e-05
4.227285385230698e-05
4.244543343576813e-05
4.26141474438436e-05
4.2779433371829e-05
4.294183425319086e-05
4.310171952511852e-05
4.325959772629331e-05
4.341605312486093e-05
4.357152784688512e-05
4.372653642558771e-05
4.388157447215261e-05
4.403716887517992e-05
4.419391409400484e-05
4.435229248712196e-05
4.451280846429887e-05
4.467606094671467e-05
4.484258014847437e-05
4.501288840109856e-05
4.518748058526387e-05
4.536696149961917e-05
4.555188067601302e-05
4.574273031482285e-05
4.594002327516159e-05
4.614429763485308e-05
4.635611965928033e-05
4.657599933530046e-05
4.680441454511993e-05
4.704189544075377e-05
4.728891206939052e-05
4.754599010580104e-05
4.781360388077546e-05
4.809226458676515e-05
4.838239157715879e-05
4.868439160115932e-05
4.899881410911972e-05
4.932602116725749e-05
4.966650827566192e-05
5.002063852250249e-05
5.038880888521787e-05
5.077134031649188e-05
5.11687059723998e-05
5.158121791185396e-05
5.200917585664698e-05
5.245297414930398e-05
5.291285774725201e-05
5.338914079623756e-05
5.388202771676493e-05
5.439188509926763e-05
5.491880109796218e-05
5.546306699384852e-05
5.602480074179373e-05
5.66041622450269e-05
5.720136783218718e-05
5.781642373472319e-05
5.844942531830591e-05
5.910041455455694e-05
5.976943951063802e-05
6.045641635062522e-05
6.116138450054475e-05
6.188419243301526e-05
6.262470702022705e-05
6.338279056858287e-05
6.415823394592759e-05
6.495078849510267e-05
6.576017466524819e-05
6.658601507642174e-05
6.742794471348583e-05
6.828553629724757e-05
6.915828203740477e-05
7.00455844868278e-05
7.094686243035017e-05
7.186147370060497e-05
7.278860891862902e-05
7.372752438088574e-05
7.467728760403499e-05
7.563697675866742e-05
7.660550328684094e-05
7.758181740856805e-05
7.856465422391774e-05
7.955276536730098e-05
8.054473447957022e-05
8.15390706709906e-05
8.25342022147346e-05
8.352851034721359e-05
8.452013784139797e-05
8.550717132446429e-05
8.64876850112652e-05
8.745947553892404e-05
8.842029424324877e-05
8.936780723297197e-05
9.029949063458593e-05
9.121277467348281e-05
9.210485021297194e-05
9.297285968776044e-05
9.381384722770918e-05
9.462464575181543e-05
9.54019264323077e-05
9.614237496888973e-05
9.684243514047032e-05
9.749844622369538e-05
9.810667724188875e-05
9.866321705034563e-05
9.916408441966942e-05
9.960517356194125e-05
9.998231910188462e-05
0.0001002912492599456
0.0001005275763119682
0.0001006869447922647
0.0001007648706444984
0.0001007569194375788
0.0001006585654874034
0.0001004653631717548
0.0001001727811618308
9.977651885636389e-05
9.92722126294489e-05
9.865564692352125e-05
9.792269119917341e-05
9.706946350140647e-05
9.609223302163811e-05
9.498747099434882e-05
9.375188871258167e-05
9.238252962006341e-05
9.087672505112098e-05
8.923218881550481e-05
8.744698126945429e-05
8.551961095927442e-05
8.344905778762598e-05
8.123471412264615e-05
7.887653819623178e-05
7.637501531310224e-05
7.3731197301188e-05
7.094665555865385e-05
6.802360390656268e-05
6.496494640324147e-05
6.177403662585278e-05
5.845497289810615e-05
5.501248449183476e-05
5.145180639620975e-05
4.777887177268681e-05
4.400017698609336e-05
4.012281252363208e-05
3.615437284633523e-05
3.210296396419164e-05
2.797714564188345e-05
2.378596044665446e-05
1.953880828934967e-05
1.524534567161431e-05
1.091562883430627e-05
6.559862061030449e-06
2.18833827999705e-06
-2.188338278950733e-06
-6.559862063774589e-06
-1.091562883405613e-05
-1.524534567115527e-05
-1.953880828925184e-05
-2.378596044726153e-05
-2.797714564002626e-05
-3.210296396376157e-05
-3.615437284698662e-05
-4.012281252459326e-05
-4.40001769837379e-05
-4.777887177492978e-05
-5.145180639624803e-05
-5.501248449213213e-05
-5.845497289616822e-05
-6.177403662780467e-05
-6.496494640314578e-05
-6.802360390616552e-05
-7.094665555940866e-05
-7.373119730054263e-05
-7.637501531405817e-05
-7.88765381947968e-05
-8.123471412205805e-05
-8.344905778660464e-05
-8.55196109595474e-05
-8.744698127073518e-05
-8.923218881577159e-05
-9.087672505163272e-05
-9.238252961881092e-05
-9.375188871292925e-05
-9.49874709939351e-05
-9.609223302059497e-05
-9.706946350397636e-05
-9.79226911970105e-05
-9.865564692453262e-05
-9.927221262791817e-05
-9.977651885797198e-05
-0.0001001727811599495
-0.0001004653631739185
-0.0001006585654857007
-0.0001007569194377563
-0.0001007648706451759
-0.0001006869447940743
-0.0001005275763121675
-0.0001002912492594386
-9.998231910116587e-05
-9.960517356046017e-05
-9.916408442231811e-05
-9.866321704792622e-05
-9.810667724354956e-05
-9.749844622332325e-05
-9.684243513979069e-05
-9.614237496854015e-05
-9.540192643225452e-05
-9.462464575349253e-05
-9.381384722880329e-05
-9.29728596855009e-05
-9.210485021314607e-05
-9.121277467643816e-05
-9.029949063333402e-05
-8.936780723240073e-05
-8.84202942451125e-05
-8.745947553897085e-05
-8.648768501183065e-05
-8.55071713227613e-05
-8.452013784278209e-05
-8.352851034798619e-05
-8.253420221456171e-05
-8.153907067071262e-05
-8.054473448024172e-05
-7.955276536491939e-05
-7.856465422550494e-05
-7.75818174062304e-05
-7.660550328910249e-05
-7.563697675801875e-05
-7.467728760271992e-05
-7.372752438106551e-05
-7.278860891660518e-05
-7.18614736999511e-05
-7.094686243006566e-05
-7.004558448910096e-05
-6.915828203702979e-05
-6.828553629707358e-05
-6.742794471244249e-05
-6.65860150780826e-05
-6.57601746660676e-05
-6.495078849271132e-05
-6.415823394570189e-05
-6.338279056932508e-05
-6.262470701954091e-05
-6.188419243497004e-05
-6.116138450098995e-05
-6.045641635129612e-05
-5.976943950939125e-05
-5.910041455538364e-05
-5.844942532030904e-05
-5.781642373144073e-05
-5.720136783357458e-05
-5.660416224542044e-05
-5.60248007416259e-05
-5.546306699446311e-05
-5.491880109560388e-05
-5.439188510213842e-05
-5.388202771626807e-05
-5.338914079479595e-05
-5.291285774655916e-05
-5.24529741508891e-05
-5.200917585724457e-05
-5.158121791250369e-05
-5.116870597206047e-05
-5.077134031487802e-05
-5.038880888528115e-05
-5.002063852315845e-05
-4.966650827458333e-05
-4.932602116855394e-05
-4.899881410791396e-05
-4.868439159996283e-05
-4.838239157750776e-05
-4.8092264585605e-05
-4.781360388383969e-05
-4.754599010458468e-05
-4.728891206905601e-05
-4.704189544197789e-05
-4.680441454459582e-05
-4.657599933359401e-05
-4.635611965883251e-05
-4.614429763399103e-05
-4.594002327653629e-05
-4.574273031631761e-05
-4.555188067607136e-05
-4.536696149932101e-05
-4.518748058349669e-05
-4.501288840182165e-05
-4.484258015008684e-05
-4.467606094522661e-05
-4.451280846464293e-05
-4.435229248743099e-05
-4.419391409266804e-05
-4.403716887631197e-05
-4.388157447131851e-05
-4.37265364240713e-05
-4.357152784934899e-05
-4.341605312185776e-05
-4.3259597725613e-05
-4.31017195268197e-05
-4.294183425467007e-05
-4.277943336948416e-05
-4.261414744457106e-05
-4.244543343439385e-05
-4.227285385377327e-05
-4.20959756982849e-05
-4.191439443596468e-05
-4.172762403176824e-05
-4.153532398658885e-05
-4.133707252021833e-05
-4.113255355166779e-05
-4.092143055625457e-05
-4.070331273089978e-05
-4.047792863247365e-05
-4.02449672069243e-05
-4.000415872641407e-05
-3.975537748451664e-05
-3.949826512533245e-05
-3.923270585490815e-05
-3.89584483977997e-05
-3.867550257842219e-05
-3.838360092459813e-05
-3.80826722415263e-05
-3.777273258510075e-05
-3.745371586117438e-05
-3.712553478318823e-05
-3.678829023256673e-05
-3.644201439133619e-05
-3.608678815322824e-05
-3.572265317299488e-05
-3.534981362833004e-05
-3.496838943977004e-05
-3.457852368520407e-05
-3.418047765849087e-05
-3.377452375522238e-05
-3.336078783740903e-05
-3.293967402513214e-05
-3.251143437393525e-05
-3.207636888328206e-05
-3.163490125818072e-05
-3.118729634379457e-05
-3.0734052164463e-05
-3.027542329937039e-05
-2.981186671984942e-05
-2.934382411233594e-05
-2.887170660085084e-05
-2.83959919541424e-05
-2.791699263219355e-05
-2.743520268896297e-05
-2.695114793404063e-05
-2.646512808108763e-05
-2.597760473782828e-05
-2.548893705770725e-05
-2.499965058366056e-05
-2.451004274903361e-05
-2.40204303086334e-05
-2.35312945120387e-05
-2.304277541299946e-05
-2.255530863099376e-05
-2.206911682819165e-05
-2.158437110176404e-05
-2.110140260684901e-05
-2.062028296539968e-05
-2.014117887201359e-05
-1.966419402976998e-05
-1.918938642389032e-05
-1.871679297492582e-05
-1.824644287641137e-05
-1.777821411036814e-05
-1.73120651802598e-05
-1.684786507237624e-05
-1.638558298196584e-05
-1.592489454994121e-05
-1.546571568673447e-05
-1.500780631271545e-05
-1.455092452926993e-05
-1.40948455111879e-05
-1.363934327623445e-05
-1.318405695529954e-05
-1.272882185911304e-05
-1.227335028513552e-05
-1.181744244829671e-05
-1.136079552793891e-05
-1.090328217037771e-05
-1.044469804959927e-05
-9.984995207630489e-06
-9.523919689539907e-06
-9.061515625099191e-06
-8.597825503695158e-06
-8.132861919327058e-06
-7.66669980213462e-06
-7.199562425760746e-06
-6.731714199043751e-06
-6.263390357351929e-06
-5.795061332728401e-06
-5.327073104145958e-06
-4.860037803062745e-06
-4.39457296253704e-06
-3.931210840893728e-06
-3.470797066283682e-06
-3.01407607932926e-06
-2.561952266809235e-06
-2.115287493708137e-06
-1.675075396802896e-06
-1.242324133580476e-06
0
