0.001093963666373338
0.001092490038610836
0.001090563152223165
0.001088175824871563
0.001085321752884252
0.001081995460334211
0.001078192243570044
0.001073908111619255
0.00106913972327739
0.001063884321558765
0.001058139666007899
0.001051903963980922
0.001045175801258256
0.001037954073046229
0.001030237915941553
0.001022026641619048
0.001013319673010951
0.001004116483508284
0.0009944165398901583
0.0009842192495251858
0.0009735239122476175
0.0009623296774277912
0.0009506355065045662
0.0009384401413566573
0.0009257420785083667
0.0009125395495058926
0.0008988305073298862
0.0008846126188943766
0.0008698832634609702
0.0008546395368152241
0.0008388782609592901
0.0008225959990100645
0.0008057890749727488
0.0007884535978937056
0.0007705854901725795
0.0007521805193085587
0.0007332343328543779
0.000713742495841563
0.0006937005304103634
0.0006731039569823002
0.0006519483365139134
0.0006302293133956327
0.0006079426585578022
0.0005850843121540245
0.0005616504257262419
0.0005376374031253427
0.0005130419400870391
0.0004878610620501194
0.0004620921598926468
0.0004357330234193036
0.0004087818723272291
0.0003812373845497614
0.0003530987217290772
0.0003243655518140741
0.000295038068682054
0.0002651170087200065
0.0002346036643533387
0.0002034998946460888
0.0001718081328186359
0.0001395313909184853
0.0001066732616647848
7.323791758440631e-05
3.923010752263874e-05
4.65515068684017e-06
-3.048107162192862e-05
-6.617212642911109e-05
-0.0001024110415850416
-0.0001391903200696765
-0.0001765019559652856
-0.0002143374520646698
-0.0002526878386488155
-0.0002915436936806086
-0.0003308951638346558
-0.0003707319865331586
-0.0004110435126210999
-0.0004518187296835476
-0.0004930462857607367
-0.000534714513385976
-0.000576811453777016
-0.0006193248811225444
-0.0006622423268156895
-0.0007055511034883507
-0.0007492383288562918
-0.0007932909492296956
-0.0008376957625694662
-0.0008824394411224711
-0.0009275085534666385
-0.0009728895859678053
-0.00101856896364161
-0.001064533070237217
-0.001110768267689159
-0.001157260914755125
-0.00120399738491027
-0.001250964083418225
-0.001298147463656867
-0.001345534042540833
-0.001393110415223496
-0.001440863268867795
-0.001488779395724062
-0.001536845705326386
-0.001585049235863297
-0.001633377164871823
-0.001681816819010893
-0.001730355683245565
-0.001778981409141787
-0.00182768182254252
-0.001876444930532814
-0.001925258927679972
-0.001974112201705378
-0.002022993338470751
-0.00207189112639277
-0.002120794560281609
-0.002169692844600785
-0.002218575396246464
-0.00226743184681222
-0.002316252044341068
-0.002365026054711624
-0.002413744162514228
-0.002462396871577625
-0.002510974905087985
-0.002559469205397709
-0.002607870933455098
-0.002656171467947265
-0.002704362404188507
-0.002752435552632916
-0.002800382937297764
-0.002848196793844252
-0.002895869567435603
-0.002943393910516035
-0.002990762680309841
-0.003037968936208289
-0.003085005936987721
-0.003131867137925107
-0.003178546187806202
-0.003225036925775225
-0.003271333378176849
-0.003317429755220898
-0.003363320447713416
-0.003409000023592134
-0.003454463224545951
-0.003499704962470116
-0.003544720316017171
-0.003589504527017047
-0.003634052997025519
-0.003678361283671585
-0.003722425097237523
-0.003766240297031442
-0.003809802887937426
-0.003853109016883887
-0.003896154969412941
-0.003938937166203232
-0.003981452159669642
-0.00402369663059332
-0.00406566738481129
-0.004107361349894741
-0.004148775571922464
-0.004189907212260848
-0.004230753544477694
-0.004271311951164581
-0.004311579920982045
-0.004351555045601679
-0.004391235016825389
-0.004430617623676404
-0.0044697007496272
-0.004508482369787913
-0.004546960548266831
-0.004585133435501263
-0.004622999265665446
-0.004660556354197107
-0.004697803095288926
-0.004734737959531076
-0.004771359491537533
-0.004807666307679825
-0.004843657093874869
-0.004879330603370679
-0.004914685654706074
-0.004949721129631927
-0.004984435971072398
-0.005018829181248826
-0.005052899819750226
-0.005086647001730907
-0.005120069896100088
-0.005153167723795923
-0.005185939756152939
-0.005218385313211839
-0.005250503762176814
-0.005282294515882196
-0.005313757031287807
-0.005344890808075744
-0.005375695387239685
-0.00540617034970192
-0.005436315315071687
-0.005466129940332989
-0.005495613918642578
-0.005524766978139781
-0.005553588880805712
-0.005582079421351744
-0.005610238426155475
-0.005638065752220822
-0.005665561286196045
-0.00569272494338075
-0.00571955666682952
-0.005746056426422046
-0.005772224218019852
-0.005798060062608718
-0.005823564005527338
-0.00584873611562048
-0.005873576484566018
-0.005898085226104388
-0.00592226247536136
-0.005946108388161914
-0.005969623140384971
-0.005992806927351867
-0.006015659963219684
-0.006038182480403463
-0.006060374729018248
-0.006082236976338759
-0.006103769506311472
-0.006124972619005165
-0.006145846630221029
-0.006166391870934472
-0.006186608686942027
-0.006206497438387567
-0.006226058499366465
-0.006245292257562724
-0.006264199113828734
-0.006282779481871835
-0.00630103378787635
-0.006318962470200307
-0.0063365659790427
-0.006353844776116909
-0.006370799334417306
-0.006387430137897105
-0.006403737681211505
-0.006419722469451777
-0.006435385017906695
-0.00645072585185321
-0.006465745506288584
-0.00648044452574143
-0.006494823464066816
-0.006508882884219955
-0.006522623358126428
-0.006536045466436499
-0.006549149798400588
-0.00656193695169033
-0.006574407532222758
-0.006586562154037673
-0.006598401439167255
-0.006609926017444659
-0.006621136526442944
-0.006632033611293591
-0.006642617924609392
-0.006652890126322628
-0.006662850883659373
-0.006672500870966141
-0.006681840769636117
-0.006690871268022269
-0.006699593061350319
-0.006708006851622123
-0.00671611334756406
-0.006723913264514119
-0.006731407324393446
-0.006738596255596686
-0.006745480792952563
-0.006752061677681799
-0.006758339657294309
-0.006764315485548358
-0.00676998992245516
-0.006775363734133948
-0.006780437692825201
-0.006785212576856651
-0.006789689170571153
-0.006793868264307567
-0.006797750654340871
-0.006801337142871712
-0.006804628537978406
-0.006807625653601422
-0.006810329309489865
-0.006812740331205817
-0.006814859550052186
-0.006816687803116817
-0.006818225933160392
-0.006819474788706822
-0.006820435223872337
-0.006821108098507047
-0.006821494278067702
-0.006821594633636909
-0.006821410041894332
-0.006820941385138061
-0.00682018955120515
-0.006819155433519618
-0.006817839931030799
-0.00681624394824761
-0.006814368395181176
-0.006812214187357607
-0.006809782245783776
-0.006807073497003968
-0.006804088872963794
-0.006800829311148334
-0.006797295754440953
-0.006793489151215745
-0.006789410455245348
-0.006785060625745985
-0.006780440627352357
-0.006775551430110445
-0.00677039400945169
-0.006764969346207992
-0.006759278426584799
-0.006753322242161981
-0.0067471017898693
-0.006740618072009837
-0.006733872096200039
-0.006726864875415928
-0.006719597427940453
-0.006712070777360285
-0.006704285952582659
-0.00669624398779343
-0.006687945922436813
-0.006679392801284685
-0.006670585674297758
-0.006661525596708997
-0.006652213628982795
-0.00664265083680898
-0.006632838291055284
-0.006622777067808533
-0.006612468248318969
-0.006601912918995303
-0.006591112171401373
-0.006580067102228488
-0.006568778813268641
-0.006557248411447404
-0.006545477008730774
-0.006533465722160072
-0.006521215673846103
-0.006508727990884752
-0.006496003805394593
-0.006483044254495657
-0.00646985048024464
-0.006456423629654494
-0.006442764854666375
-0.006428875312102227
-0.006414756163658721
-0.006400408575900159
-0.006385833720194268
-0.006371032772721644
-0.006356006914430239
-0.006340757331007265
-0.006325285212877573
-0.006309591755131063
-0.006293678157524804
-0.006277545624451974
-0.006261195364891154
-0.006244628592408477
-0.006227846525082246
-0.006210850385503337
-0.006193641400718444
-0.006176220802225579
-0.006158589825887368
-0.006140749711945439
-0.006122701704973201
-0.006104447053810454
-0.006085987011518293
-0.006067322835411323
-0.006048455786915093
-0.006029387131608683
-0.006010118139133259
-0.005990650083165365
-0.005970984241379868
-0.005951121895360159
-0.005931064330628327
-0.005910812836514446
-0.005890368706173306
-0.005869733236487869
-0.005848907728069029
-0.005827893485129006
-0.005806691815517091
-0.005785304030587322
-0.005763731445190142
-0.005741975377632727
-0.005720037149539902
-0.005697918085884296
-0.00567561951487525
-0.005653142767950628
-0.005630489179628093
-0.005607660087526962
-0.005584656832263653
-0.00556148075739254
-0.005538133209344426
-0.005514615537367831
-0.005490929093433301
-0.005467075232179062
-0.005443055310860119
-0.005418870689239515
-0.005394522729527533
-0.005370012796331022
-0.005345342256554147
-0.005320512479297148
-0.005295524835839616
-0.005270380699512871
-0.005245081445622637
-0.005219628451384808
-0.00519402309583514
-0.005168266759715092
-0.005142360825460063
-0.00511630667699345
-0.005090105699754806
-0.005063759280546824
-0.005037268807422704
-0.005010635669659666
-0.004983861257604302
-0.004956946962594334
-0.004929894176852223
-0.004902704293405297
-0.004875378705979188
-0.004847918808837423
-0.004820325996769913
-0.004792601664919693
-0.004764747208666965
-0.004736764023567264
-0.00470865350520808
-0.004680417049072436
-0.004652056050473118
-0.004623571904396419
-0.004594966005375495
-0.004566239747412247
-0.004537394523809957
-0.004508431727028389
-0.004479352748649872
-0.004450158979117788
-0.004420851807699929
-0.004391432622333755
-0.004361902809448101
-0.004332263753864715
-0.004302516838640648
-0.004272663444935616
-0.004242704951834708
-0.004212642736236762
-0.004182478172659852
-0.004152212633138957
-0.00412184748702467
-0.00409138410082006
-0.004060823838081675
-0.00403016805916719
-0.003999418121131068
-0.003968575377526075
-0.003937641178219766
-0.00390661686925932
-0.003875503792650515
-0.003844303286184424
-0.003813016683264649
-0.003781645312706988
-0.003750190498546295
-0.003718653559852247
-0.00368703581050515
-0.003655338559027976
-0.003623563108353241
-0.003591710755630959
-0.003559782791985258
-0.003527780502335678
-0.00349570516516196
-0.003463558052262253
-0.003431340428553741
-0.003399053551798864
-0.003366698672426313
-0.003334277033238325
-0.003301789869183618
-0.003269238407120958
-0.00323662386552771
-0.003203947454290257
-0.003171210374403133
-0.003138413817717007
-0.003105558966666615
-0.003072646993947214
-0.003039679062333545
-0.003006656324282976
-0.002973579921702465
-0.002940450985640294
-0.002907270635956527
-0.002874039981042493
-0.002840760117508082
-0.002807432129822415
-0.002774057089990579
-0.002740636057292239
-0.002707170077842676
-0.002673660184301426
-0.002640107395505654
-0.002606512716104829
-0.002572877136202887
-0.00253920163098487
-0.002505487160318781
-0.002471734668398987
-0.002437945083309878
-0.002404119316653423
-0.00237025826312655
-0.002336362800088344
-0.00230243378717814
-0.002268472065819114
-0.002234478458812055
-0.002200453769878368
-0.002166398783181414
-0.002132314262877979
-0.002098200952627557
-0.002064059575106167
-0.002029890831478604
-0.001995695400958361
-0.001961473940201031
-0.001927227082853865
-0.00189295543894621
-0.001858659594415031
-0.001824340110466187
-0.001789997523050618
-0.001755632342274936
-0.001721245051777906
-0.001686836108169208
-0.001652405940358592
-0.001617954948957558
-0.001583483505614292
-0.001548991952393253
-0.001514480601047092
-0.001479949732373809
-0.001445399595509768
-0.001410830407196138
-0.001376242351099682
-0.001341635577007038
-0.001307010200130453
-0.001272366300280636
-0.001237703921141777
-0.001203023069398833
-0.001168323713979235
-0.001133605785189231
-0.001098869173839926
-0.001064113730429889
-0.001029339264218516
-0.0009945455423410292
-0.000959732288872921
-0.000924899183886217
-0.0008900458625248001
-0.000855171913970853
-0.0008202768804707313
-0.0007853602563645299
-0.0007504214869591669
-0.0007154599675248308
-0.0006804750422158689
-0.0006454660029528
-0.0006104320883084151
-0.0005753724823649506
-0.0005402863135225927
-0.0005051726533667914
-0.0004700305154084353
-0.0004348588538490562
-0.0003996565623592056
-0.000364422472744594
-0.0003291553537032468
-0.0002938539094262727
-0.0002585167782999607
-0.0002231425314720654
-0.0001877296714910024
-0.0001522766308482261
-0.0001167817705177662
-8.124337849636407e-05
-4.565966824379589e-05
-1.002877721624821e-05
2.565123478817015e-05
6.138238713088899e-05
9.716678002985851e-05
0.0001330065961639129
0.0001689041023420212
0.0002048616512429354
0.0002408816831260946
0.0002769667275864546
0.0003131194053466288
0.0003493424300609886
0.0003856386102079724
0.0004220108508782489
0.0004584621557436811
0.000494995628958148
0.0005316144771203245
0.0005683220112367562
0.0006051216487435317
0.0006420169155530483
0.000679011448086552
0.000716108995381826
0.0007533134211987823
0.0007906287061588479
0.0008280589498955552
0.0008656083732339555
0.000903281320419009
0.0009410822613249871
0.0009790157936599396
0.00101708664532647
0.001055299676603269
0.00109365988248139
0.001132172394985468
0.001170842485474467
0.001209675566992897
0.001248677196593327
0.00128785307769442
0.001327209062418288
0.001366751153974414
0.001406485508953954
0.001446418439753495
0.001486556416816334
0.001526906071062644
0.001567474196097748
0.001608267750572204
0.001649293860436881
0.001690559821155627
0.001732073099952966
0.001773841337937091
0.001815872352242128
0.001858174138129931
0.001900754870958501
0.00194362290816313
0.001986786791132333
0.00203025524701788
0.002074037190450499
0.002118141725140479
0.002162578145421353
0.002207355937645992
0.002252484781424894
0.002297974550833922
0.002343835315305218
0.002390077340550347
0.002436711089138343
0.002483747220968862
0.002531196593538754
0.002579070261955461
0.002627379478726935
0.002676135693282276
0.002725350551217237
0.002775035893266737
0.00282520375389103
0.002875866359594852
0.002927036126794777
0.002978725659379424
0.003030947745732749
0.003083715355432811
0.003137041635319519
0.003190939905186813
0.003245423652771847
0.003300506528295188
0.003356202338254892
0.003412525038578034
0.003469488727080036
0.003527107635135139
0.003585396118503236
0.003644368647327971
0.003704039795184612
0.003764424227162902
0.003825536686862768
0.003887391982340879
0.003950004970827396
0.004013390542199922
0.004077563601153146
0.00414253904796649
0.004208331757741065
0.004274956558108941
0.004342428205256233
0.004410761358209664
0.004479970551217414
0.004550070164251621
0.004621074391386971
0.004692997207003891
0.004765852329778274
0.004839653184185244
0.004914412859523177
0.004990144066345001
0.005066859090029609
0.005144569741548234
0.005223287305169246
0.005303022483047957
0.00538378533655305
0.005465585224138023
0.00554843073579857
0.00563232962382245
0.005717288729796245
0.005803313907769262
0.005890409943496178
0.005978580469534237
0.006067827876333374
0.006158153219037184
0.006249556120136048
0.006342034667814838
0.006435585310047088
0.006530202744453675
0.006625879804009662
0.006722607338593646
0.006820374092649413
0.006919166578963512
0.007018968948925305
0.007119762859395001
0.007221527336632269
0.007324238637543072
0.007427870108779645
0.00753239204414616
0.007637771540951859
0.007743972355933527
0.007850954761550311
0.007958675403413223
0.008067087159853863
0.008176139004631273
0.008285775873867864
0.008395938538484434
0.008506563483360026
0.008617582794716309
0.008728924057204405
0.008840510262174799
0.008952259728988311
0.00906408604089824
0.009175897997527551
0.009287599585581873
0.009399089969840076
0.009510263506279402
0.009621009779254914
0.0097312136645685
0.009840755420326985
0.009949510807304671
0.01005735124052003
0.0101641439733616
0.01026975231587538
0.01037403588811836
0.01047685090953602
0.01057805052501169
0.01067748516788695
0.01077500295979367
0.01087045014706897
0.01096367157270406
0.01105451118274682
0.011142812565313
0.01122841952011772
0.01131117665578278
0.01139093001188817
0.01146752770205957
0.01154082057416395
0.01161066288303004
0.01167691297090641
0.0117394339504008
0.01179809438440691
0.01185276895730274
0.01190333913148763
0.01194969378325073
0.01199172981203895
0.01202935271710523
0.01206247713590188
0.01209102733865033
0.01211493767388238
0.01213415296040274
0.01214862882125224
0.01215833195617382
0.01216324034951076
0.01216334341126405
0.01215864204970591
0.01214914867479298
0.01213488713227103
0.01211589256928497
0.01209221123294691
0.01206390020412339
0.012031027069399
0.01199366953469702
0.01195191498490754
0.01190585999394504
0.01185560979051715
0.01180127768498286
0.01174298446302248
0.01168085775194548
0.01161503136568941
0.0115456446343367
0.01147284172422186
0.01139677095411273
0.01131758411318105
0.01123543578581551
0.01115048268817576
0.01106288302108697
0.01097279584313639
0.01088038046777072
0.01078579588743097
0.01068920022754038
0.01059075023241114
0.01049060078501569
0.01038890446178703
0.01028581112343203
0.0101814675422063
0.01007601706579829
0.009969599317548599
0.009862349932522989
0.009754400328544197
0.009645877511227943
0.009536903911671515
0.009427597255373611
0.009318070460868405
0.009208431566285657
0.009098783682202367
0.008989224968749937
0.008879848635477356
0.008770742961655573
0.008661991335638101
0.008553672311118931
0.008445859678747813
0.008338622551244649
0.008232025460466025
0.008126128464841084
0.008020987265662603
0.007916653330857761
0.007813174024969116
0.007710592744119018
0.007608949054746158
0.007508278835277295
0.007408614419579561
0.007309984741545367
0.007212415479836838
0.007115929202344042
0.007020545509456455
0.006926281175935392
0.006833150290593878
0.006741164393665035
0.006650332611282086
0.006560661786949987
0.006472156609649571
0.00638481973844121
0.0062986519234209
0.006213652122807945
0.006129817616270294
0.006047144114245543
0.005965625863327426
0.005885255747744384
0.005806025386871148
0.005727925228844136
0.005650944640354313
0.005575071992703294
0.005500294744101826
0.005426599518416432
0.005353972180387613
0.005282397907462092
0.00521186125830324
0.005142346238142385
0.00507383636106519
0.005006314709277248
0.004939763989609052
0.004874166587264778
0.004809504616921161
0.004745759971391095
0.004682914367842829
0.004620949391797495
0.004559846538879942
0.004499587254585357
0.004440152972003086
0.004381525147724415
0.004323685295917021
0.004266615020765102
0.004210296047246246
0.004154710250441347
0.004099839683378389
0.004045666603463357
0.003992173497673801
0.003939343106491403
0.003887158446628364
0.003835602832688071
0.003784659897737692
0.003734313612848501
0.003684548305730118
0.003635348678369463
0.003586699823843992
0.003538587242257593
0.0034909968558711
0.003443915023447865
0.003397328553826556
0.003351224718772153
0.0033055912651142
0.003260416426158678
0.003215688932440509
0.003171398021764874
0.003127533448636694
0.00308408549294051
0.003041044968088605
0.002998403228369531
0.002956152175725488
0.002914284265880776
0.002872792513690356
0.002831670497978344
0.002790912365529631
0.002750512834502711
0.002710467197064449
0.002670771321324448
0.002631421652553314
0.002592415213582334
0.002553749604504354
0.002515423001526182
0.002477434155047286
0.002439782386855644
0.0024024675865207
0.002365490206869416
0.002328851258595903
0.002292552303900881
0.002256595449246831
0.002220983337078598
0.002185719136631779
0.002150806533638508
0.002116249719068416
0.002082053376780848
0.002048222670128306
0.002014763227393189
0.001981681126244388
0.001948982876906629
0.001916675404315312
0.001884766029035512
0.001853262447069642
0.001822172708414259
0.001791505194527393
0.001761268594531231
0.001731471880259394
0.001702124280167561
0.001673235251956035
0.001644814454123352
0.001616871716352161
0.001589417008714585
0.001562460409829314
0.001536012073893424
0.001510082196674897
0.001484680980504836
0.001459818598333733
0.0014355051567883
0.001411750658471444
0.001388564963402547
0.001365957749760485
0.001343938473968722
0.001322516330249252
0.00130170020965045
0.001281498658748802
0.001261919838074691
0.001242971480388402
0.001224660848888732
0.001206994695574096
0.001189979219814529
0.001173620027271754
0.00115792208941182
0.001142889703610686
0.001128526454197315
0.001114835174432176
0.001101817909711496
0.001089475882131551
0.001077809456572266
0.001066818108541831
0.001056500393879804
0.001046853920611576
0.001037875323048882
0.001029560238377142
0.001021903285833385
0.00101489804880698
0.00100853705983467
0.001002811788792878
0.0009977126344161611
0.000993228919255807
0.0009893488882013099
0.0009860597108010015
0.0009833474873100988
0.0009811972587049911
0.0009795930206742904
0.0009785177416555329
0.0009779533849480545
0.0009778809349473543
0.0009782804274553287
0.0009791309840490384
0.0009804108505355484
0.0009820974392885061
0.0009841673754835906
0.0009865965470555443
0.0009893601582789706
0.0009924327867442519
0.0009957884435803019
0.0009994006367577439
0.001003242437121399
0.001007286546949335
0.001011505370816959
0.001015871088382012
0.001020355728736514
0.001024931246117177
0.00102956959649069
0.001034242814626114
0.001038923091355793
0.001043582850503538
0.00104819482515664
0.001052732132656467
0.001057168348105723
0.001061477575793058
0.001065634517927938
0.001069614540620804
0.001073393736190071
0.001076948981712853
0.001080257993103998
0.001083299374480016
0.001086052662315432
0.001088498364036777
0.001090617990706204
0.001092394083457971
0.00109381023353936
0.001094851095572683
0.001095502394049265
0.001095750922837825
0.001095584537768917
0.00109499214231217
0
