-4.934794082113491e-06
-1.480433354492799e-05
-2.467372689367916e-05
-3.454287672294493e-05
-4.44116856283005e-05
-5.428005620761146e-05
-6.414789106511614e-05
-7.401509280916381e-05
-8.388156405324975e-05
-9.374720742054879e-05
-0.0001036119255410594
-0.0001134756210538111
-0.0001233381966080039
-0.0001331995548632829
-0.0001430595984924035
-0.0001529182301821329
-0.0001627753526298855
-0.000172630868551808
-0.0001824846806754629
-0.0001923366917493822
-0.0002021868045379653
-0.0002120349218243107
-0.0002218809464107727
-0.0002317247811241512
-0.0002415663288058674
-0.0002514054923253321
-0.0002612421745745748
-0.0002710762784687741
-0.000280907706950443
-0.0002907363629853457
-0.0003005621495690736
-0.0003103849697270506
-0.0003202047265103836
-0.0003300213230013007
-0.0003398346623166798
-0.0003496446476001423
-0.0003594511820323327
-0.0003692541688258384
-0.0003790535112314061
-0.0003888491125306075
-0.0003986408760459097
-0.0004084287051367591
-0.000418212503201596
-0.0004279921736779496
-0.0004377676200438628
-0.0004475387458204955
-0.0004573054545704835
-0.0004670676498998897
-0.0004768252354601001
-0.0004865781149481208
-0.0004963261921073527
-0.000506069370725658
-0.0005158075546455563
-0.0005255406477508871
-0.0005352685539834355
-0.0005449911773314076
-0.0005547084218366255
-0.0005644201915925523
-0.0005741263907502542
-0.0005838269235124698
-0.0005935216941376652
-0.0006032106069445698
-0.0006128935663050162
-0.0006225704766540615
-0.0006322412424834863
-0.0006419057683477253
-0.0006515639588598995
-0.0006612157186998955
-0.0006708609526074184
-0.0006804995653893274
-0.0006901314619133484
-0.0006997565471196941
-0.0007093747260100938
-0.0007189859036605288
-0.0007285899852083634
-0.0007381868758684733
-0.0007477764809231002
-0.0007573587057236289
-0.0007669334556986448
-0.0007765006363522722
-0.0007860601532576497
-0.0007956119120664738
-0.0008051558185068234
-0.0008146917783831806
-0.0008242196975818904
-0.0008337394820650075
-0.0008432510378757574
-0.0008527542711401544
-0.0008622490880631421
-0.0008717353949361669
-0.0008812130981319866
-0.0008906821041108059
-0.0009001423194158902
-0.0009095936506800165
-0.0009190360046246222
-0.0009284692880523273
-0.0009378934078633505
-0.0009473082710442808
-0.0009567137846774431
-0.0009661098559298685
-0.0009754963920685071
-0.0009848733004513056
-0.0009942404885338605
-0.001003597863862219
-0.001012945334084827
-0.00102228280694662
-0.001031610190289123
-0.001040927392056707
-0.00105023432029167
-0.001059530883136064
-0.001068816988838722
-0.001078092545750119
-0.001087357462322897
-0.001096611647116572
-0.001105855008796083
-0.001115087456132384
-0.001124308898006067
-0.001133519243405045
-0.001142718401428604
-0.001151906281279426
-0.001161082792282154
-0.001170247843865889
-0.001179401345576379
-0.001188543207070784
-0.001197673338125361
-0.001206791648626488
-0.001215898048580346
-0.001224992448112471
-0.001234074757463534
-0.001243144886995102
-0.001252202747188856
-0.001261248248645993
-0.001270281302092559
-0.001279301818375953
-0.001288309708466354
-0.001297304883459583
-0.001306287254577579
-0.00131525673316933
-0.001324213230705513
-0.001333156658793174
-0.001342086929162935
-0.00135100395367668
-0.001359907644326715
-0.001368797913236164
-0.001377674672663889
-0.001386537834998322
-0.001395387312764573
-0.001404223018620881
-0.001413044865364258
-0.001421852765923538
-0.001430646633370787
-0.001439426380913558
-0.001448191921899071
-0.001456943169813075
-0.001465680038288259
-0.001474402441093447
-0.001483110292140186
-0.001491803505488269
-0.001500481995338179
-0.001509145676036431
-0.001517794462074789
-0.001526428268096446
-0.001535047008886333
-0.001543650599381722
-0.001552238954670073
-0.001560811989985932
-0.001569369620717613
-0.001577911762405091
-0.001586438330738785
-0.001594949241567182
-0.001603444410892412
-0.00161192375486684
-0.001620387189804442
-0.001628834632176144
-0.001637265998606658
-0.001645681205882359
-0.001654080170949295
-0.00166246281091261
-0.001670829043039982
-0.001679178784759116
-0.001687511953660535
-0.00169582846750095
-0.001704128244198289
-0.001712411201838717
-0.001720677258672182
-0.001728926333114269
-0.001737158343752046
-0.00174537320933983
-0.001753570848796464
-0.001761751181217945
-0.001769914125867172
-0.001778059602177342
-0.001786187529757136
-0.001794297828387254
-0.001802390418023404
-0.001810465218792333
-0.00181852215100151
-0.001826561135129518
-0.001834582091837503
-0.001842584941961586
-0.001850569606515446
-0.001858536006694669
-0.001866484063873491
-0.001874413699608834
-0.001882324835637203
-0.001890217393879091
-0.001898091296438552
-0.001905946465602702
-0.001913782823845692
-0.001921600293824466
-0.001929398798384638
-0.001937178260556488
-0.001944938603561564
-0.001952679750807841
-0.001960401625893726
-0.001968104152605626
-0.001975787254925555
-0.001983450857021966
-0.001991094883260535
-0.001998719258195239
-0.002006323906578338
-0.002013908753353437
-0.002021473723663617
-0.002029018742843628
-0.002036543736427161
-0.00204404863014774
-0.002051533349932636
-0.002058997821911052
-0.002066441972412596
-0.002073865727966354
-0.002081269015303038
-0.002088651761354822
-0.002096013893255103
-0.002103355338346391
-0.002110676024168524
-0.002117975878470944
-0.0021252548292068
-0.002132512804535319
-0.002139749732823958
-0.002146965542645035
-0.002154160162783038
-0.002161333522232009
-0.002168485550189704
-0.002175616176071061
-0.002182725329499161
-0.002189812940309808
-0.002196878938550875
-0.002203923254482741
-0.002210945818583287
-0.002217946561539542
-0.002224925414260033
-0.002231882307862523
-0.002238817173690778
-0.002245729943295689
-0.002252620548453113
-0.002259488921154476
-0.002266334993614101
-0.002273158698261076
-0.002279959967749191
-0.002286738734953732
-0.002293494932969026
-0.00230022849511581
-0.002306939354937165
-0.002313627446195693
-0.002320292702887156
-0.002326935059226589
-0.002333554449656399
-0.002340150808846251
-0.00234672407169139
-0.002353274173316439
-0.002359801049076792
-0.002366304634553805
-0.002372784865558431
-0.00237924167813557
-0.002385675008556774
-0.00239208479332937
-0.002398470969190301
-0.002404833473110407
-0.002411172242296597
-0.00241748721418533
-0.002423778326452173
-0.002430045517005317
-0.002436288723989221
-0.002442507885787907
-0.002448702941019159
-0.002454873828541573
-0.002461020487448764
-0.002467142857078893
-0.002473240877005397
-0.002479314487041047
-0.002485363627245256
-0.002491388237913432
-0.002497388259586108
-0.002503363633042858
-0.002509314299312805
-0.002515240199663687
-0.002521141275608985
-0.002527017468907974
-0.002532868721564024
-0.002538694975829071
-0.002544496174199459
-0.002550272259420593
-0.002556023174483247
-0.002561748862628278
-0.00256744926734819
-0.002573124332378145
-0.002578774001711176
-0.00258439821958622
-0.002589996930493716
-0.00259557007917588
-0.00260111761063093
-0.002606639470104705
-0.002612135603098424
-0.002617605955369735
-0.002623050472926561
-0.00262846910203476
-0.002633861789213336
-0.002639228481239514
-0.002644569125145754
-0.002649883668222412
-0.002655172058017519
-0.002660434242336134
-0.002665670169242663
-0.002670879787061016
-0.002676063044374225
-0.002681219890025332
-0.002686350273118429
-0.002691454143019951
-0.002696531449353822
-0.002701582142012194
-0.002706606171146176
-0.002711603487168705
-0.002716574040758887
-0.00272151778286077
-0.002726434664681197
-0.002731324637692738
-0.002736187653631996
-0.002741023664504272
-0.002745832622578667
-0.002750614480393856
-0.002755369190754678
-0.00276009670673475
-0.002764796981674329
-0.002769469969182809
-0.002774115623141273
-0.002778733897699629
-0.002783324747275705
-0.002787888126558521
-0.002792423990513412
-0.002796932294369071
-0.002801412993633412
-0.002805866044081165
-0.002810291401765039
-0.002814689023006379
-0.002819058864405036
-0.002823400882829346
-0.002827715035426541
-0.002832001279618892
-0.002836259573101543
-0.002840489873847343
-0.002844692140105536
-0.002848866330399059
-0.002853012403533632
-0.002857130318586922
-0.002861220034917229
-0.002865281512161324
-0.002869314710233562
-0.002873319589327903
-0.002877296109917501
-0.002881244232756806
-0.002885163918878407
-0.002889055129597043
-0.002892917826507937
-0.002896751971487989
-0.002900557526695114
-0.002904334454570892
-0.002908082717836987
-0.002911802279501405
-0.002915493102853424
-0.002919155151464977
-0.002922788389194075
-0.002926392780181369
-0.002929968288853448
-0.002933514879922408
-0.002937032518382636
-0.002940521169517491
-0.002943980798895969
-0.002947411372372476
-0.002950812856089113
-0.002954185216472476
-0.002957528420242184
-0.002960842434399087
-0.002964127226238093
-0.002967382763337021
-0.002970609013565904
-0.002973805945084142
-0.002976973526336925
-0.00298011172606354
-0.002983220513290649
-0.002986299857335426
-0.002989349727807085
-0.002992370094601649
-0.002995360927913463
-0.002998322198221269
-0.0030012538763004
-0.003004155933213684
-0.003007028340323167
-0.003009871069275366
-0.003012684092014453
-0.003015467380778811
-0.003018220908097293
-0.003020944646794147
-0.003023638569986771
-0.003026302651087556
-0.003028936863803312
-0.00303154118213439
-0.003034115580378951
-0.00303666003312602
-0.003039174515265731
-0.003041659001979453
-0.003044113468746262
-0.003046537891343814
-0.003048932245840641
-0.003051296508607628
-0.003053630656309472
-0.00305593466591003
-0.003058208514669563
-0.003060452180146175
-0.003062665640192691
-0.003064848872968866
-0.003067001856922864
-0.003069124570806788
-0.003071216993669891
-0.003073279104860113
-0.003075310884027928
-0.003077312311119119
-0.003079283366379284
-0.003081224030355841
-0.003083134283894981
-0.003085014108143636
-0.003086863484549516
-0.003088682394858439
-0.003090470821118142
-0.003092228745679838
-0.003093956151190906
-0.003095653020604233
-0.003097319337172201
-0.003098955084449017
-0.003100560246289888
-0.003102134806853372
-0.003103678750597574
-0.00310519206228697
-0.003106674726983018
-0.003108126730055049
-0.003109548057168963
-0.003110938694300893
-0.00311229862772418
-0.003113627844015186
-0.003114926330056686
-0.00311619407303316
-0.00311743106043234
-0.003118637280044178
-0.003119812719966585
-0.00312095736859584
-0.003122071214636795
-0.00312315424709448
-0.003124206455282199
-0.003125227828811731
-0.003126218357604816
-0.003127178031885358
-0.003128106842180992
-0.003129004779324999
-0.003129871834454381
-0.003130707999013339
-0.003131513264747878
-0.003132287623710375
-0.003133031068258334
-0.003133743591055415
-0.003134425185067841
-0.003135075843569569
-0.003135695560137697
-0.003136284328657423
-0.003136842143315752
-0.003137368998609114
-0.003137864889337595
-0.003138329810605901
-0.003138763757826577
-0.003139166726715716
-0.003139538713295897
-0.00313987971389811
-0.00314018972515408
-0.003140468744004798
-0.003140716767698008
-0.003140933793783792
-0.003141119820121883
-0.003141274844874194
-0.003141398866512381
-0.003141491883812037
-0.003141553895855406
-0.003141584902030507
-0.003141584902030503
-0.003141553895855406
-0.003141491883812036
-0.003141398866512375
-0.003141274844874189
-0.00314111982012188
-0.00314093379378379
-0.003140716767698007
-0.0031404687440048
-0.003140189725154094
-0.003139879713898105
-0.003139538713295894
-0.003139166726715719
-0.003138763757826584
-0.003138329810605898
-0.00313786488933759
-0.00313736899860912
-0.003136842143315752
-0.003136284328657427
-0.003135695560137688
-0.003135075843569572
-0.003134425185067841
-0.003133743591055421
-0.003133031068258327
-0.003132287623710374
-0.003131513264747871
-0.003130707999013348
-0.00312987183445438
-0.003129004779324995
-0.003128106842180995
-0.003127178031885356
-0.003126218357604812
-0.003125227828811728
-0.003124206455282199
-0.003123154247094482
-0.003122071214636798
-0.003120957368595836
-0.00311981271996658
-0.003118637280044173
-0.003117431060432342
-0.003116194073033161
-0.003114926330056691
-0.003113627844015183
-0.00311229862772417
-0.003110938694300889
-0.003109548057168961
-0.003108126730055039
-0.003106674726983014
-0.00310519206228697
-0.00310367875059758
-0.003102134806853374
-0.003100560246289894
-0.003098955084449013
-0.003097319337172192
-0.003095653020604239
-0.003093956151190903
-0.003092228745679833
-0.003090470821118139
-0.003088682394858441
-0.003086863484549516
-0.00308501410814363
-0.003083134283894976
-0.003081224030355842
-0.003079283366379279
-0.003077312311119125
-0.003075310884027931
-0.003073279104860112
-0.003071216993669879
-0.003069124570806797
-0.003067001856922865
-0.003064848872968869
-0.003062665640192687
-0.003060452180146172
-0.003058208514669556
-0.003055934665910036
-0.003053630656309467
-0.003051296508607621
-0.003048932245840635
-0.003046537891343816
-0.003044113468746263
-0.003041659001979445
-0.003039174515265727
-0.003036660033126017
-0.003034115580378947
-0.003031541182134387
-0.003028936863803307
-0.003026302651087553
-0.00302363856998677
-0.003020944646794147
-0.003018220908097283
-0.003015467380778806
-0.003012684092014442
-0.003009871069275361
-0.003007028340323166
-0.003004155933213683
-0.003001253876300396
-0.002998322198221274
-0.002995360927913463
-0.002992370094601645
-0.002989349727807089
-0.002986299857335422
-0.002983220513290645
-0.002980111726063539
-0.00297697352633692
-0.002973805945084138
-0.002970609013565906
-0.002967382763337018
-0.002964127226238087
-0.002960842434399089
-0.00295752842024218
-0.002954185216472473
-0.002950812856089112
-0.002947411372372469
-0.002943980798895971
-0.002940521169517492
-0.002937032518382635
-0.002933514879922409
-0.002929968288853443
-0.002926392780181371
-0.002922788389194062
-0.00291915515146498
-0.002915493102853417
-0.002911802279501394
-0.002908082717836978
-0.002904334454570894
-0.002900557526695102
-0.002896751971487981
-0.002892917826507933
-0.002889055129597041
-0.002885163918878407
-0.002881244232756805
-0.002877296109917497
-0.002873319589327889
-0.002869314710233571
-0.00286528151216131
-0.002861220034917221
-0.002857130318586905
-0.002853012403533621
-0.002848866330399058
-0.002844692140105534
-0.002840489873847329
-0.002836259573101533
-0.00283200127961889
-0.002827715035426531
-0.002823400882829333
-0.002819058864405038
-0.002814689023006379
-0.00281029140176503
-0.002805866044081159
-0.002801412993633401
-0.002796932294369056
-0.002792423990513404
-0.002787888126558518
-0.002783324747275689
-0.002778733897699624
-0.002774115623141277
-0.002769469969182801
-0.002764796981674325
-0.002760096706734736
-0.002755369190754675
-0.002750614480393837
-0.002745832622578653
-0.002741023664504273
-0.002736187653631986
-0.002731324637692733
-0.002726434664681195
-0.002721517782860789
-0.002716574040758898
-0.002711603487168692
-0.002706606171146174
-0.002701582142012187
-0.002696531449353817
-0.002691454143019945
-0.002686350273118425
-0.002681219890025327
-0.002676063044374215
-0.002670879787060996
-0.00266567016924267
-0.00266043424233612
-0.002655172058017511
-0.00264988366822241
-0.002644569125145745
-0.002639228481239504
-0.002633861789213327
-0.002628469102034757
-0.002623050472926548
-0.002617605955369728
-0.00261213560309842
-0.002606639470104706
-0.002601117610630927
-0.002595570079175879
-0.002589996930493705
-0.002584398219586214
-0.002578774001711172
-0.002573124332378146
-0.002567449267348187
-0.002561748862628274
-0.002556023174483248
-0.002550272259420593
-0.002544496174199455
-0.002538694975829067
-0.002532868721564021
-0.00252701746890796
-0.002521141275608979
-0.002515240199663679
-0.002509314299312795
-0.002503363633042861
-0.002497388259586097
-0.002491388237913432
-0.002485363627245245
-0.002479314487041039
-0.002473240877005386
-0.002467142857078888
-0.002461020487448769
-0.002454873828541566
-0.00244870294101916
-0.002442507885787906
-0.002436288723989226
-0.002430045517005316
-0.002423778326452163
-0.002417487214185323
-0.002411172242296587
-0.002404833473110408
-0.002398470969190295
-0.002392084793329372
-0.002385675008556774
-0.002379241678135562
-0.002372784865558438
-0.002366304634553807
-0.002359801049076781
-0.002353274173316428
-0.002346724071691399
-0.002340150808846246
-0.002333554449656385
-0.002326935059226577
-0.002320292702887145
-0.00231362744619569
-0.002306939354937164
-0.00230022849511581
-0.00229349493296901
-0.002286738734953719
-0.00227995996774919
-0.002273158698261074
-0.002266334993614103
-0.00225948892115447
-0.002252620548453103
-0.002245729943295686
-0.002238817173690776
-0.002231882307862516
-0.002224925414260024
-0.002217946561539535
-0.002210945818583275
-0.002203923254482745
-0.00219687893855087
-0.002189812940309791
-0.002182725329499164
-0.002175616176071057
-0.002168485550189699
-0.002161333522232003
-0.002154160162783034
-0.00214696554264503
-0.002139749732823953
-0.00213251280453531
-0.002125254829206798
-0.002117975878470949
-0.002110676024168521
-0.00210335533834638
-0.002096013893255087
-0.002088651761354822
-0.002081269015303031
-0.002073865727966358
-0.002066441972412592
-0.002058997821911041
-0.002051533349932632
-0.002044048630147734
-0.002036543736427151
-0.002029018742843622
-0.002021473723663607
-0.00201390875335344
-0.002006323906578337
-0.00199871925819523
-0.00199109488326053
-0.001983450857021959
-0.001975787254925559
-0.001968104152605611
-0.001960401625893721
-0.00195267975080784
-0.001944938603561567
-0.001937178260556488
-0.001929398798384636
-0.001921600293824461
-0.001913782823845692
-0.001905946465602689
-0.001898091296438549
-0.001890217393879086
-0.001882324835637189
-0.001874413699608829
-0.001866484063873485
-0.001858536006694666
-0.001850569606515444
-0.001842584941961582
-0.001834582091837499
-0.001826561135129517
-0.001818522151001505
-0.001810465218792333
-0.001802390418023403
-0.001794297828387252
-0.001786187529757129
-0.001778059602177336
-0.001769914125867171
-0.001761751181217938
-0.001753570848796461
-0.001745373209339825
-0.001737158343752043
-0.001728926333114265
-0.001720677258672176
-0.001712411201838713
-0.001704128244198288
-0.001695828467500952
-0.001687511953660536
-0.001679178784759115
-0.00167082904303998
-0.001662462810912604
-0.001654080170949287
-0.001645681205882357
-0.001637265998606656
-0.001628834632176138
-0.001620387189804438
-0.001611923754866826
-0.001603444410892405
-0.001594949241567175
-0.00158643833073879
-0.001577911762405092
-0.001569369620717612
-0.001560811989985914
-0.001552238954670075
-0.001543650599381719
-0.001535047008886338
-0.001526428268096449
-0.00151779446207479
-0.001509145676036428
-0.00150048199533818
-0.001491803505488262
-0.00148311029214019
-0.001474402441093444
-0.001465680038288266
-0.001456943169813069
-0.001448191921899073
-0.001439426380913562
-0.001430646633370795
-0.001421852765923548
-0.001413044865364261
-0.00140422301862088
-0.001395387312764574
-0.001386537834998323
-0.001377674672663883
-0.001368797913236167
-0.001359907644326712
-0.001351003953676676
-0.001342086929162935
-0.001333156658793172
-0.00132421323070551
-0.001315256733169336
-0.001306287254577576
-0.001297304883459589
-0.001288309708466354
-0.00127930181837595
-0.00127028130209256
-0.001261248248646006
-0.001252202747188857
-0.001243144886995103
-0.001234074757463533
-0.001224992448112467
-0.001215898048580354
-0.001206791648626484
-0.001197673338125368
-0.001188543207070782
-0.001179401345576382
-0.00117024784386589
-0.001161082792282156
-0.001151906281279427
-0.00114271840142859
-0.001133519243405043
-0.001124308898006074
-0.001115087456132379
-0.001105855008796086
-0.001096611647116575
-0.001087357462322901
-0.001078092545750114
-0.001068816988838724
-0.001059530883136064
-0.001050234320291669
-0.001040927392056705
-0.001031610190289125
-0.001022282806946623
-0.001012945334084834
-0.001003597863862214
-0.0009942404885338505
-0.0009848733004513045
-0.0009754963920685149
-0.0009661098559298636
-0.0009567137846774458
-0.000947308271044281
-0.000937893407863349
-0.0009284692880523325
-0.0009190360046246279
-0.0009095936506800201
-0.0009001423194158917
-0.0008906821041108112
-0.0008812130981319917
-0.0008717353949361686
-0.0008622490880631415
-0.0008527542711401569
-0.0008432510378757639
-0.000833739482065019
-0.0008242196975818999
-0.0008146917783831857
-0.0008051558185068268
-0.0007956119120664829
-0.0007860601532576631
-0.0007765006363522777
-0.0007669334556986548
-0.000757358705723637
-0.0007477764809231081
-0.0007381868758684841
-0.0007285899852083794
-0.000718985903660539
-0.0007093747260101062
-0.0006997565471197094
-0.0006901314619133614
-0.0006804995653893379
-0.0006708609526074304
-0.0006612157186999072
-0.0006515639588599046
-0.0006419057683477389
-0.0006322412424834996
-0.0006225704766540719
-0.0006128935663050304
-0.0006032106069445828
-0.0005935216941376732
-0.0005838269235124788
-0.0005741263907502706
-0.0005644201915925616
-0.0005547084218366381
-0.0005449911773314174
-0.0005352685539834479
-0.0005255406477509008
-0.000515807554645562
-0.0005060693707256656
-0.0004963261921073597
-0.0004865781149481373
-0.0004768252354601112
-0.0004670676498999023
-0.0004573054545704978
-0.0004475387458205091
-0.0004377676200438742
-0.0004279921736779638
-0.000418212503201611
-0.0004084287051367723
-0.0003986408760459256
-0.0003888491125306218
-0.0003790535112314279
-0.0003692541688258509
-0.0003594511820323494
-0.0003496446476001537
-0.0003398346623167022
-0.000330021323001313
-0.0003202047265104018
-0.0003103849697270652
-0.0003005621495690911
-0.0002907363629853665
-0.000280907706950464
-0.0002710762784687964
-0.000261242174574587
-0.0002514054923253473
-0.0002415663288058785
-0.0002317247811241674
-0.0002218809464107766
-0.0002120349218243264
-0.0002021868045379774
-0.0001923366917493982
-0.0001824846806754741
-0.0001726308685518243
-0.0001627753526299029
-0.0001529182301821515
-0.0001430595984924152
-0.0001331995548632976
-0.0001233381966080189
-0.0001134756210538247
-0.0001036119255410778
-9.374720742056251e-05
-8.388156405326138e-05
-7.40150928091859e-05
-6.414789106513548e-05
-5.428005620762979e-05
-4.441168562831841e-05
-3.45428767229577e-05
-2.467372689369377e-05
-1.480433354494244e-05
-4.934794082125181e-06
4.934794082129544e-06
1.4804333544944e-05
2.467372689369703e-05
3.45428767229613e-05
4.441168562831447e-05
5.428005620762632e-05
6.414789106513699e-05
7.401509280918575e-05
8.388156405326574e-05
9.374720742056303e-05
0.0001036119255410751
0.0001134756210538334
0.0001233381966080171
0.0001331995548632954
0.0001430595984924149
0.000152918230182156
0.0001627753526299016
0.0001726308685518228
0.0001824846806754771
0.0001923366917493908
0.0002021868045379819
0.0002120349218243248
0.000221880946410787
0.0002317247811241685
0.0002415663288058781
0.0002514054923253526
0.0002612421745745918
0.0002710762784688018
0.0002809077069504612
0.0002907363629853649
0.0003005621495690926
0.0003103849697270691
0.0003202047265103992
0.0003300213230013141
0.0003398346623166931
0.0003496446476001586
0.0003594511820323503
0.0003692541688258633
0.0003790535112314219
0.0003888491125306238
0.0003986408760459299
0.0004084287051367788
0.0004182125032016138
0.0004279921736779649
0.0004377676200438819
0.0004475387458205095
0.0004573054545704997
0.0004670676498999075
0.0004768252354601115
0.0004865781149481386
0.0004963261921073657
0.0005060693707256769
0.0005158075546455724
0.0005255406477509057
0.0005352685539834559
0.0005449911773314206
0.0005547084218366421
0.0005644201915925738
0.0005741263907502728
0.0005838269235124879
0.0005935216941376848
0.0006032106069445839
0.0006128935663050348
0.0006225704766540735
0.0006322412424834962
0.0006419057683477399
0.0006515639588599128
0.000661215718699896
0.000670860952607434
0.0006804995653893455
0.0006901314619133644
0.0006997565471197134
0.0007093747260101074
0.000718985903660547
0.000728589985208388
0.0007381868758684966
0.0007477764809231115
0.0007573587057236434
0.0007669334556986535
0.0007765006363522907
0.0007860601532576728
0.0007956119120664934
0.0008051558185068341
0.0008146917783831936
0.0008242196975819085
0.0008337394820650285
0.0008432510378757716
0.0008527542711401586
0.0008622490880631474
0.0008717353949361885
0.0008812130981320183
0.0008906821041108229
0.0009001423194159084
0.0009095936506800333
0.0009190360046246295
0.000928469288052342
0.0009378934078633679
0.0009473082710443017
0.0009567137846774549
0.0009661098559298789
0.0009754963920685284
0.000984873300451313
0.0009942404885338802
0.001003597863862221
0.001012945334084855
0.001022282806946646
0.001031610190289148
0.001040927392056721
0.001050234320291678
0.001059530883136089
0.001068816988838743
0.001078092545750135
0.001087357462322917
0.001096611647116586
0.001105855008796106
0.001115087456132398
0.001124308898006091
0.001133519243405064
0.001142718401428613
0.001151906281279435
0.001161082792282173
0.00117024784386591
0.001179401345576393
0.001188543207070799
0.001197673338125368
0.001206791648626512
0.001215898048580358
0.001224992448112488
0.001234074757463547
0.001243144886995123
0.001252202747188877
0.00126124824864602
0.00127028130209258
0.001279301818375974
0.001288309708466378
0.001297304883459619
0.001306287254577593
0.001315256733169338
0.001324213230705535
0.001333156658793189
0.001342086929162944
0.001351003953676702
0.001359907644326726
0.001368797913236191
0.0013776746726639
0.001386537834998341
0.001395387312764596
0.001404223018620898
0.001413044865364277
0.001421852765923561
0.001430646633370802
0.001439426380913579
0.001448191921899087
0.001456943169813088
0.001465680038288275
0.001474402441093468
0.001483110292140223
0.001491803505488275
0.0015004819953382
0.00150914567603644
0.001517794462074811
0.00152642826809647
0.001535047008886355
0.00154365059938174
0.00155223895467009
0.00156081198998594
0.001569369620717619
0.001577911762405105
0.00158643833073881
0.001594949241567189
0.001603444410892434
0.001611923754866853
0.001620387189804455
0.001628834632176159
0.001637265998606676
0.001645681205882366
0.001654080170949302
0.001662462810912631
0.001670829043040006
0.001679178784759134
0.001687511953660553
0.001695828467500968
0.00170412824419831
0.001712411201838723
0.001720677258672197
0.001728926333114285
0.001737158343752054
0.001745373209339841
0.00175357084879648
0.001761751181217967
0.001769914125867192
0.001778059602177365
0.001786187529757151
0.001794297828387274
0.001802390418023436
0.001810465218792347
0.001818522151001528
0.001826561135129544
0.001834582091837512
0.001842584941961605
0.001850569606515473
0.0018585360066947
0.001866484063873497
0.001874413699608849
0.001882324835637216
0.001890217393879104
0.00189809129643857
0.001905946465602713
0.001913782823845704
0.001921600293824486
0.001929398798384652
0.001937178260556503
0.001944938603561585
0.001952679750807863
0.001960401625893737
0.001968104152605636
0.001975787254925576
0.001983450857021986
0.001991094883260542
0.001998719258195241
0.002006323906578355
0.002013908753353458
0.00202147372366364
0.002029018742843646
0.002036543736427173
0.002044048630147747
0.002051533349932646
0.00205899782191106
0.002066441972412616
0.002073865727966369
0.002081269015303053
0.002088651761354847
0.002096013893255111
0.002103355338346403
0.002110676024168546
0.002117975878470964
0.00212525482920682
0.002132512804535343
0.002139749732823964
0.002146965542645053
0.002154160162783055
0.002161333522232029
0.002168485550189721
0.002175616176071087
0.002182725329499183
0.002189812940309827
0.002196878938550887
0.00220392325448276
0.002210945818583294
0.002217946561539556
0.00222492541426004
0.002231882307862538
0.002238817173690799
0.002245729943295709
0.002252620548453126
0.002259488921154503
0.002266334993614122
0.002273158698261095
0.002279959967749206
0.002286738734953745
0.002293494932969047
0.002300228495115832
0.002306939354937183
0.002313627446195708
0.002320292702887177
0.002326935059226603
0.00233355444965641
0.002340150808846263
0.002346724071691405
0.002353274173316456
0.002359801049076802
0.002366304634553823
0.002372784865558455
0.002379241678135588
0.002385675008556783
0.002392084793329389
0.002398470969190318
0.002404833473110427
0.002411172242296619
0.002417487214185352
0.002423778326452187
0.002430045517005339
0.00243628872398925
0.002442507885787924
0.002448702941019178
0.002454873828541586
0.002461020487448784
0.002467142857078915
0.00247324087700541
0.002479314487041061
0.002485363627245261
0.002491388237913453
0.002497388259586121
0.002503363633042876
0.00250931429931282
0.002515240199663694
0.002521141275608997
0.002527017468907979
0.00253286872156404
0.002538694975829098
0.00254449617419948
0.002550272259420615
0.002556023174483269
0.002561748862628297
0.002567449267348216
0.002573124332378163
0.002578774001711192
0.002584398219586239
0.002589996930493736
0.0025955700791759
0.002601117610630955
0.002606639470104735
0.002612135603098439
0.002617605955369751
0.002623050472926573
0.002628469102034776
0.002633861789213347
0.002639228481239531
0.002644569125145768
0.002649883668222437
0.002655172058017533
0.00266043424233614
0.00266567016924269
0.002670879787061028
0.002676063044374234
0.002681219890025348
0.002686350273118439
0.002691454143019962
0.002696531449353838
0.002701582142012205
0.002706606171146186
0.002711603487168717
0.00271657404075893
0.002721517782860807
0.002726434664681226
0.002731324637692757
0.002736187653632005
0.002741023664504289
0.002745832622578675
0.002750614480393869
0.002755369190754706
0.002760096706734763
0.002764796981674342
0.002769469969182817
0.0027741156231413
0.002778733897699659
0.002783324747275712
0.002787888126558543
0.002792423990513426
0.002796932294369088
0.002801412993633424
0.002805866044081174
0.002810291401765059
0.0028146890230064
0.002819058864405051
0.002823400882829353
0.002827715035426557
0.002832001279618902
0.002836259573101554
0.002840489873847354
0.002844692140105551
0.002848866330399067
0.002853012403533651
0.002857130318586942
0.002861220034917251
0.002865281512161335
0.002869314710233598
0.002873319589327902
0.002877296109917512
0.002881244232756831
0.002885163918878427
0.002889055129597047
0.002892917826507944
0.002896751971488009
0.002900557526695127
0.002904334454570912
0.002908082717836994
0.002911802279501412
0.00291549310285343
0.002919155151465003
0.002922788389194088
0.002926392780181386
0.002929968288853467
0.002933514879922423
0.002937032518382653
0.002940521169517521
0.002943980798895993
0.002947411372372499
0.002950812856089127
0.002954185216472485
0.002957528420242204
0.002960842434399106
0.002964127226238114
0.002967382763337041
0.002970609013565924
0.002973805945084158
0.002976973526336948
0.002980111726063566
0.002983220513290663
0.002986299857335447
0.002989349727807105
0.002992370094601671
0.002995360927913489
0.002998322198221286
0.003001253876300415
0.003004155933213697
0.003007028340323189
0.003009871069275372
0.003012684092014466
0.003015467380778826
0.003018220908097303
0.003020944646794158
0.003023638569986789
0.003026302651087571
0.003028936863803322
0.003031541182134413
0.003034115580378968
0.003036660033126031
0.003039174515265751
0.003041659001979469
0.003044113468746281
0.003046537891343837
0.003048932245840663
0.003051296508607642
0.00305363065630949
0.003055934665910053
0.003058208514669571
0.003060452180146194
0.003062665640192708
0.003064848872968888
0.003067001856922878
0.003069124570806811
0.003071216993669902
0.003073279104860134
0.003075310884027955
0.003077312311119143
0.0030792833663793
0.003081224030355859
0.003083134283894996
0.003085014108143644
0.003086863484549541
0.003088682394858458
0.003090470821118157
0.003092228745679851
0.003093956151190918
0.003095653020604251
0.003097319337172217
0.003098955084449037
0.003100560246289913
0.003102134806853385
0.003103678750597593
0.003105192062286983
0.003106674726983031
0.003108126730055056
0.003109548057168976
0.003110938694300915
0.003112298627724194
0.003113627844015199
0.003114926330056708
0.003116194073033176
0.003117431060432349
0.003118637280044192
0.003119812719966604
0.003120957368595854
0.003122071214636816
0.003123154247094502
0.003124206455282223
0.00312522782881175
0.003126218357604823
0.003127178031885378
0.003128106842181014
0.00312900477932501
0.003129871834454398
0.003130707999013359
0.003131513264747894
0.003132287623710389
0.003133031068258343
0.003133743591055432
0.003134425185067858
0.003135075843569589
0.003135695560137714
0.003136284328657446
0.003136842143315765
0.003137368998609129
0.003137864889337608
0.003138329810605917
0.003138763757826598
0.003139166726715728
0.003139538713295904
0.003139879713898129
0.003140189725154104
0.00314046874400481
0.003140716767698025
0.003140933793783807
0.0031411198201219
0.003141274844874211
0.003141398866512394
0.003141491883812056
0.00314155389585542
0.003141584902030522
0.003141584902030522
0.003141553895855415
0.003141491883812058
0.003141398866512391
0.003141274844874206
0.003141119820121893
0.00314093379378381
0.003140716767698033
0.003140468744004813
0.003140189725154105
0.003139879713898122
0.00313953871329591
0.003139166726715729
0.003138763757826602
0.003138329810605917
0.00313786488933761
0.003137368998609134
0.00313684214331577
0.003136284328657442
0.003135695560137714
0.003135075843569587
0.003134425185067856
0.003133743591055437
0.003133031068258344
0.003132287623710392
0.003131513264747894
0.003130707999013363
0.003129871834454392
0.003129004779325013
0.003128106842181008
0.003127178031885375
0.003126218357604825
0.003125227828811749
0.00312420645528222
0.003123154247094498
0.003122071214636823
0.003120957368595858
0.003119812719966599
0.003118637280044188
0.003117431060432357
0.003116194073033176
0.003114926330056711
0.003113627844015201
0.003112298627724192
0.003110938694300908
0.003109548057168974
0.00310812673005506
0.00310667472698303
0.003105192062286982
0.003103678750597592
0.003102134806853382
0.003100560246289906
0.003098955084449027
0.003097319337172213
0.003095653020604254
0.003093956151190927
0.003092228745679849
0.003090470821118158
0.003088682394858458
0.00308686348454953
0.003085014108143647
0.003083134283895006
0.003081224030355853
0.003079283366379294
0.003077312311119136
0.003075310884027944
0.003073279104860125
0.003071216993669901
0.003069124570806807
0.00306700185692288
0.003064848872968882
0.003062665640192713
0.00306045218014619
0.003058208514669567
0.003055934665910053
0.003053630656309483
0.003051296508607641
0.003048932245840655
0.003046537891343826
0.003044113468746279
0.003041659001979462
0.003039174515265743
0.003036660033126034
0.003034115580378963
0.003031541182134407
0.003028936863803325
0.00302630265108757
0.003023638569986788
0.003020944646794157
0.003018220908097304
0.003015467380778823
0.003012684092014471
0.003009871069275368
0.003007028340323188
0.003004155933213697
0.003001253876300418
0.00299832219822129
0.002995360927913479
0.002992370094601663
0.002989349727807105
0.002986299857335435
0.00298322051329066
0.002980111726063557
0.002976973526336938
0.002973805945084153
0.002970609013565923
0.00296738276333703
0.002964127226238109
0.002960842434399104
0.002957528420242197
0.002954185216472483
0.002950812856089124
0.00294741137237249
0.002943980798895984
0.002940521169517509
0.002937032518382651
0.002933514879922424
0.002929968288853458
0.002926392780181388
0.002922788389194075
0.002919155151464989
0.002915493102853428
0.002911802279501409
0.002908082717836996
0.002904334454570899
0.002900557526695118
0.002896751971488003
0.002892917826507948
0.002889055129597046
0.002885163918878417
0.002881244232756821
0.002877296109917518
0.002873319589327906
0.002869314710233588
0.002865281512161326
0.002861220034917233
0.002857130318586928
0.002853012403533647
0.002848866330399068
0.002844692140105542
0.002840489873847347
0.002836259573101551
0.002832001279618897
0.002827715035426545
0.002823400882829348
0.002819058864405052
0.002814689023006396
0.002810291401765052
0.002805866044081173
0.002801412993633426
0.002796932294369077
0.002792423990513427
0.002787888126558539
0.002783324747275709
0.002778733897699644
0.002774115623141297
0.002769469969182819
0.002764796981674339
0.00276009670673476
0.002755369190754696
0.002750614480393864
0.002745832622578675
0.002741023664504286
0.002736187653631998
0.002731324637692749
0.002726434664681204
0.002721517782860807
0.002716574040758913
0.002711603487168712
0.002706606171146182
0.002701582142012201
0.00269653144935384
0.002691454143019961
0.002686350273118441
0.00268121989002534
0.002676063044374222
0.002670879787061027
0.002665670169242684
0.002660434242336142
0.002655172058017526
0.002649883668222428
0.002644569125145772
0.002639228481239523
0.00263386178921335
0.002628469102034774
0.002623050472926569
0.002617605955369748
0.002612135603098434
0.002606639470104722
0.002601117610630944
0.002595570079175893
0.00258999693049372
0.002584398219586225
0.002578774001711189
0.00257312433237815
0.002567449267348206
0.002561748862628295
0.002556023174483264
0.002550272259420608
0.002544496174199477
0.002538694975829092
0.00253286872156404
0.002527017468907973
0.002521141275608995
0.002515240199663698
0.002509314299312822
0.002503363633042868
0.002497388259586116
0.002491388237913455
0.00248536362724525
0.002479314487041055
0.0024732408770054
0.00246714285707891
0.002461020487448772
0.002454873828541586
0.002448702941019177
0.002442507885787921
0.002436288723989241
0.002430045517005331
0.002423778326452175
0.002417487214185344
0.002411172242296609
0.002404833473110421
0.002398470969190313
0.0023920847933294
0.002385675008556784
0.002379241678135571
0.00237278486555845
0.002366304634553827
0.002359801049076799
0.002353274173316457
0.002346724071691401
0.002340150808846256
0.002333554449656412
0.002326935059226604
0.002320292702887167
0.002313627446195703
0.002306939354937175
0.002300228495115818
0.002293494932969027
0.002286738734953748
0.002279959967749203
0.002273158698261096
0.002266334993614124
0.002259488921154483
0.002252620548453123
0.002245729943295694
0.002238817173690795
0.002231882307862536
0.002224925414260044
0.002217946561539549
0.002210945818583287
0.002203923254482752
0.002196878938550897
0.002189812940309811
0.002182725329499166
0.002175616176071086
0.002168485550189713
0.002161333522232018
0.002154160162783046
0.00214696554264505
0.002139749732823972
0.002132512804535328
0.002125254829206815
0.002117975878470966
0.002110676024168539
0.002103355338346397
0.002096013893255105
0.002088651761354837
0.002081269015303047
0.002073865727966375
0.002066441972412611
0.002058997821911053
0.00205153334993266
0.002044048630147739
0.002036543736427174
0.002029018742843643
0.002021473723663634
0.002013908753353446
0.002006323906578346
0.001998719258195244
0.001991094883260541
0.001983450857021966
0.001975787254925566
0.001968104152605643
0.001960401625893733
0.001952679750807855
0.001944938603561581
0.001937178260556522
0.00192939879838466
0.001921600293824483
0.001913782823845705
0.001905946465602711
0.001898091296438569
0.001890217393879096
0.001882324835637211
0.001874413699608838
0.001866484063873494
0.001858536006694678
0.001850569606515457
0.001842584941961598
0.00183458209183751
0.001826561135129545
0.001818522151001519
0.001810465218792349
0.001802390418023425
0.001794297828387266
0.001786187529757151
0.001778059602177357
0.001769914125867181
0.001761751181217953
0.001753570848796472
0.001745373209339828
0.001737158343752063
0.001728926333114284
0.001720677258672194
0.001712411201838733
0.00170412824419832
0.001695828467500976
0.001687511953660543
0.001679178784759138
0.001670829043039995
0.001662462810912615
0.001654080170949303
0.001645681205882379
0.001637265998606678
0.001628834632176154
0.00162038718980445
0.001611923754866847
0.001603444410892432
0.001594949241567198
0.001586438330738815
0.001577911762405113
0.001569369620717628
0.001560811989985936
0.001552238954670096
0.00154365059938173
0.00153504700888634
0.001526428268096464
0.001517794462074802
0.001509145676036436
0.001500481995338203
0.001491803505488279
0.001483110292140207
0.001474402441093456
0.001465680038288269
0.001456943169813077
0.001448191921899082
0.001439426380913574
0.001430646633370805
0.001421852765923562
0.001413044865364276
0.001404223018620895
0.001395387312764599
0.001386537834998337
0.001377674672663909
0.001368797913236187
0.001359907644326726
0.001351003953676683
0.001342086929162954
0.001333156658793194
0.001324213230705526
0.00131525673316935
0.001306287254577593
0.001297304883459608
0.001288309708466379
0.001279301818375967
0.001270281302092572
0.001261248248646013
0.001252202747188874
0.001243144886995117
0.001234074757463555
0.00122499244811248
0.001215898048580352
0.001206791648626504
0.001197673338125378
0.00118854320707082
0.001179401345576403
0.001170247843865903
0.001161082792282165
0.001151906281279442
0.001142718401428623
0.001133519243405064
0.001124308898006068
0.001115087456132398
0.001105855008796107
0.001096611647116593
0.001087357462322911
0.001078092545750134
0.001068816988838744
0.001059530883136089
0.00105023432029168
0.001040927392056722
0.001031610190289129
0.00102228280694665
0.00101294533408484
0.001003597863862231
0.000994240488533875
0.0009848733004513121
0.0009754963920685195
0.0009661098559298861
0.0009567137846774578
0.0009473082710442887
0.0009378934078633634
0.0009284692880523474
0.0009190360046246459
0.0009095936506800368
0.00090014231941591
0.0008906821041108304
0.0008812130981320073
0.0008717353949361807
0.000862249088063154
0.0008527542711401715
0.0008432510378757757
0.0008337394820650304
0.0008242196975819031
0.000814691778383206
0.0008051558185068421
0.0007956119120664907
0.0007860601532576847
0.0007765006363522956
0.0007669334556986662
0.000757358705723657
0.0007477764809231134
0.000738186875868501
0.0007285899852083957
0.0007189859036605542
0.0007093747260101214
0.0006997565471197222
0.0006901314619133798
0.0006804995653893576
0.0006708609526074529
0.0006612157186999263
0.0006515639588599209
0.0006419057683477592
0.0006322412424835216
0.0006225704766540822
0.0006128935663050491
0.0006032106069445897
0.0005935216941377048
0.0005838269235124931
0.0005741263907502882
0.0005644201915925761
0.0005547084218366585
0.0005449911773314374
0.000535268553983462
0.0005255406477509143
0.0005158075546455751
0.0005060693707256815
0.0004963261921073721
0.0004865781149481495
0.0004768252354601304
0.0004670676498999166
0.0004573054545705126
0.0004475387458205255
0.0004377676200438898
0.0004279921736779804
0.0004182125032016244
0.000408428705136792
0.0003986408760459471
0.0003888491125306415
0.0003790535112314371
0.0003692541688258678
0.0003594511820323668
0.0003496446476001676
0.0003398346623167158
0.0003300213230013253
0.0003202047265104227
0.000310384969727074
0.000300562149569106
0.0002907363629853802
0.0002809077069504797
0.0002710762784688097
0.000261242174574609
0.0002514054923253585
0.000241566328805893
0.0002317247811241804
0.0002218809464107965
0.0002120349218243453
0.0002021868045379961
0.0001923366917494146
0.000182484680675496
0.0001726308685518394
0.0001627753526299184
0.0001529182301821663
0.0001430595984924308
0.0001331995548633148
0.0001233381966080321
0.000113475621053839
0.0001036119255410852
9.374720742058362e-05
8.388156405328016e-05
7.401509280920116e-05
6.414789106514557e-05
5.428005620764843e-05
4.441168562834127e-05
3.454287672297572e-05
2.467372689370778e-05
1.480433354496117e-05
4.934794082141668e-06
-9.873178724626873e-06
-9.873082802761696e-06
-9.872888115561307e-06
-9.872595397201339e-06
-9.872204379495278e-06
-9.87171510618797e-06
-9.871131225899126e-06
-9.870449429103022e-06
-9.869670998711912e-06
-9.868792126214808e-06
-9.86781894844708e-06
-9.866749279230597e-06
-9.865578772988657e-06
-9.864312595024463e-06
-9.862949601540516e-06
-9.861487202792547e-06
-9.859930680121336e-06
-9.858273899580818e-06
-9.856519039850896e-06
-9.854668230710346e-06
-9.852720996451547e-06
-9.85067771860731e-06
-9.848534644350206e-06
-9.846297506878142e-06
-9.843958888077183e-06
-9.841525084713771e-06
-9.83899494399133e-06
-9.836368772158283e-06
-9.833643266646085e-06
-9.830819453189611e-06
-9.827900158616275e-06
-9.824886921596529e-06
-9.821773869389292e-06
-9.818561660735046e-06
-9.815256426881272e-06
-9.811852547370812e-06
-9.808351816789673e-06
-9.804753083446938e-06
-9.801061293916255e-06
-9.797268334517872e-06
-9.793381406106033e-06
-9.789396768452512e-06
-9.785316680999822e-06
-9.781137877406154e-06
-9.776865363236316e-06
-9.772496579218914e-06
-9.768027392779724e-06
-9.763465329221429e-06
-9.758805042435923e-06
-9.754050525561811e-06
-9.749196672278768e-06
-9.744248194638173e-06
-9.739202924833642e-06
-9.734065153921109e-06
-9.728826528566328e-06
-9.7234923857698e-06
-9.718064696428957e-06
-9.712540008964409e-06
-9.706917579002487e-06
-9.701202291124501e-06
-9.695392619414954e-06
-9.689484900806365e-06
-9.683480265064123e-06
-9.677380379355278e-06
-9.671186096084539e-06
-9.664896493713311e-06
-9.658512002419453e-06
-9.652029721340073e-06
-9.645453576696127e-06
-9.638782825506327e-06
-9.632018035858131e-06
-9.625156724912951e-06
-9.618197602840173e-06
-9.611148643931311e-06
-9.604003701373014e-06
-9.596762042196593e-06
-9.589425006932194e-06
-9.581995309556101e-06
-9.574471117251923e-06
-9.566852016548249e-06
-9.559136940164628e-06
-9.551328241850074e-06
-9.543426649147701e-06
-9.535430372429606e-06
-9.527340501716824e-06
-9.519155401164691e-06
-9.510876069736594e-06
-9.502504993788463e-06
-9.494038167190827e-06
-9.485478957136743e-06
-9.476824606334621e-06
-9.46807728509511e-06
-9.459235404300935e-06
-9.45030027257609e-06
-9.441275962396584e-06
-9.432153720948069e-06
-9.422941467123334e-06
-9.413634829445796e-06
-9.404235178646356e-06
-9.394741994203577e-06
-9.385157350166328e-06
-9.375480300043174e-06
-9.365710234166444e-06
-9.355848012051274e-06
-9.345891458097922e-06
-9.335845660475007e-06
-9.325707310787756e-06
-9.315475972222927e-06
-9.305153438697057e-06
-9.294736861021921e-06
-9.284230624425674e-06
-9.27363071350814e-06
-9.262942257682819e-06
-9.252160186973749e-06
-9.241287748010754e-06
-9.230323187186724e-06
-9.219267652716125e-06
-9.208123572523512e-06
-9.196885918540577e-06
-9.185559508432516e-06
-9.174141296064232e-06
-9.162631232971534e-06
-9.151033031553862e-06
-9.13934270204786e-06
-9.127560555888764e-06
-9.115691453910969e-06
-9.103733228161676e-06
-9.091682521017273e-06
-9.079543716835663e-06
-9.067314585899817e-06
-9.054995556470665e-06
-9.042588050912624e-06
-9.03009044481627e-06
-9.017504341895695e-06
-9.00482970161419e-06
-8.992066270124372e-06
-8.979210859255881e-06
-8.966270923772635e-06
-8.953241789189196e-06
-8.940120008699097e-06
-8.926916067775143e-06
-8.913620452248111e-06
-8.90023817570059e-06
-8.88676806498266e-06
-8.873209236754745e-06
-8.859563472803021e-06
-8.845831591744722e-06
-8.832010507536013e-06
-8.818102170449202e-06
-8.804106055062877e-06
-8.790025594165954e-06
-8.775855470769825e-06
-8.761602726785971e-06
-8.747258705385942e-06
-8.732832302931411e-06
-8.718318744791212e-06
-8.703719395540928e-06
-8.689031464141613e-06
-8.674260585224718e-06
-8.659404267870874e-06
-8.644460439004988e-06
-8.629431191903375e-06
-8.614317617196394e-06
-8.599120785055999e-06
-8.583837798026704e-06
-8.568471383409369e-06
-8.55301798116564e-06
-8.537481488334676e-06
-8.521858608752502e-06
-8.506152925641693e-06
-8.490365119266525e-06
-8.474491548872541e-06
-8.45853559744179e-06
-8.442495467332884e-06
-8.426372502781017e-06
-8.410165444894817e-06
-8.393875784739894e-06
-8.377503578617206e-06
-8.361047875012975e-06
-8.344510640825478e-06
-8.327891023818188e-06
-8.311189116858403e-06
-8.294403453452528e-06
-8.277536495728938e-06
-8.260589350268869e-06
-8.243561344137049e-06
-8.226450003661991e-06
-8.209259317976792e-06
-8.191986645872362e-06
-8.174631919424346e-06
-8.157197639990547e-06
-8.139681300704517e-06
-8.122085771265369e-06
-8.104412113935238e-06
-8.086657186823532e-06
-8.068819312453009e-06
-8.050906166261416e-06
-8.03291024176653e-06
-8.014837682250147e-06
-7.996684919952195e-06
-7.978453984762296e-06
-7.960143864163387e-06
-7.941754226765289e-06
-7.923286898507366e-06
-7.90474129827076e-06
-7.886118503080763e-06
-7.867418540941086e-06
-7.848635336934162e-06
-7.829781404477474e-06
-7.81084631270088e-06
-7.791836586857168e-06
-7.772746963782829e-06
-7.753583741792585e-06
-7.734343818137298e-06
-7.715024390702018e-06
-7.695632699110612e-06
-7.676161419686942e-06
-7.656616447228144e-06
-7.63699537673999e-06
-7.617300788579165e-06
-7.597530080349269e-06
-7.577683651488529e-06
-7.557763268747682e-06
-7.537767234267084e-06
-7.517695806063986e-06
-7.49755162716457e-06
-7.477333663806162e-06
-7.457042164567522e-06
-7.436675153170338e-06
-7.416237000592108e-06
-7.395725511489664e-06
-7.375138356371989e-06
-7.354479080817017e-06
-7.333749638741659e-06
-7.312947951000869e-06
-7.292072819820834e-06
-7.271125907267487e-06
-7.250105748186321e-06
-7.229014115038282e-06
-7.207853987586275e-06
-7.186619956927347e-06
-7.165317644383043e-06
-7.143941560629804e-06
-7.12249696823846e-06
-7.100982363255025e-06
-7.079395881473832e-06
-7.057740990120352e-06
-7.036015457675588e-06
-7.014221902704495e-06
-6.992356534475621e-06
-6.97042464435596e-06
-6.948421561846875e-06
-6.926353359397313e-06
-6.904214187411195e-06
-6.88200781189397e-06
-6.859733954171424e-06
-6.837392174993669e-06
-6.814981869056911e-06
-6.792505082756402e-06
-6.769961846716765e-06
-6.747350123923498e-06
-6.724670224762352e-06
-6.701929984982373e-06
-6.679119233983841e-06
-6.656243728474843e-06
-6.633302455865548e-06
-6.610293943463589e-06
-6.58722243396314e-06
-6.564084417937788e-06
-6.540883322908238e-06
-6.517616635420697e-06
-6.494285682282023e-06
-6.470891080291769e-06
-6.447431666782202e-06
-6.423908621953774e-06
-6.400324125495154e-06
-6.376675048833019e-06
-6.352962263437671e-06
-6.329188442166898e-06
-6.305350149559041e-06
-6.281451255668958e-06
-6.257488861080776e-06
-6.233466743162523e-06
-6.209381848749517e-06
-6.185237646472406e-06
-6.161028338026572e-06
-6.136761599967531e-06
-6.112432550813818e-06
-6.088043671593545e-06
-6.063594451914349e-06
-6.0390860474364e-06
-6.014518762720249e-06
-5.989890430459961e-06
-5.965204712182079e-06
-5.940457782190789e-06
-5.91565296911139e-06
-5.890790477675605e-06
-5.865870569009689e-06
-5.840891675055569e-06
-5.815855476808807e-06
-5.790761177795472e-06
-5.765611846972701e-06
-5.740403101290636e-06
-5.715137673732917e-06
-5.68981752863884e-06
-5.664440932572579e-06
-5.639008987537075e-06
-5.613519535444237e-06
-5.587975656395361e-06
-5.562376120456902e-06
-5.536723538904235e-06
-5.511015604596461e-06
-5.485250295156582e-06
-5.459434487596786e-06
-5.433563386283667e-06
-5.407637148707839e-06
-5.381659551054114e-06
-5.355629389945959e-06
-5.329545221498548e-06
-5.303408281019908e-06
-5.277218506990659e-06
-5.250977860056255e-06
-5.224685970000146e-06
-5.198341014920061e-06
-5.171945251089896e-06
-5.14549796655751e-06
-5.118999869524293e-06
-5.092453435256456e-06
-5.065853119332424e-06
-5.039204742883682e-06
-5.012508195667364e-06
-4.985759927272636e-06
-4.958961940828176e-06
-4.932116573655093e-06
-4.905222956043432e-06
-4.878279911939282e-06
-4.851289755554668e-06
-4.824249926590065e-06
-4.797163310838795e-06
-4.770031083449569e-06
-4.74284928150393e-06
-4.715621802119344e-06
-4.68834811304609e-06
-4.661028459866101e-06
-4.633660189505678e-06
-4.606249227094169e-06
-4.578791680385418e-06
-4.551287135683283e-06
-4.523739220437038e-06
-4.496147557329473e-06
-4.468510489847307e-06
-4.440829002916837e-06
-4.413106110795116e-06
-4.385337187808334e-06
-4.357525829928818e-06
-4.32967071670185e-06
-4.301773475093658e-06
-4.273832536839804e-06
-4.24585076154624e-06
-4.21782772961988e-06
-4.189761810135432e-06
-4.161656163880812e-06
-4.133506263006593e-06
-4.105318629438428e-06
-4.077089949342698e-06
-4.048819360812903e-06
-4.020509672805922e-06
-3.992161036763753e-06
-3.963772410613826e-06
-3.935344204793535e-06
-3.906878667963862e-06
-3.878373875303484e-06
-3.849830530885993e-06
-3.821249964782057e-06
-3.792628951477159e-06
-3.763972595424921e-06
-3.735280975167985e-06
-3.706549661524717e-06
-3.677782783744732e-06
-3.648979542985749e-06
-3.62014050214042e-06
-3.591262998355895e-06
-3.562355151564954e-06
-3.533409154176717e-06
-3.50442856649706e-06
-3.475412695598287e-06
-3.446363371006283e-06
-3.417280147983575e-06
-3.38816269675045e-06
-3.359012640035689e-06
-3.329828279370296e-06
-3.300610824982726e-06
-3.271362995587713e-06
-3.242082007746013e-06
-3.212767120904539e-06
-3.183421956396707e-06
-3.154044836255714e-06
-3.124636082484594e-06
-3.095199227738219e-06
-3.065729404943138e-06
-3.036230266554579e-06
-3.0067000757884e-06
-2.977143158884197e-06
-2.947553254498234e-06
-2.917935471518282e-06
-2.888288548232373e-06
-2.858615932039603e-06
-2.828912584869347e-06
-2.799180453732774e-06
-2.769421926418354e-06
-2.739635513381393e-06
-2.709822707331773e-06
-2.679982940774147e-06
-2.65011752884089e-06
-2.62022558654206e-06
-2.590307618858181e-06
-2.560364069793375e-06
-2.530393222324562e-06
-2.50039919899337e-06
-2.470380868803961e-06
-2.440338252606409e-06
-2.410272185565128e-06
-2.380178983578569e-06
-2.350063756479137e-06
-2.31992830955633e-06
-2.289768455472268e-06
-2.259584091248741e-06
-2.229380147676231e-06
-2.199151725450194e-06
-2.168903252172353e-06
-2.138631320264318e-06
-2.108341082757662e-06
-2.078028598219824e-06
-2.047695812705016e-06
-2.017341356955129e-06
-1.986968921928915e-06
-1.956575917829346e-06
-1.926164276633816e-06
-1.895732685990125e-06
-1.865283664039945e-06
-1.83481468112583e-06
-1.804329175394217e-06
-1.773825779824452e-06
-1.743303096217617e-06
-1.712764389143344e-06
-1.682209174146871e-06
-1.651637133043595e-06
-1.621046653082392e-06
-1.590443773001839e-06
-1.559822565423924e-06
-1.529188145700191e-06
-1.498537515703612e-06
-1.467871665584321e-06
-1.437191501768905e-06
-1.40649762052455e-06
-1.375789377116065e-06
-1.345067470397785e-06
-1.314332943710321e-06
-1.28358500865818e-06
-1.252824113623326e-06
-1.222050786551962e-06
-1.191265525475462e-06
-1.160469800879799e-06
-1.129661001709092e-06
-1.098841656247469e-06
-1.068011059602546e-06
-1.037171348647534e-06
-1.00631942272099e-06
-9.754583932118349e-07
-9.445881768290459e-07
-9.137074278698734e-07
-8.828184426351053e-07
-8.519217383799706e-07
-8.210154991772748e-07
-7.901016984221082e-07
-7.591795928934698e-07
-7.282499293010917e-07
-6.973150248789622e-07
-6.663705344905055e-07
-6.354203185735117e-07
-6.04464143059537e-07
-5.735019143780182e-07
-5.425334497609473e-07
-5.115610279763721e-07
-4.805821028597128e-07
-4.495996578154503e-07
-4.186111641401058e-07
-3.876191408891685e-07
-3.566240407153759e-07
-3.256252903352593e-07
-2.946235215903868e-07
-2.636183362961853e-07
-2.326098738531255e-07
-2.016003901900462e-07
-1.705885964847648e-07
-1.395745535804562e-07
-1.08559783473508e-07
-7.754348156031078e-08
-4.652607122349379e-08
-1.550997881297596e-08
1.550997879672987e-08
4.652607120757953e-08
7.754348154885212e-08
1.085597834815734e-07
1.395745535536925e-07
1.705885965238469e-07
2.016003901458989e-07
2.326098738844183e-07
2.636183363602017e-07
2.9462352156235e-07
3.256252903918883e-07
3.566240406528194e-07
3.876191409467803e-07
4.186111640836955e-07
4.49599657862852e-07
4.805821028556894e-07
5.115610278710418e-07
5.425334496856672e-07
5.735019144565478e-07
6.044641431490405e-07
6.354203186022194e-07
6.663705345080962e-07
6.973150247748551e-07
7.28249929338002e-07
7.5917959292038e-07
7.901016983944398e-07
8.210154991038291e-07
8.519217383777209e-07
8.828184426459829e-07
9.137074279317665e-07
9.445881768055221e-07
9.754583933013324e-07
1.006319422699604e-06
1.037171348579907e-06
1.068011059597302e-06
1.098841656212678e-06
1.129661001733109e-06
1.160469800791283e-06
1.19126552542364e-06
1.222050786624703e-06
1.252824113636796e-06
1.283585008686673e-06
1.314332943771773e-06
1.345067470467439e-06
1.375789377085541e-06
1.406497620526558e-06
1.437191501729309e-06
1.46787166560255e-06
1.498537515674201e-06
1.52918814568809e-06
1.559822565429681e-06
1.590443772979972e-06
1.621046653076906e-06
1.651637133062685e-06
1.682209174175819e-06
1.712764389107332e-06
1.743303096196877e-06
1.773825779853394e-06
1.804329175448526e-06
1.834814681108618e-06
1.865283664061333e-06
1.895732685976559e-06
1.926164276584847e-06
1.956575917824617e-06
1.98696892196555e-06
2.017341356936178e-06
2.047695812683774e-06
2.078028598214545e-06
2.108341082830484e-06
2.138631320342905e-06
2.168903252125281e-06
2.199151725410261e-06
2.229380147684153e-06
2.259584091199815e-06
2.289768455554298e-06
2.31992830954066e-06
2.350063756432313e-06
2.380178983643007e-06
2.410272185583411e-06
2.440338252584717e-06
2.47038086882788e-06
2.500399198998862e-06
2.530393222357007e-06
2.560364069810411e-06
2.590307618873583e-06
2.620225586557245e-06
2.650117528819312e-06
2.679982940759928e-06
2.709822707346311e-06
2.739635513424029e-06
2.769421926394072e-06
2.799180453740451e-06
2.828912584834494e-06
2.85861593207506e-06
2.888288548086844e-06
2.917935471494094e-06
2.947553254463417e-06
2.977143158853589e-06
3.006700075866047e-06
3.036230266571372e-06
3.06572940495525e-06
3.095199227786522e-06
3.124636082461912e-06
3.154044836226355e-06
3.183421956325981e-06
3.212767120840663e-06
3.242082007790499e-06
3.271362995535328e-06
3.300610825044711e-06
3.329828279324396e-06
3.359012639988241e-06
3.388162696747663e-06
3.417280147976874e-06
3.44636337099401e-06
3.47541269557417e-06
3.504428566532837e-06
3.53340915407571e-06
3.56235515157378e-06
3.591262998340099e-06
3.620140502199286e-06
3.648979542994727e-06
3.677782783816168e-06
3.706549661535462e-06
3.735280975215087e-06
3.76397259540838e-06
3.792628951508574e-06
3.821249964762796e-06
3.849830530939745e-06
3.878373875191646e-06
3.906878668033554e-06
3.935344204821074e-06
3.963772410596952e-06
3.99216103680429e-06
4.020509672735984e-06
4.048819360866872e-06
4.077089949249751e-06
4.105318629481069e-06
4.133506262989229e-06
4.161656163770538e-06
4.189761810129921e-06
4.217827729659903e-06
4.245850761539544e-06
4.273832536876857e-06
4.301773475161844e-06
4.329670716726239e-06
4.357525829976548e-06
4.385337187763208e-06
4.413106110812455e-06
4.440829002917553e-06
4.468510489796816e-06
4.496147557250184e-06
4.523739220458306e-06
4.551287135604096e-06
4.578791680406194e-06
4.606249227129985e-06
4.633660189478401e-06
4.661028459887365e-06
4.688348113069939e-06
4.715621802092127e-06
4.74284928155329e-06
4.770031083386916e-06
4.797163310935437e-06
4.82424992658725e-06
4.851289755541119e-06
4.878279911939056e-06
4.905222956072273e-06
4.932116573649383e-06
4.958961940763094e-06
4.985759927352308e-06
5.012508195711843e-06
5.03920474285452e-06
5.065853119361653e-06
5.092453435276049e-06
5.11899986952286e-06
5.14549796655738e-06
5.171945251116321e-06
5.19834101487969e-06
5.224685969962429e-06
5.250977860002538e-06
5.277218507012171e-06
5.303408280968148e-06
5.329545221478784e-06
5.355629389939768e-06
5.381659551043509e-06
5.407637148791925e-06
5.433563386325792e-06
5.459434487641883e-06
5.485250295186696e-06
5.511015604641943e-06
5.536723538871994e-06
5.562376120543155e-06
5.587975656447257e-06
5.613519535417062e-06
5.639008987446964e-06
5.66444093268529e-06
5.689817528592589e-06
5.715137673775614e-06
5.740403101235953e-06
5.76561184709136e-06
5.790761177803997e-06
5.815855476783628e-06
5.840891675092825e-06
5.865870569027579e-06
5.890790477675054e-06
5.91565296910571e-06
5.940457782178387e-06
5.965204712137491e-06
5.989890430500628e-06
6.014518762695514e-06
6.03908604740873e-06
6.063594451940018e-06
6.088043671603523e-06
6.112432550881806e-06
6.136761599901693e-06
6.161028337997945e-06
6.185237646525345e-06
6.2093818487187e-06
6.233466743253165e-06
6.257488861175766e-06
6.281451255616304e-06
6.305350149493535e-06
6.329188442175861e-06
6.352962263329258e-06
6.376675048866621e-06
6.400324125561433e-06
6.423908621945254e-06
6.447431666782976e-06
6.47089108019641e-06
6.494285682294267e-06
6.517616635456703e-06
6.540883322933936e-06
6.564084417955444e-06
6.587222433997553e-06
6.610293943476352e-06
6.633302455888774e-06
6.656243728391341e-06
6.679119233874849e-06
6.701929984866008e-06
6.724670224783799e-06
6.747350123940447e-06
6.76996184667919e-06
6.792505082760908e-06
6.814981868979876e-06
6.837392175059035e-06
6.859733954255558e-06
6.882007811878139e-06
6.904214187378435e-06
6.926353359371882e-06
6.948421561750101e-06
6.970424644453051e-06
6.992356534426975e-06
7.014221902639551e-06
7.036015457777485e-06
7.057740990078e-06
7.07939588158013e-06
7.100982363282537e-06
7.122496968264757e-06
7.143941560639677e-06
7.165317644368308e-06
7.186619956981178e-06
7.207853987631566e-06
7.229014115012898e-06
7.250105748193253e-06
7.271125907309337e-06
7.29207281979764e-06
7.312947951054391e-06
7.333749638737914e-06
7.354479080835473e-06
7.375138356420475e-06
7.395725511473923e-06
7.416237000630879e-06
7.436675153147759e-06
7.457042164511677e-06
7.477333663817494e-06
7.497551627212256e-06
7.517695805995013e-06
7.537767234177638e-06
7.557763268836055e-06
7.577683651466943e-06
7.597530080286899e-06
7.617300788538235e-06
7.636995376783201e-06
7.656616447266675e-06
7.676161419661526e-06
7.695632699149814e-06
7.715024390812242e-06
7.734343818039208e-06
7.753583741779344e-06
7.772746963751394e-06
7.79183658688329e-06
7.810846312723726e-06
7.829781404448785e-06
7.848635336935423e-06
7.867418540962119e-06
7.88611850309828e-06
7.904741298166464e-06
7.923286898566133e-06
7.941754226730654e-06
7.960143864212366e-06
7.978453984773726e-06
7.996684919982358e-06
8.014837682273927e-06
8.03291024170467e-06
8.050906166318029e-06
8.068819312362114e-06
8.086657186852115e-06
8.104412113945755e-06
8.122085771248297e-06
8.139681300719447e-06
8.157197640066693e-06
8.174631919397497e-06
8.19198664592801e-06
8.209259318006039e-06
8.226450003648062e-06
8.243561344148477e-06
8.260589350357313e-06
8.277536495669561e-06
8.294403453511767e-06
8.311189116830305e-06
8.327891023833919e-06
8.344510640796268e-06
8.361047875033311e-06
8.377503578526817e-06
8.393875784644455e-06
8.410165444854976e-06
8.426372502790654e-06
8.442495467207047e-06
8.458535597470344e-06
8.474491548833664e-06
8.490365119257645e-06
8.506152925609958e-06
8.52185860873673e-06
8.537481488339203e-06
8.553017981241409e-06
8.568471383350129e-06
8.583837798006398e-06
8.599120785121178e-06
8.614317617175629e-06
8.62943119180343e-06
8.644460439027889e-06
8.659404267837813e-06
8.674260585212766e-06
8.689031464151859e-06
8.703719395557767e-06
8.718318744900412e-06
8.73283230284115e-06
8.747258705466164e-06
8.761602726758199e-06
8.775855470735395e-06
8.790025594115771e-06
8.804106055083068e-06
8.818102170462568e-06
8.832010507576471e-06
8.845831591721531e-06
8.85956347280579e-06
8.873209236777924e-06
8.886768064903386e-06
8.900238175612795e-06
8.913620452271894e-06
8.926916067745241e-06
8.940120008769197e-06
8.953241789196494e-06
8.966270923771212e-06
8.97921085926671e-06
8.9920662701436e-06
9.004829701696085e-06
9.01750434188015e-06
9.030090444796709e-06
9.042588051029323e-06
9.054995556335111e-06
9.067314585847829e-06
9.079543716838619e-06
9.091682520999319e-06
9.103733228196608e-06
9.115691453860538e-06
9.127560555911567e-06
9.139342702054392e-06
9.151033031572443e-06
9.162631232959928e-06
9.17414129608844e-06
9.185559508415228e-06
9.196885918558453e-06
9.208123572558057e-06
9.219267652777714e-06
9.230323187231663e-06
9.241287747987793e-06
9.252160186924301e-06
9.262942257710707e-06
9.273630713512282e-06
9.28423062444121e-06
9.29473686104503e-06
9.305153438749279e-06
9.315475972184404e-06
9.325707310748926e-06
9.335845660557088e-06
9.345891458035973e-06
9.355848012000259e-06
9.36571023417341e-06
9.375480300014761e-06
9.385157350157552e-06
9.394741994258614e-06
9.404235178616202e-06
9.413634829482561e-06
9.422941467124952e-06
9.432153720871407e-06
9.441275962457814e-06
9.450300272568785e-06
9.459235404308949e-06
9.468077285054859e-06
9.47682460637361e-06
9.485478957029983e-06
9.49403816729164e-06
9.502504993813423e-06
9.510876069680119e-06
9.51915540116308e-06
9.527340501723692e-06
9.535430372389289e-06
9.543426649180659e-06
9.551328241824696e-06
9.55913694019494e-06
9.566852016498037e-06
9.574471117270819e-06
9.581995309450874e-06
9.589425006961813e-06
9.596762042206746e-06
9.604003701310795e-06
9.611148643987723e-06
9.618197602786092e-06
9.625156724913365e-06
9.632018035841658e-06
9.638782825546397e-06
9.645453576676252e-06
9.65202972127078e-06
9.658512002369285e-06
9.664896493800468e-06
9.671186096155222e-06
9.677380379255257e-06
9.683480265042498e-06
9.689484900758321e-06
9.695392619436346e-06
9.701202291134762e-06
9.706917578987741e-06
9.712540008912909e-06
9.718064696509022e-06
9.723492385742932e-06
9.728826528618705e-06
9.734065153909766e-06
9.739202924816258e-06
9.744248194681169e-06
9.749196672269598e-06
9.754050525608435e-06
9.758805042394608e-06
9.763465329191416e-06
9.768027392793348e-06
9.772496579186531e-06
9.776865363210678e-06
9.7811378774461e-06
9.785316681034498e-06
9.789396768532448e-06
9.79338140606411e-06
9.797268334505496e-06
9.801061293949415e-06
9.804753083488386e-06
9.808351816798291e-06
9.811852547447513e-06
9.81525642672494e-06
9.818561660774049e-06
9.821773869307828e-06
9.824886921575218e-06
9.827900158543542e-06
9.830819453214075e-06
9.833643266600115e-06
9.836368772158909e-06
9.838994943986231e-06
9.841525084737537e-06
9.843958888075259e-06
9.846297506885731e-06
9.848534644289799e-06
9.850677718567019e-06
9.852720996511778e-06
9.85466823074496e-06
9.856519039942354e-06
9.85827389957476e-06
9.859930680186883e-06
9.861487202815981e-06
9.862949601507299e-06
9.864312595112229e-06
9.865578772962732e-06
9.866749279148861e-06
9.867818948496357e-06
9.868792126219314e-06
9.869670998713281e-06
9.870449429158923e-06
9.871131225879405e-06
9.871715106205457e-06
9.8722043794979e-06
9.872595397194854e-06
9.872888115591205e-06
9.873082802752199e-06
9.87317872461021e-06
9.873178724628013e-06
9.873082802760818e-06
9.872888115562876e-06
9.872595397193668e-06
9.872204379494448e-06
9.871715106188035e-06
9.871131225899278e-06
9.870449429102893e-06
9.869670998711692e-06
9.868792126214791e-06
9.867818948446986e-06
9.866749279230454e-06
9.86557877298855e-06
9.864312595024416e-06
9.862949601540415e-06
9.861487202792354e-06
9.85993068012137e-06
9.858273899580913e-06
9.856519039850989e-06
9.854668230710418e-06
9.8527209964518e-06
9.850677718606954e-06
9.848534644350235e-06
9.846297506878237e-06
9.843958888077573e-06
9.841525084713434e-06
9.838994943991752e-06
9.836368772158235e-06
9.833643266646569e-06
9.830819453189182e-06
9.827900158616082e-06
9.824886921596373e-06
9.821773869389124e-06
9.818561660734889e-06
9.815256426880935e-06
9.811852547370904e-06
9.808351816788472e-06
9.804753083447442e-06
9.801061293915872e-06
9.797268334517578e-06
9.793381406106375e-06
9.789396768451533e-06
9.785316680999141e-06
9.781137877405314e-06
9.776865363235882e-06
9.772496579219328e-06
9.768027392781147e-06
9.763465329222025e-06
9.758805042435967e-06
9.754050525561028e-06
9.74919667227859e-06
9.744248194638954e-06
9.739202924832004e-06
9.734065153920913e-06
9.728826528566405e-06
9.723492385770958e-06
9.718064696430326e-06
9.71254000896263e-06
9.706917579004743e-06
9.701202291123903e-06
9.6953926194137e-06
9.689484900805684e-06
9.683480265064189e-06
9.677380379355913e-06
9.671186096083206e-06
9.664896493715461e-06
9.658512002420463e-06
9.65202972134178e-06
9.645453576693941e-06
9.638782825508255e-06
9.632018035857711e-06
9.625156724908845e-06
9.618197602836351e-06
9.611148643930599e-06
9.604003701368569e-06
9.596762042199475e-06
9.589425006934207e-06
9.581995309554762e-06
9.57447111725232e-06
9.566852016544485e-06
9.559136940166059e-06
9.551328241852095e-06
9.543426649151008e-06
9.535430372429532e-06
9.527340501716269e-06
9.519155401163756e-06
9.510876069734151e-06
9.502504993787262e-06
9.494038167188159e-06
9.485478957132789e-06
9.476824606335246e-06
9.468077285091851e-06
9.459235404303047e-06
9.450300272579305e-06
9.441275962400097e-06
9.432153720947715e-06
9.422941467128397e-06
9.413634829449642e-06
9.404235178648267e-06
9.394741994200492e-06
9.385157350168044e-06
9.375480300038718e-06
9.36571023416825e-06
9.355848012043034e-06
9.345891458100675e-06
9.335845660479773e-06
9.325707310787061e-06
9.315475972226213e-06
9.305153438692738e-06
9.294736861028308e-06
9.284230624421578e-06
9.273630713508468e-06
9.262942257673149e-06
9.252160186972077e-06
9.241287748010795e-06
9.230323187182978e-06
9.21926765271797e-06
9.208123572526104e-06
9.196885918548322e-06
9.185559508421383e-06
9.174141296068518e-06
9.162631232965435e-06
9.151033031549576e-06
9.139342702049551e-06
9.127560555889076e-06
9.115691453906857e-06
9.1037332281607e-06
9.0916825210133e-06
9.079543716831809e-06
9.067314585892534e-06
9.054995556470772e-06
9.042588050908938e-06
9.030090444816995e-06
9.017504341897194e-06
9.004829701612306e-06
8.992066270126591e-06
8.97921085925356e-06
8.96627092376964e-06
8.953241789184581e-06
8.940120008693205e-06
8.92691606777609e-06
8.913620452252192e-06
8.900238175698054e-06
8.886768064990639e-06
8.873209236753203e-06
8.859563472806899e-06
8.845831591745862e-06
8.832010507545659e-06
8.818102170452966e-06
8.804106055055818e-06
8.790025594169168e-06
8.775855470758971e-06
8.761602726783867e-06
8.747258705380356e-06
8.732832302922229e-06
8.718318744788258e-06
8.70371939555337e-06
8.689031464130937e-06
8.674260585225453e-06
8.659404267860852e-06
8.644460439003064e-06
8.629431191902587e-06
8.614317617196837e-06
8.599120785042758e-06
8.58383779802714e-06
8.568471383409897e-06
8.553017981162907e-06
8.537481488340288e-06
8.521858608744028e-06
8.506152925655035e-06
8.490365119271546e-06
8.474491548872322e-06
8.458535597431748e-06
8.442495467329145e-06
8.426372502779968e-06
8.410165444906758e-06
8.393875784738862e-06
8.377503578622335e-06
8.361047875034066e-06
8.344510640806324e-06
8.327891023811964e-06
8.311189116845474e-06
8.294403453451841e-06
8.277536495742392e-06
8.260589350270507e-06
8.24356134414206e-06
8.226450003684886e-06
8.209259317978544e-06
8.191986645861805e-06
8.174631919420562e-06
8.157197639994587e-06
8.139681300698438e-06
8.122085771280294e-06
8.104412113940781e-06
8.086657186820049e-06
8.068819312466768e-06
8.050906166262519e-06
8.032910241768385e-06
8.014837682265545e-06
7.996684919966953e-06
7.978453984763989e-06
7.960143864155914e-06
7.941754226759099e-06
7.923286898504706e-06
7.904741298266347e-06
7.886118503084646e-06
7.867418540946012e-06
7.848635336926518e-06
7.829781404481389e-06
7.810846312717919e-06
7.791836586860508e-06
7.772746963780999e-06
7.753583741781423e-06
7.734343818134384e-06
7.715024390689395e-06
7.695632699107363e-06
7.676161419684889e-06
7.65661644724551e-06
7.636995376754957e-06
7.617300788561947e-06
7.597530080338936e-06
7.57768365149612e-06
7.557763268770206e-06
7.537767234265653e-06
7.517695806044596e-06
7.497551627167994e-06
7.477333663799262e-06
7.457042164581312e-06
7.436675153160939e-06
7.416237000571462e-06
7.395725511484419e-06
7.37513835637851e-06
7.354479080807338e-06
7.333749638714912e-06
7.312947951012443e-06
7.292072819803041e-06
7.271125907259532e-06
7.250105748190249e-06
7.229014115032122e-06
7.20785398759061e-06
7.186619956923843e-06
7.16531764438456e-06
7.143941560621651e-06
7.122496968242679e-06
7.100982363249703e-06
7.079395881470495e-06
7.057740990110661e-06
7.036015457683522e-06
7.014221902693161e-06
6.992356534503261e-06
6.970424644368089e-06
6.948421561848874e-06
6.92635335940702e-06
6.904214187409237e-06
6.882007811908035e-06
6.859733954183206e-06
6.837392174980467e-06
6.814981869058376e-06
6.792505082733682e-06
6.769961846700718e-06
6.747350123926091e-06
6.724670224764995e-06
6.701929984984826e-06
6.679119233988964e-06
6.656243728500992e-06
6.63330245586496e-06
6.610293943446168e-06
6.587222433980623e-06
6.564084417942797e-06
6.54088332292376e-06
6.517616635429452e-06
6.494285682295937e-06
6.470891080286256e-06
6.447431666803014e-06
6.42390862194251e-06
6.400324125508693e-06
6.376675048840476e-06
6.35296226345319e-06
6.329188442148848e-06
6.305350149534689e-06
6.281451255655315e-06
6.257488861087525e-06
6.233466743147627e-06
6.209381848763347e-06
6.185237646464759e-06
6.161028338046367e-06
6.136761599962675e-06
6.112432550789261e-06
6.088043671604918e-06
6.063594451912951e-06
6.039086047460999e-06
6.014518762734457e-06
5.989890430472464e-06
5.965204712186596e-06
5.940457782195319e-06
5.915652969121608e-06
5.890790477665142e-06
5.86587056900397e-06
5.840891675058756e-06
5.815855476827982e-06
5.790761177795719e-06
5.765611846961611e-06
5.740403101286472e-06
5.715137673712285e-06
5.689817528659538e-06
5.664440932559958e-06
5.63900898754009e-06
5.613519535452101e-06
5.587975656393689e-06
5.562376120470756e-06
5.536723538893535e-06
5.511015604609661e-06
5.485250295157714e-06
5.459434487597796e-06
5.43356338627291e-06
5.407637148690833e-06
5.38165955104093e-06
5.355629389945484e-06
5.329545221510368e-06
5.303408281011557e-06
5.277218506991057e-06
5.250977860059655e-06
5.22468597000411e-06
5.198341014918224e-06
5.171945251082814e-06
5.145497966593874e-06
5.118999869543161e-06
5.092453435273701e-06
5.065853119355021e-06
5.039204742899217e-06
5.012508195635292e-06
4.98575992726454e-06
4.958961940822826e-06
4.932116573652478e-06
4.90522295603384e-06
4.87827991196512e-06
4.851289755549318e-06
4.824249926567389e-06
4.79716331084465e-06
4.770031083443718e-06
4.742849281504538e-06
4.715621802137389e-06
4.688348113040536e-06
4.661028459862798e-06
4.633660189508829e-06
4.606249227100838e-06
4.578791680408373e-06
4.551287135700983e-06
4.523739220437919e-06
4.496147557324665e-06
4.468510489847372e-06
4.440829002919869e-06
4.413106110797657e-06
4.385337187798685e-06
4.357525829929017e-06
4.329670716707696e-06
4.30177347510937e-06
4.273832536841419e-06
4.245850761561747e-06
4.217827729613506e-06
4.189761810128482e-06
4.161656163911784e-06
4.133506263041559e-06
4.105318629459901e-06
4.077089949359147e-06
4.048819360814042e-06
4.020509672815313e-06
3.992161036771305e-06
3.963772410615168e-06
3.935344204796112e-06
3.906878667953778e-06
3.878373875292744e-06
3.849830530903211e-06
3.821249964785364e-06
3.792628951467007e-06
3.763972595433853e-06
3.735280975160589e-06
3.706549661550594e-06
3.677782783754265e-06
3.648979542962974e-06
3.620140502116753e-06
3.591262998337077e-06
3.562355151565575e-06
3.533409154176561e-06
3.50442856647412e-06
3.475412695605821e-06
3.446363370994176e-06
3.417280147989393e-06
3.388162696753379e-06
3.359012640052944e-06
3.329828279368243e-06
3.300610824975827e-06
3.271362995581165e-06
3.242082007763357e-06
3.212767120915577e-06
3.183421956396538e-06
3.154044836262225e-06
3.124636082458926e-06
3.095199227767618e-06
3.065729404949741e-06
3.036230266575384e-06
3.006700075794709e-06
2.977143158906905e-06
2.947553254496621e-06
2.917935471512251e-06
2.888288548226657e-06
2.858615932027985e-06
2.828912584874765e-06
2.799180453739992e-06
2.76942192643209e-06
2.739635513372382e-06
2.709822707323898e-06
2.679982940757185e-06
2.650117528841828e-06
2.620225586535288e-06
2.590307618872972e-06
2.560364069796096e-06
2.530393222318526e-06
2.500399198985354e-06
2.470380868791736e-06
2.440338252598732e-06
2.41027218556727e-06
2.380178983586305e-06
2.350063756475227e-06
2.31992830954624e-06
2.289768455468937e-06
2.259584091259747e-06
2.229380147685976e-06
2.199151725448083e-06
2.168903252185251e-06
2.138631320263235e-06
2.1083410827603e-06
2.078028598232268e-06
2.047695812694944e-06
2.017341356950252e-06
1.986968921926098e-06
1.956575917835285e-06
1.926164276636995e-06
1.895732685991223e-06
1.865283664036557e-06
1.834814681120036e-06
1.804329175392097e-06
1.773825779820996e-06
1.743303096217468e-06
1.712764389141949e-06
1.682209174148128e-06
1.651637133046103e-06
1.621046653075128e-06
1.590443773003062e-06
1.559822565422475e-06
1.529188145698097e-06
1.49853751569937e-06
1.467871665582536e-06
1.437191501774306e-06
1.406497620521469e-06
1.375789377115033e-06
1.345067470393237e-06
1.314332943710334e-06
1.283585008659002e-06
1.252824113621966e-06
1.222050786555609e-06
1.191265525479835e-06
1.160469800884748e-06
1.129661001711985e-06
1.098841656254355e-06
1.068011059601549e-06
1.037171348653698e-06
1.006319422723269e-06
9.754583932171453e-07
9.44588176828824e-07
9.137074278727355e-07
8.828184426382682e-07
8.519217383827811e-07
8.210154991761747e-07
7.901016984200278e-07
7.591795928931776e-07
7.28249929301073e-07
6.973150248744086e-07
6.663705344901554e-07
6.354203185715839e-07
6.044641430582064e-07
5.735019143772133e-07
5.425334497603544e-07
5.11561027975303e-07
4.80582102858723e-07
4.495996578153385e-07
4.186111641414611e-07
3.876191408894361e-07
3.566240407150037e-07
3.256252903365175e-07
2.946235215898583e-07
2.636183362961345e-07
2.326098738529883e-07
2.016003901897188e-07
1.70588596484703e-07
1.395745535808349e-07
1.085597834737855e-07
7.754348156033619e-08
4.652607122372059e-08
1.550997881314537e-08
-1.550997879673664e-08
-4.652607120709672e-08
-7.754348154884534e-08
-1.085597834810135e-07
-1.395745535541567e-07
-1.705885965237868e-07
-2.016003901456268e-07
-2.326098738830901e-07
-2.636183363609397e-07
-2.946235215625211e-07
-3.256252903926821e-07
-3.566240406516273e-07
-3.876191409476171e-07
-4.18611164083312e-07
-4.495996578594232e-07
-4.805821028559884e-07
-5.115610278703262e-07
-5.425334496879949e-07
-5.735019144575513e-07
-6.044641431470906e-07
-6.354203186039727e-07
-6.66370534509753e-07
-6.973150247761257e-07
-7.28249929335039e-07
-7.591795929215371e-07
-7.901016983897515e-07
-8.210154991020114e-07
-8.519217383753882e-07
-8.828184426491068e-07
-9.137074279350051e-07
-9.445881768102316e-07
-9.754583933028782e-07
-1.0063194226913e-06
-1.037171348576174e-06
-1.068011059599204e-06
-1.098841656212117e-06
-1.129661001733775e-06
-1.160469800790531e-06
-1.191265525430738e-06
-1.222050786625915e-06
-1.252824113631069e-06
-1.283585008686876e-06
-1.314332943779372e-06
-1.34506747046247e-06
-1.375789377087199e-06
-1.406497620528212e-06
-1.43719150173574e-06
-1.467871665592082e-06
-1.498537515678604e-06
-1.529188145685212e-06
-1.559822565418248e-06
-1.590443772983935e-06
-1.621046653068365e-06
-1.651637133051484e-06
-1.682209174168809e-06
-1.712764389100563e-06
-1.743303096197305e-06
-1.773825779866241e-06
-1.80432917546213e-06
-1.834814681112264e-06
-1.865283664070418e-06
-1.895732685975204e-06
-1.926164276573225e-06
-1.956575917818108e-06
-1.986968921972961e-06
-2.01734135693136e-06
-2.047695812683091e-06
-2.078028598204042e-06
-2.108341082842336e-06
-2.138631320336665e-06
-2.168903252145383e-06
-2.199151725402491e-06
-2.229380147675464e-06
-2.259584091187221e-06
-2.28976845556743e-06
-2.319928309534348e-06
-2.350063756424507e-06
-2.380178983644787e-06
-2.410272185593426e-06
-2.440338252584185e-06
-2.470380868844864e-06
-2.500399199002754e-06
-2.530393222355189e-06
-2.560364069827141e-06
-2.590307618866119e-06
-2.620225586551158e-06
-2.650117528812592e-06
-2.679982940763798e-06
-2.709822707341749e-06
-2.739635513433034e-06
-2.76942192638866e-06
-2.799180453736167e-06
-2.828912584829686e-06
-2.858615932071611e-06
-2.888288548070752e-06
-2.917935471497641e-06
-2.947553254469653e-06
-2.977143158842862e-06
-3.00670007585313e-06
-3.036230266573302e-06
-3.065729404973922e-06
-3.095199227785423e-06
-3.124636082450476e-06
-3.154044836240031e-06
-3.18342195633908e-06
-3.212767120835334e-06
-3.242082007792522e-06
-3.271362995529544e-06
-3.300610825042458e-06
-3.32982827933465e-06
-3.359012639987252e-06
-3.388162696756102e-06
-3.417280147984857e-06
-3.446363370996045e-06
-3.475412695549308e-06
-3.504428566534001e-06
-3.533409154079081e-06
-3.562355151562651e-06
-3.591262998354445e-06
-3.620140502211768e-06
-3.648979543012928e-06
-3.677782783815942e-06
-3.706549661530511e-06
-3.735280975217665e-06
-3.76397259542034e-06
-3.792628951499281e-06
-3.821249964762972e-06
-3.849830530956855e-06
-3.878373875185043e-06
-3.906878668034628e-06
-3.935344204825318e-06
-3.963772410602617e-06
-3.99216103679943e-06
-4.020509672736941e-06
-4.04881936086481e-06
-4.077089949247136e-06
-4.105318629499943e-06
-4.133506262977259e-06
-4.16165616375418e-06
-4.189761810134553e-06
-4.217827729662781e-06
-4.245850761557046e-06
-4.273832536879362e-06
-4.301773475152879e-06
-4.329670716713431e-06
-4.357525829978714e-06
-4.38533718775139e-06
-4.413106110807739e-06
-4.440829002921451e-06
-4.468510489815467e-06
-4.496147557273423e-06
-4.523739220451582e-06
-4.551287135630108e-06
-4.57879168041029e-06
-4.606249227135284e-06
-4.633660189474453e-06
-4.661028459881555e-06
-4.688348113072532e-06
-4.715621802086264e-06
-4.742849281541169e-06
-4.770031083400394e-06
-4.79716331095141e-06
-4.824249926581468e-06
-4.85128975554363e-06
-4.878279911956924e-06
-4.905222956073282e-06
-4.932116573681162e-06
-4.958961940774955e-06
-4.985759927323322e-06
-5.012508195700656e-06
-5.039204742843777e-06
-5.065853119348226e-06
-5.092453435274711e-06
-5.118999869533068e-06
-5.145497966559778e-06
-5.171945251102125e-06
-5.198341014883088e-06
-5.224685969960789e-06
-5.250977860014327e-06
-5.277218507005401e-06
-5.303408280972735e-06
-5.329545221483957e-06
-5.355629389937285e-06
-5.381659551039737e-06
-5.407637148793924e-06
-5.433563386357379e-06
-5.459434487664696e-06
-5.485250295188e-06
-5.511015604648943e-06
-5.536723538898516e-06
-5.562376120535144e-06
-5.587975656465643e-06
-5.613519535423414e-06
-5.639008987437874e-06
-5.664440932686605e-06
-5.689817528594434e-06
-5.715137673806678e-06
-5.740403101210623e-06
-5.765611847081372e-06
-5.790761177811662e-06
-5.8158554767516e-06
-5.840891675097962e-06
-5.865870569029701e-06
-5.890790477694455e-06
-5.915652969093058e-06
-5.940457782202292e-06
-5.965204712124952e-06
-5.989890430523478e-06
-6.01451876270928e-06
-6.039086047406944e-06
-6.063594451957525e-06
-6.088043671582467e-06
-6.112432550874298e-06
-6.136761599890639e-06
-6.161028338011979e-06
-6.185237646531481e-06
-6.20938184870074e-06
-6.23346674325091e-06
-6.257488861178678e-06
-6.281451255606758e-06
-6.305350149498565e-06
-6.329188442159399e-06
-6.352962263334283e-06
-6.376675048872742e-06
-6.400324125556506e-06
-6.42390862193306e-06
-6.447431666774284e-06
-6.470891080211962e-06
-6.494285682282088e-06
-6.517616635464477e-06
-6.540883322938174e-06
-6.564084417951598e-06
-6.587222434000412e-06
-6.610293943479426e-06
-6.63330245589617e-06
-6.65624372837987e-06
-6.67911923385319e-06
-6.701929984884473e-06
-6.72467022478117e-06
-6.747350123949976e-06
-6.769961846661071e-06
-6.792505082760206e-06
-6.814981868986775e-06
-6.837392175064104e-06
-6.859733954266991e-06
-6.882007811878636e-06
-6.904214187369472e-06
-6.926353359384045e-06
-6.948421561750101e-06
-6.970424644443229e-06
-6.992356534416321e-06
-7.014221902659331e-06
-7.036015457768064e-06
-7.057740990092566e-06
-7.079395881561974e-06
-7.100982363301084e-06
-7.12249696827112e-06
-7.143941560632726e-06
-7.165317644389453e-06
-7.186619956964631e-06
-7.207853987631762e-06
-7.229014115008332e-06
-7.250105748181316e-06
-7.271125907296913e-06
-7.292072819795791e-06
-7.312947951042983e-06
-7.333749638731773e-06
-7.354479080833175e-06
-7.375138356417541e-06
-7.395725511464578e-06
-7.416237000643774e-06
-7.436675153119665e-06
-7.457042164519497e-06
-7.477333663828522e-06
-7.497551627177519e-06
-7.517695805972004e-06
-7.53776723419077e-06
-7.557763268831457e-06
-7.577683651483537e-06
-7.597530080303933e-06
-7.617300788550248e-06
-7.636995376788835e-06
-7.656616447282376e-06
-7.676161419657618e-06
-7.695632699152245e-06
-7.71502439082448e-06
-7.73434381804054e-06
-7.753583741781772e-06
-7.77274696376269e-06
-7.791836586887863e-06
-7.810846312719528e-06
-7.829781404445958e-06
-7.848635336938611e-06
-7.867418540970075e-06
-7.886118503089264e-06
-7.904741298166519e-06
-7.923286898580221e-06
-7.941754226741819e-06
-7.960143864200841e-06
-7.978453984786986e-06
-7.996684919983799e-06
-8.014837682276566e-06
-8.032910241711156e-06
-8.050906166304569e-06
-8.068819312364845e-06
-8.086657186860527e-06
-8.104412113952375e-06
-8.122085771254612e-06
-8.139681300717343e-06
-8.15719764009175e-06
-8.174631919407423e-06
-8.191986645929276e-06
-8.209259318017474e-06
-8.226450003652955e-06
-8.2435613441532e-06
-8.260589350360898e-06
-8.277536495656439e-06
-8.294403453514391e-06
-8.311189116830949e-06
-8.327891023843717e-06
-8.344510640792752e-06
-8.361047875044285e-06
-8.37750357852011e-06
-8.39387578464472e-06
-8.410165444842182e-06
-8.426372502793177e-06
-8.442495467209232e-06
-8.458535597482729e-06
-8.474491548824184e-06
-8.490365119247402e-06
-8.506152925604196e-06
-8.521858608760847e-06
-8.537481488354388e-06
-8.553017981244763e-06
-8.568471383332421e-06
-8.583837797997168e-06
-8.599120785134512e-06
-8.614317617172976e-06
-8.629431191805384e-06
-8.644460439021339e-06
-8.659404267850064e-06
-8.674260585204516e-06
-8.68903146414845e-06
-8.703719395558387e-06
-8.71831874488587e-06
-8.732832302853738e-06
-8.747258705462005e-06
-8.761602726750951e-06
-8.775855470740643e-06
-8.790025594111556e-06
-8.804106055075093e-06
-8.818102170472106e-06
-8.832010507574533e-06
-8.845831591724217e-06
-8.859563472800301e-06
-8.873209236772298e-06
-8.886768064901125e-06
-8.900238175612079e-06
-8.913620452270203e-06
-8.926916067750872e-06
-8.9401200087708e-06
-8.953241789195084e-06
-8.966270923763274e-06
-8.979210859266059e-06
-8.992066270147303e-06
-9.004829701698866e-06
-9.017504341883128e-06
-9.030090444793407e-06
-9.042588051029935e-06
-9.054995556328243e-06
-9.067314585844045e-06
-9.079543716841064e-06
-9.091682520993913e-06
-9.103733228195666e-06
-9.115691453862215e-06
-9.127560555911468e-06
-9.139342702049805e-06
-9.151033031571047e-06
-9.162631232959237e-06
-9.17414129608843e-06
-9.185559508399838e-06
-9.196885918557791e-06
-9.208123572559687e-06
-9.219267652778722e-06
-9.23032318722831e-06
-9.241287747987127e-06
-9.252160186921577e-06
-9.26294225770648e-06
-9.273630713512414e-06
-9.284230624445244e-06
-9.294736861040043e-06
-9.305153438751876e-06
-9.315475972186399e-06
-9.32570731074999e-06
-9.335845660563803e-06
-9.345891458038259e-06
-9.355848012000919e-06
-9.365710234176185e-06
-9.375480300016162e-06
-9.385157350156129e-06
-9.394741994259768e-06
-9.404235178621399e-06
-9.413634829479626e-06
-9.42294146712153e-06
-9.432153720873189e-06
-9.441275962458004e-06
-9.450300272568265e-06
-9.459235404307698e-06
-9.468077285055822e-06
-9.4768246063743e-06
-9.485478957032924e-06
-9.494038167291965e-06
-9.502504993810723e-06
-9.510876069681398e-06
-9.519155401161975e-06
-9.527340501725579e-06
-9.53543037238869e-06
-9.543426649180573e-06
-9.551328241822038e-06
-9.559136940195004e-06
-9.566852016499978e-06
-9.574471117268427e-06
-9.581995309447982e-06
-9.589425006960571e-06
-9.596762042208669e-06
-9.604003701306275e-06
-9.611148643988326e-06
-9.618197602783523e-06
-9.625156724911861e-06
-9.63201803584424e-06
-9.638782825546206e-06
-9.645453576673962e-06
-9.652029721269981e-06
-9.658512002370136e-06
-9.664896493801352e-06
-9.671186096156151e-06
-9.677380379255824e-06
-9.683480265042188e-06
-9.689484900757312e-06
-9.69539261943659e-06
-9.701202291133811e-06
-9.706917578989168e-06
-9.712540008914034e-06
-9.718064696509208e-06
-9.72349238574367e-06
-9.728826528617662e-06
-9.734065153910294e-06
-9.739202924815614e-06
-9.744248194682969e-06
-9.749196672270095e-06
-9.754050525608835e-06
-9.758805042394405e-06
-9.763465329191732e-06
-9.768027392793441e-06
-9.772496579186571e-06
-9.776865363210657e-06
-9.781137877445882e-06
-9.785316681034693e-06
-9.789396768531984e-06
-9.793381406064706e-06
-9.797268334504689e-06
-9.801061293948497e-06
-9.80475308348931e-06
-9.808351816797581e-06
-9.811852547446876e-06
-9.815256426724516e-06
-9.818561660774171e-06
-9.821773869307563e-06
-9.824886921574994e-06
-9.827900158543705e-06
-9.830819453213638e-06
-9.833643266600189e-06
-9.83636877215896e-06
-9.838994943986055e-06
-9.841525084737556e-06
-9.843958888074879e-06
-9.846297506885718e-06
-9.848534644290121e-06
-9.850677718566822e-06
-9.852720996511558e-06
-9.854668230744932e-06
-9.856519039942443e-06
-9.858273899574895e-06
-9.859930680186863e-06
-9.861487202816101e-06
-9.862949601507272e-06
-9.864312595112066e-06
-9.865578772962812e-06
-9.866749279148956e-06
-9.867818948496249e-06
-9.868792126219335e-06
-9.869670998712997e-06
-9.870449429158642e-06
-9.871131225879502e-06
-9.871715106206293e-06
-9.872204379497013e-06
-9.872595397192666e-06
-9.872888115591665e-06
-9.873082802751829e-06
-9.873178724610163e-06
0
