-1.973907878229444e-05
-5.921645707970434e-05
-9.869149761412344e-05
-0.0001381626419767041
-0.0001776283319150439
-0.0002170870093907897
-0.0002565371166426309
-0.0002959770962487982
-0.0003354053911860336
-0.0003748204448929013
-0.0004142207013298851
-0.0004536046050431391
-0.0004929706012233807
-0.0005323171357683844
-0.0005716426553446317
-0.0006109456074466996
-0.0006502244404631681
-0.0006894776037318381
-0.0007287035476055276
-0.000767900723510166
-0.0008070675840095962
-0.0008462025828631951
-0.0008853041750870138
-0.0009243708170178118
-0.0009634009663719335
-0.00100239308230571
-0.00104134562547622
-0.001080257058105319
-0.001119125844034997
-0.001157950448792413
-0.00119672933964985
-0.001235460985680937
-0.001274143857828325
-0.001312776428957345
-0.001351357173921252
-0.001389884569617965
-0.001428357095051687
-0.001466773231392582
-0.001505131462038544
-0.00154343027267107
-0.001581668151319546
-0.001619843588417349
-0.001657955076863719
-0.001696001112082806
-0.001733980192081801
-0.001771890817512001
-0.00180973149172637
-0.001847500720840537
-0.001885197013789943
-0.001922818882389361
-0.001960364841391032
-0.001997833408545343
-0.002035223104658864
-0.002072532453647565
-0.002109759982604438
-0.002146904221849511
-0.00218396370499227
-0.00222093696898693
-0.002257822554193279
-0.002294619004430513
-0.002331324867039139
-0.002367938692934366
-0.002404459036663824
-0.002440884456467885
-0.002477213514332695
-0.002513444776050502
-0.002549576811271373
-0.002585608193565559
-0.002621537500475711
-0.002657363313573882
-0.002693084218519527
-0.002728698805109979
-0.002764205667344654
-0.002799603403472867
-0.002834890616051961
-0.002870065912003627
-0.002905127902667698
-0.002940075203856536
-0.002974906435910739
-0.003009620223751853
-0.003044215196940659
-0.003078689989725514
-0.003113043241102212
-0.003147273594861126
-0.003181379699647567
-0.003215360209010689
-0.003249213781458872
-0.00328293908050988
-0.003316534774748449
-0.003349999537872307
-0.003383332048749868
-0.003416530991471919
-0.003449595055400288
-0.003482522935222328
-0.003515313331002627
-0.003547964948231119
-0.003580476497879469
-0.003612846696445656
-0.003645074266010491
-0.003677157934285146
-0.003709096434660612
-0.003740888506259098
-0.003772532893985749
-0.003804028348572786
-0.003835373626634459
-0.003866567490712292
-0.003897608709326286
-0.003928496057022935
-0.003959228314421113
-0.003989804268265288
-0.004020222711467826
-0.00405048244316171
-0.004080582268744238
-0.00411052099992637
-0.004140297454777061
-0.004169910457774158
-0.004199358839846304
-0.00422864143842136
-0.0042577570974736
-0.004286704667566026
-0.004315483005897972
-0.004344090976350704
-0.004372527449529789
-0.004400791302811402
-0.004428881420388289
-0.004456796693309891
-0.004484536019529112
-0.004512098303945708
-0.00453948245844699
-0.004566687401953849
-0.004593712060461042
-0.004620555367081992
-0.004647216262088964
-0.004673693692954495
-0.004699986614396044
-0.004726093988413591
-0.004752014784333451
-0.004777747978846253
-0.004803292556048656
-0.004828647507487186
-0.004853811832187711
-0.004878784536710673
-0.004903564635172646
-0.004928151149299616
-0.004952543108456615
-0.004976739549692813
-0.005000739517772405
-0.005024542065219458
-0.005048146252347657
-0.005071551147306997
-0.005094755826109982
-0.005117759372677545
-0.005140560878866982
-0.005163159444515671
-0.005185554177470339
-0.005207744193625231
-0.005229728616955677
-0.005251506579555372
-0.005273077221667168
-0.005294439691719447
-0.005315593146358127
-0.005336536750482027
-0.005357269677271535
-0.005377791108227854
-0.005398100233199522
-0.005418196250417021
-0.005438078366523297
-0.005457745796607613
-0.005477197764233568
-0.005496433501469167
-0.005515452248922421
-0.005534253255763521
-0.005552835779763784
-0.005571199087315019
-0.005589342453465158
-0.00560726516194613
-0.005624966505199853
-0.005642445784407469
-0.005659702309516887
-0.005676735399269568
-0.005693544381229258
-0.005710128591805985
-0.005726487376282445
-0.005742620088843114
-0.005758526092596215
-0.005774204759597706
-0.005789655470883469
-0.005804877616484381
-0.005819870595456685
-0.00583463381590341
-0.005849166694996882
-0.005863468659005416
-0.005877539143310014
-0.005891377592434303
-0.005904983460057994
-0.005918356209046623
-0.005931495311465383
-0.005944400248605347
-0.005957070511002961
-0.00596950559845531
-0.005981705020049351
-0.005993668294171226
-0.006005394948531986
-0.006016884520182411
-0.006028136555534639
-0.006039150610377929
-0.006049926249895282
-0.006060463048683771
-0.006070760590768307
-0.006080818469618825
-0.006090636288169259
-0.006100213658827087
-0.006109550203495358
-0.006118645553582516
-0.006127499350019744
-0.006136111243275229
-0.006144480893365438
-0.006152607969870678
-0.006160492151948339
-0.006168133128344792
-0.006175530597405509
-0.006182684267094007
-0.006189593854993666
-0.006196259088325034
-0.00620267970395879
-0.006208855448418111
-0.006214786077895777
-0.006220471358260041
-0.006225911065066321
-0.006231104983564505
-0.006236052908706855
-0.006240754645158782
-0.006245210007302836
-0.006249418819248675
-0.006253380914841154
-0.006257096137661997
-0.006260564341041955
-0.006263785388061018
-0.006266759151558634
-0.006269485514134383
-0.006271964368158536
-0.006274195615767676
-0.006276179168877564
-0.006277914949179921
-0.006279402888150262
-0.006280642927046817
-0.006281635016913898
-0.006282379118586843
-0.006282875202689484
-0.006283123249636719
-0.006283123249636716
-0.00628287520268947
-0.006282379118586853
-0.006281635016913905
-0.0062806429270468
-0.006279402888150244
-0.006277914949179935
-0.006276179168877554
-0.006274195615767652
-0.006271964368158547
-0.006269485514134383
-0.00626675915155863
-0.006263785388061011
-0.006260564341041948
-0.006257096137661997
-0.00625338091484114
-0.006249418819248669
-0.006245210007302843
-0.006240754645158754
-0.006236052908706855
-0.006231104983564498
-0.006225911065066331
-0.006220471358260069
-0.006214786077895766
-0.006208855448418114
-0.006202679703958783
-0.006196259088325041
-0.006189593854993639
-0.006182684267094007
-0.006175530597405492
-0.006168133128344768
-0.006160492151948343
-0.006152607969870664
-0.006144480893365421
-0.00613611124327525
-0.006127499350019751
-0.006118645553582529
-0.006109550203495351
-0.006100213658827104
-0.006090636288169245
-0.006080818469618821
-0.0060707605907683
-0.006060463048683767
-0.006049926249895289
-0.006039150610377922
-0.006028136555534646
-0.006016884520182397
-0.006005394948531997
-0.005993668294171237
-0.005981705020049344
-0.005969505598455289
-0.005957070511002954
-0.005944400248605309
-0.005931495311465355
-0.005918356209046596
-0.005904983460058015
-0.005891377592434306
-0.005877539143310018
-0.00586346865900542
-0.005849166694996862
-0.005834633815903417
-0.005819870595456675
-0.00580487761648437
-0.005789655470883462
-0.005774204759597699
-0.005758526092596205
-0.005742620088843089
-0.005726487376282445
-0.005710128591805985
-0.005693544381229258
-0.005676735399269557
-0.005659702309516877
-0.005642445784407445
-0.005624966505199832
-0.005607265161946127
-0.005589342453465148
-0.005571199087314984
-0.005552835779763787
-0.00553425325576351
-0.005515452248922408
-0.005496433501469177
-0.005477197764233561
-0.005457745796607631
-0.005438078366523297
-0.005418196250416996
-0.005398100233199504
-0.00537779110822784
-0.005357269677271521
-0.005336536750482016
-0.005315593146358124
-0.005294439691719423
-0.005273077221667158
-0.005251506579555337
-0.005229728616955674
-0.005207744193625227
-0.005185554177470325
-0.005163159444515668
-0.005140560878866961
-0.005117759372677538
-0.005094755826109975
-0.005071551147306994
-0.005048146252347643
-0.005024542065219437
-0.005000739517772385
-0.004976739549692789
-0.004952543108456595
-0.004928151149299616
-0.004903564635172636
-0.004878784536710687
-0.004853811832187693
-0.004828647507487179
-0.004803292556048652
-0.004777747978846242
-0.00475201478433342
-0.004726093988413588
-0.00469998661439602
-0.004673693692954482
-0.004647216262088954
-0.004620555367081957
-0.004593712060461018
-0.004566687401953842
-0.004539482458446951
-0.004512098303945677
-0.004484536019529098
-0.00445679669330986
-0.004428881420388272
-0.004400791302811399
-0.004372527449529776
-0.0043440909763507
-0.00431548300589794
-0.004286704667566005
-0.0042577570974736
-0.004228641438421332
-0.004199358839846273
-0.00416991045777413
-0.004140297454777061
-0.004110520999926356
-0.004080582268744217
-0.004050482443161686
-0.004020222711467826
-0.003989804268265278
-0.003959228314421085
-0.003928496057022925
-0.003897608709326265
-0.003866567490712264
-0.003835373626634445
-0.003804028348572738
-0.003772532893985738
-0.003740888506259071
-0.003709096434660599
-0.00367715793428512
-0.003645074266010484
-0.003612846696445645
-0.003580476497879456
-0.003547964948231105
-0.003515313331002596
-0.003482522935222301
-0.003449595055400257
-0.003416530991471902
-0.003383332048749851
-0.003349999537872284
-0.003316534774748419
-0.003282939080509865
-0.003249213781458846
-0.003215360209010672
-0.003181379699647543
-0.003147273594861093
-0.003113043241102169
-0.003078689989725495
-0.003044215196940637
-0.003009620223751832
-0.002974906435910722
-0.002940075203856519
-0.002905127902667674
-0.002870065912003597
-0.002834890616051938
-0.002799603403472836
-0.002764205667344638
-0.002728698805109965
-0.002693084218519505
-0.002657363313573864
-0.002621537500475696
-0.002585608193565556
-0.002549576811271357
-0.002513444776050464
-0.002477213514332666
-0.002440884456467866
-0.002404459036663793
-0.002367938692934331
-0.002331324867039125
-0.002294619004430482
-0.002257822554193253
-0.002220936968986911
-0.002183963704992242
-0.0021469042218495
-0.002109759982604422
-0.002072532453647544
-0.002035223104658838
-0.001997833408545328
-0.001960364841390999
-0.001922818882389331
-0.001885197013789919
-0.001847500720840507
-0.001809731491726351
-0.001771890817511994
-0.001733980192081781
-0.001696001112082787
-0.001657955076863701
-0.001619843588417337
-0.001581668151319534
-0.001543430272671062
-0.001505131462038536
-0.001466773231392573
-0.00142835709505167
-0.001389884569617968
-0.001351357173921231
-0.001312776428957336
-0.001274143857828312
-0.001235460985680927
-0.001196729339649849
-0.001157950448792399
-0.001119125844034982
-0.0010802570581053
-0.001041345625476212
-0.001002393082305707
-0.0009634009663719292
-0.0009243708170178005
-0.0008853041750870047
-0.0008462025828631856
-0.0008070675840095858
-0.0007679007235101534
-0.0007287035476055215
-0.0006894776037318284
-0.0006502244404631655
-0.0006109456074466922
-0.0005716426553446195
-0.000532317135768379
-0.0004929706012233737
-0.00045360460504313
-0.0004142207013298725
-0.0003748204448928926
-0.0003354053911860258
-0.0002959770962487882
-0.000256537116642624
-0.0002170870093907858
-0.0001776283319150351
-0.0001381626419766969
-9.869149761411607e-05
-5.921645707969827e-05
-1.973907878228924e-05
1.973907878229705e-05
5.921645707970824e-05
9.869149761412594e-05
0.0001381626419767085
0.0001776283319150445
0.0002170870093907969
0.0002565371166426339
0.0002959770962488034
0.0003354053911860419
0.0003748204448929013
0.0004142207013298881
0.0004536046050431439
0.0004929706012233889
0.0005323171357683846
0.0005716426553446356
0.0006109456074467031
0.0006502244404631738
0.0006894776037318453
0.0007287035476055363
0.0007679007235101691
0.0008070675840096023
0.0008462025828631934
0.0008853041750870199
0.000924370817017817
0.0009634009663719405
0.001002393082305718
0.001041345625476221
0.00108025705810533
0.001119125844035001
0.001157950448792416
0.00119672933964986
0.001235460985680945
0.001274143857828328
0.001312776428957358
0.001351357173921248
0.001389884569617965
0.001428357095051696
0.001466773231392577
0.001505131462038537
0.001543430272671074
0.001581668151319538
0.001619843588417361
0.001657955076863732
0.001696001112082816
0.001733980192081805
0.001771890817512015
0.001809731491726375
0.001847500720840528
0.001885197013789933
0.001922818882389349
0.001960364841391025
0.001997833408545349
0.002035223104658866
0.002072532453647566
0.002109759982604422
0.002146904221849513
0.002183963704992247
0.002220936968986937
0.002257822554193276
0.002294619004430516
0.002331324867039165
0.002367938692934363
0.002404459036663843
0.002440884456467899
0.002477213514332686
0.002513444776050503
0.002549576811271373
0.002585608193565561
0.002621537500475711
0.002657363313573892
0.002693084218519536
0.002728698805109986
0.002764205667344661
0.002799603403472874
0.002834890616051966
0.002870065912003632
0.002905127902667689
0.002940075203856522
0.002974906435910744
0.003009620223751851
0.003044215196940665
0.003078689989725521
0.003113043241102217
0.003147273594861107
0.003181379699647572
0.003215360209010679
0.003249213781458876
0.003282939080509877
0.003316534774748458
0.003349999537872315
0.00338333204874987
0.003416530991471914
0.003449595055400285
0.003482522935222335
0.003515313331002645
0.003547964948231137
0.003580476497879473
0.003612846696445658
0.003645074266010493
0.00367715793428515
0.003709096434660613
0.003740888506259091
0.003772532893985766
0.003804028348572776
0.003835373626634466
0.003866567490712274
0.003897608709326292
0.003928496057022945
0.003959228314421085
0.003989804268265305
0.004020222711467829
0.004050482443161717
0.004080582268744266
0.004110520999926356
0.004140297454777064
0.004169910457774158
0.004199358839846307
0.00422864143842136
0.004257757097473617
0.004286704667566036
0.004315483005897978
0.004344090976350707
0.004372527449529793
0.004400791302811412
0.004428881420388286
0.004456796693309891
0.004484536019529119
0.004512098303945715
0.004539482458446965
0.004566687401953862
0.004593712060461032
0.004620555367081967
0.004647216262088957
0.004673693692954495
0.004699986614396037
0.004726093988413584
0.004752014784333441
0.004777747978846267
0.00480329255604867
0.004828647507487197
0.004853811832187711
0.004878784536710694
0.004903564635172629
0.004928151149299634
0.004952543108456595
0.004976739549692809
0.005000739517772398
0.005024542065219458
0.00504814625234766
0.005071551147307014
0.005094755826109978
0.005117759372677545
0.005140560878866988
0.005163159444515671
0.005185554177470374
0.00520774419362522
0.005229728616955691
0.005251506579555372
0.005273077221667175
0.005294439691719447
0.005315593146358138
0.005336536750482034
0.005357269677271542
0.005377791108227864
0.005398100233199518
0.005418196250417007
0.005438078366523304
0.00545774579660762
0.005477197764233561
0.00549643350146917
0.005515452248922414
0.005534253255763531
0.005552835779763798
0.005571199087315015
0.005589342453465162
0.005607265161946137
0.005624966505199846
0.005642445784407459
0.005659702309516887
0.005676735399269585
0.005693544381229255
0.005710128591805988
0.005726487376282466
0.005742620088843114
0.005758526092596233
0.005774204759597706
0.005789655470883462
0.005804877616484388
0.005819870595456661
0.005834633815903437
0.005849166694996882
0.005863468659005437
0.005877539143310035
0.005891377592434306
0.005904983460058008
0.005918356209046599
0.005931495311465376
0.00594440024860534
0.005957070511002967
0.00596950559845531
0.005981705020049355
0.005993668294171209
0.006005394948531972
0.006016884520182411
0.006028136555534677
0.006039150610377922
0.006049926249895268
0.006060463048683771
0.006070760590768311
0.006080818469618828
0.006090636288169249
0.006100213658827108
0.006109550203495372
0.006118645553582526
0.006127499350019758
0.006136111243275247
0.006144480893365414
0.006152607969870674
0.006160492151948343
0.006168133128344785
0.006175530597405516
0.006182684267094011
0.006189593854993652
0.00619625908832502
0.006202679703958797
0.006208855448418128
0.006214786077895777
0.006220471358260052
0.006225911065066324
0.006231104983564495
0.006236052908706855
0.006240754645158768
0.00624521000730283
0.006249418819248669
0.006253380914841161
0.006257096137661993
0.006260564341041958
0.006263785388061004
0.006266759151558641
0.006269485514134403
0.006271964368158533
0.006274195615767669
0.006276179168877564
0.006277914949179914
0.006279402888150258
0.006280642927046803
0.006281635016913898
0.00628237911858685
0.00628287520268948
0.006283123249636719
0.006283123249636733
0.006282875202689473
0.006282379118586857
0.006281635016913891
0.006280642927046821
0.006279402888150258
0.006277914949179925
0.006276179168877561
0.006274195615767662
0.006271964368158543
0.00626948551413439
0.006266759151558644
0.006263785388061001
0.006260564341041962
0.006257096137661993
0.006253380914841147
0.006249418819248672
0.006245210007302826
0.006240754645158747
0.006236052908706852
0.006231104983564495
0.006225911065066335
0.006220471358260048
0.006214786077895756
0.006208855448418114
0.006202679703958783
0.006196259088325023
0.006189593854993663
0.006182684267094014
0.006175530597405492
0.006168133128344779
0.00616049215194835
0.006152607969870671
0.006144480893365403
0.006136111243275233
0.006127499350019758
0.006118645553582526
0.006109550203495354
0.006100213658827097
0.006090636288169242
0.006080818469618821
0.0060707605907683
0.006060463048683771
0.006049926249895272
0.006039150610377925
0.006028136555534639
0.006016884520182383
0.006005394948531972
0.005993668294171226
0.005981705020049348
0.005969505598455292
0.005957070511002978
0.005944400248605323
0.005931495311465366
0.005918356209046596
0.005904983460058008
0.005891377592434299
0.005877539143310032
0.005863468659005427
0.005849166694996868
0.00583463381590342
0.005819870595456616
0.005804877616484384
0.005789655470883458
0.005774204759597706
0.005758526092596208
0.005742620088843089
0.005726487376282448
0.005710128591805978
0.005693544381229241
0.005676735399269574
0.005659702309516877
0.005642445784407459
0.005624966505199846
0.005607265161946137
0.005589342453465127
0.005571199087315001
0.005552835779763801
0.005534253255763507
0.005515452248922394
0.005496433501469177
0.005477197764233548
0.005457745796607617
0.00543807836652329
0.005418196250417
0.005398100233199525
0.005377791108227857
0.005357269677271535
0.00533653675048202
0.005315593146358124
0.005294439691719419
0.005273077221667158
0.005251506579555351
0.005229728616955677
0.005207744193625227
0.005185554177470342
0.005163159444515661
0.005140560878866982
0.005117759372677538
0.005094755826109954
0.005071551147306994
0.00504814625234765
0.005024542065219444
0.005000739517772385
0.004976739549692809
0.004952543108456612
0.004928151149299613
0.004903564635172625
0.004878784536710673
0.004853811832187693
0.004828647507487197
0.004803292556048638
0.004777747978846242
0.004752014784333413
0.004726093988413584
0.004699986614396013
0.004673693692954489
0.004647216262088919
0.004620555367081943
0.004593712060461014
0.004566687401953831
0.004539482458446962
0.004512098303945698
0.004484536019529115
0.004456796693309856
0.004428881420388275
0.004400791302811385
0.004372527449529762
0.00434409097635069
0.004315483005897944
0.004286704667565998
0.004257757097473596
0.004228641438421329
0.004199358839846269
0.004169910457774137
0.004140297454777064
0.00411052099992635
0.004080582268744245
0.004050482443161703
0.004020222711467826
0.003989804268265288
0.003959228314421087
0.003928496057022945
0.003897608709326261
0.003866567490712278
0.003835373626634449
0.003804028348572745
0.003772532893985742
0.00374088850625909
0.003709096434660596
0.003677157934285131
0.003645074266010479
0.003612846696445645
0.003580476497879456
0.003547964948231123
0.003515313331002596
0.003482522935222304
0.003449595055400254
0.003416530991471888
0.003383332048749863
0.003349999537872289
0.003316534774748425
0.003282939080509865
0.003249213781458848
0.003215360209010663
0.003181379699647541
0.003147273594861109
0.003113043241102188
0.003078689989725499
0.003044215196940647
0.003009620223751846
0.002974906435910724
0.002940075203856527
0.002905127902667668
0.002870065912003604
0.002834890616051931
0.002799603403472848
0.002764205667344651
0.002728698805109965
0.002693084218519515
0.00265736331357388
0.002621537500475704
0.002585608193565557
0.002549576811271348
0.002513444776050476
0.002477213514332671
0.002440884456467868
0.002404459036663809
0.002367938692934333
0.002331324867039139
0.002294619004430495
0.002257822554193262
0.002220936968986903
0.002183963704992244
0.002146904221849488
0.002109759982604424
0.002072532453647547
0.002035223104658843
0.001997833408545332
0.001960364841391008
0.00192281888238934
0.001885197013789919
0.001847500720840521
0.001809731491726351
0.001771890817511987
0.001733980192081788
0.001696001112082799
0.001657955076863704
0.001619843588417345
0.001581668151319532
0.001543430272671065
0.001505131462038537
0.001466773231392568
0.001428357095051685
0.001389884569617966
0.001351357173921238
0.001312776428957344
0.001274143857828319
0.00123546098568093
0.00119672933964985
0.001157950448792402
0.001119125844034985
0.001080257058105318
0.001041345625476217
0.001002393082305702
0.0009634009663719327
0.0009243708170178083
0.0008853041750870004
0.0008462025828631864
0.0008070675840095914
0.0007679007235101586
0.0007287035476055224
0.0006894776037318334
0.0006502244404631664
0.0006109456074466948
0.0005716426553446286
0.0005323171357683814
0.0004929706012233746
0.0004536046050431343
0.0004142207013298803
0.0003748204448928969
0.0003354053911860321
0.0002959770962487926
0.0002565371166426305
0.0002170870093907882
0.0001776283319150382
0.0001381626419767011
9.869149761411846e-05
5.921645707969827e-05
1.973907878229271e-05
0
