-1.973907892494768e-05
-5.921645750674663e-05
-9.869149832567606e-05
-0.0001381626429732878
-0.0001776283331961472
-0.0002170870109561476
-0.0002565371184925213
-0.000295977098383086
-0.000335405393604845
-0.0003748204475959264
-0.0004142207043167399
-0.0004536046083140472
-0.0004929706047782457
-0.0005323171396069039
-0.0005716426594666689
-0.0006109456118521259
-0.0006502244451520287
-0.0006894776087037496
-0.000728703552860353
-0.0007679007290474422
-0.0008070675898293535
-0.0008462025889651729
-0.0008853041814708452
-0.0009243708236834252
-0.0009634009733190524
-0.001002393089533998
-0.001041345632985324
-0.001080257065895163
-0.001119125852105089
-0.001157950457142364
-0.001196729348279624
-0.00123546099458986
-0.001274143867016318
-0.001312776438423624
-0.001351357183665653
-0.001389884579640569
-0.001428357105351533
-0.001466773241969536
-0.001505131472892314
-0.001543430283800921
-0.001581668162725351
-0.001619843600098043
-0.00165795508881911
-0.001696001124312626
-0.001733980204585492
-0.001771890830289328
-0.001809731504776319
-0.001847500734162703
-0.001885197027384042
-0.001922818896254984
-0.001960364855527318
-0.001997833422951538
-0.002035223119335115
-0.002072532468592633
-0.00210975999781781
-0.002146904237330854
-0.002183963720741026
-0.002220936985002283
-0.002257822570474498
-0.002294619020976881
-0.002331324883850126
-0.002367938710009503
-0.002404459054002607
-0.00244088447406903
-0.002477213532196017
-0.002513444794174815
-0.002549576829656476
-0.002585608212210511
-0.002621537519379444
-0.002657363332736232
-0.002693084237939767
-0.002728698824786841
-0.002764205687277297
-0.002799603423660898
-0.002834890636494323
-0.002870065932699892
-0.002905127923616864
-0.002940075225057328
-0.002974906457363107
-0.003009620245454393
-0.003044215218892675
-0.003078690011925576
-0.003113043263550624
-0.003147273617556431
-0.003181379722588432
-0.003215360232196586
-0.003249213804889187
-0.003282939104183237
-0.003316534798664096
-0.003349999562029521
-0.003383332073147261
-0.003416531016108872
-0.003449595080275435
-0.003482522960335107
-0.00351531335635143
-0.003547964973815431
-0.003580476523698663
-0.003612846722498111
-0.003645074292295361
-0.003677157960801375
-0.003709096461407194
-0.003740888533234759
-0.003772532921189683
-0.003804028376003663
-0.003835373654291336
-0.003866567518594114
-0.003897608737432264
-0.003928496085351581
-0.003959228342971352
-0.003989804297036333
-0.004020222740457792
-0.004050482472369769
-0.004080582298169591
-0.004110521029567293
-0.004140297484633234
-0.004169910487843699
-0.0041993588701279
-0.004228641468914072
-0.004257757128176313
-0.004286704698477539
-0.0043154830370168
-0.004344091007675873
-0.004372527481060485
-0.004400791334545893
-0.004428881452325615
-0.004456796725448178
-0.004484536051867185
-0.004512098336482541
-0.004539482491180854
-0.004566687434884214
-0.004593712093586662
-0.004620555400400949
-0.00464721629560027
-0.004673693726656657
-0.004699986648287497
-0.004726094022493947
-0.004752014818600274
-0.004777748013299153
-0.004803292590685244
-0.004828647542306947
-0.004853811867188596
-0.004878784571892085
-0.004903564670532346
-0.004928151184836875
-0.00495254314416944
-0.004976739585579998
-0.005000739553832872
-0.005024542101451673
-0.005048146288750101
-0.005071551183877977
-0.005094755862848295
-0.005117759409582154
-0.005140560915935437
-0.005163159481747333
-0.005185554214863566
-0.005207744231178357
-0.005229728654667683
-0.005251506617424295
-0.005273077259691751
-0.005294439729897933
-0.00531559318468909
-0.005336536788963885
-0.005357269715903124
-0.005377791147007365
-0.005398100272125199
-0.005418196289487909
-0.005438078405737625
-0.005457745835963448
-0.005477197803729543
-0.00549643354110408
-0.005515452288694505
-0.005534253295671304
-0.005552835819805452
-0.005571199127489114
-0.005589342493770166
-0.00560726520238035
-0.005624966545761352
-0.005642445825095406
-0.005659702350329398
-0.005676735440204763
-0.005693544422285579
-0.005710128632981695
-0.005726487417576458
-0.005742620130253337
-0.00575852613412081
-0.005774204801235812
-0.005789655512632765
-0.005804877658343702
-0.005819870637423757
-0.005834633857977197
-0.005849166737175547
-0.005863468701286732
-0.005877539185693002
-0.005891377634917027
-0.005904983502638863
-0.005918356251723976
-0.005931495354237475
-0.005944400291470364
-0.005957070553959407
-0.005969505641501522
-0.005981705063183772
-0.005993668337391729
-0.006005394991837288
-0.006016884563570658
-0.006028136599003878
-0.006039150653926672
-0.006049926293521274
-0.006060463092385868
-0.006070760634544702
-0.006080818513467699
-0.006090636332088614
-0.006100213702815579
-0.006109550247551555
-0.006118645597703993
-0.006127499394205303
-0.006136111287522649
-0.006144480937673545
-0.006152608014237206
-0.006160492196371801
-0.006168133172823196
-0.006175530641937172
-0.006182684311677449
-0.006189593899626858
-0.00619625913300695
-0.006202679748686866
-0.006208855493190076
-0.006214786122710544
-0.006220471403115762
-0.006225911109961505
-0.006231105028497313
-0.006236052953675226
-0.006240754690160969
-0.006245210052337092
-0.006249418864313443
-0.006253380959934322
-0.006257096182782405
-0.006260564386187293
-0.006263785433229307
-0.006266759196748587
-0.006269485559344035
-0.006271964413385936
-0.006274195661010944
-0.006276179214134997
-0.006277914994450229
-0.006279402933430979
-0.006280642972336414
-0.006281635062210731
-0.006282379163889389
-0.006282875247995232
-0.006283123294944095
-0.006283123294944092
-0.006282875247995229
-0.006282379163889388
-0.006281635062210734
-0.006280642972336411
-0.006279402933430977
-0.006277914994450231
-0.006276179214134999
-0.006274195661010945
-0.006271964413385936
-0.006269485559344039
-0.00626675919674859
-0.006263785433229307
-0.006260564386187293
-0.006257096182782402
-0.006253380959934321
-0.006249418864313439
-0.006245210052337091
-0.006240754690160969
-0.006236052953675225
-0.006231105028497312
-0.006225911109961505
-0.006220471403115758
-0.00621478612271054
-0.006208855493190074
-0.006202679748686866
-0.006196259133006946
-0.006189593899626856
-0.006182684311677451
-0.006175530641937173
-0.006168133172823192
-0.0061604921963718
-0.006152608014237199
-0.006144480937673544
-0.006136111287522649
-0.0061274993942053
-0.006118645597703992
-0.006109550247551556
-0.00610021370281558
-0.006090636332088611
-0.006080818513467697
-0.006070760634544697
-0.006060463092385867
-0.00604992629352127
-0.006039150653926674
-0.006028136599003875
-0.006016884563570656
-0.006005394991837285
-0.005993668337391731
-0.005981705063183773
-0.005969505641501519
-0.005957070553959405
-0.005944400291470363
-0.005931495354237468
-0.00591835625172397
-0.005904983502638864
-0.00589137763491702
-0.005877539185693002
-0.005863468701286731
-0.00584916673717554
-0.005834633857977193
-0.005819870637423757
-0.005804877658343698
-0.005789655512632756
-0.005774204801235803
-0.005758526134120809
-0.005742620130253332
-0.005726487417576461
-0.005710128632981691
-0.00569354442228557
-0.005676735440204764
-0.005659702350329394
-0.005642445825095402
-0.005624966545761351
-0.005607265202380346
-0.005589342493770159
-0.00557119912748911
-0.00555283581980545
-0.005534253295671285
-0.005515452288694499
-0.005496433541104084
-0.005477197803729543
-0.005457745835963441
-0.005438078405737618
-0.005418196289487907
-0.005398100272125198
-0.005377791147007365
-0.005357269715903125
-0.005336536788963882
-0.00531559318468908
-0.005294439729897928
-0.00527307725969175
-0.005251506617424291
-0.005229728654667669
-0.005207744231178347
-0.005185554214863563
-0.00516315948174733
-0.005140560915935434
-0.005117759409582152
-0.005094755862848297
-0.005071551183877973
-0.005048146288750101
-0.005024542101451664
-0.005000739553832865
-0.004976739585579997
-0.00495254314416944
-0.004928151184836881
-0.00490356467053234
-0.004878784571892081
-0.00485381186718859
-0.004828647542306946
-0.004803292590685245
-0.004777748013299149
-0.004752014818600267
-0.00472609402249395
-0.004699986648287493
-0.004673693726656657
-0.004647216295600267
-0.00462055540040094
-0.004593712093586652
-0.004566687434884214
-0.004539482491180847
-0.004512098336482545
-0.004484536051867181
-0.00445679672544818
-0.004428881452325613
-0.004400791334545891
-0.004372527481060485
-0.004344091007675868
-0.004315483037016795
-0.004286704698477532
-0.004257757128176311
-0.004228641468914063
-0.004199358870127898
-0.004169910487843692
-0.004140297484633245
-0.004110521029567292
-0.004080582298169591
-0.004050482472369774
-0.004020222740457793
-0.003989804297036326
-0.003959228342971354
-0.003928496085351581
-0.003897608737432259
-0.003866567518594109
-0.003835373654291331
-0.003804028376003656
-0.003772532921189679
-0.003740888533234761
-0.003709096461407196
-0.003677157960801381
-0.003645074292295353
-0.003612846722498101
-0.003580476523698669
-0.003547964973815426
-0.003515313356351424
-0.003482522960335102
-0.003449595080275438
-0.00341653101610886
-0.003383332073147256
-0.003349999562029519
-0.003316534798664103
-0.003282939104183239
-0.003249213804889182
-0.003215360232196591
-0.003181379722588433
-0.003147273617556434
-0.003113043263550619
-0.003078690011925577
-0.003044215218892672
-0.0030096202454544
-0.002974906457363109
-0.002940075225057332
-0.00290512792361687
-0.002870065932699895
-0.002834890636494325
-0.002799603423660897
-0.002764205687277295
-0.002728698824786839
-0.00269308423793977
-0.002657363332736239
-0.002621537519379441
-0.002585608212210513
-0.002549576829656477
-0.002513444794174816
-0.002477213532196019
-0.002440884474069031
-0.002404459054002608
-0.00236793871000951
-0.002331324883850123
-0.00229461902097688
-0.002257822570474504
-0.002220936985002287
-0.002183963720741027
-0.00214690423733085
-0.002109759997817812
-0.002072532468592633
-0.002035223119335117
-0.001997833422951542
-0.001960364855527319
-0.001922818896254984
-0.001885197027384042
-0.001847500734162712
-0.001809731504776319
-0.001771890830289334
-0.001733980204585492
-0.00169600112431263
-0.001657955088819114
-0.001619843600098049
-0.001581668162725353
-0.001543430283800932
-0.001505131472892322
-0.001466773241969548
-0.001428357105351544
-0.001389884579640583
-0.001351357183665662
-0.001312776438423637
-0.001274143867016328
-0.001235460994589871
-0.001196729348279637
-0.001157950457142376
-0.001119125852105102
-0.001080257065895175
-0.001041345632985339
-0.001002393089534014
-0.0009634009733190643
-0.0009243708236834388
-0.0008853041814708604
-0.0008462025889651849
-0.0008070675898293642
-0.0007679007290474555
-0.0007287035528603661
-0.0006894776087037625
-0.0006502244451520407
-0.0006109456118521422
-0.0005716426594666865
-0.0005323171396069183
-0.0004929706047782607
-0.0004536046083140604
-0.0004142207043167569
-0.000374820447595946
-0.000335405393604858
-0.0002959770983831061
-0.0002565371184925403
-0.0002170870109561646
-0.0001776283331961714
-0.0001381626429732859
-9.869149832566581e-05
-5.921645750671848e-05
-1.973907892496879e-05
1.973907892495439e-05
5.921645750669806e-05
9.869149832564997e-05
0.0001381626429732675
0.0001776283331961516
0.0002170870109561486
0.0002565371184925222
0.0002959770983830866
0.0003354053936048425
0.0003748204475959266
0.0004142207043167391
0.0004536046083140471
0.0004929706047782445
0.0005323171396069037
0.0005716426594666677
0.0006109456118521256
0.0006502244451520281
0.000689477608703747
0.0007287035528603519
0.0007679007290474421
0.00080706758982935
0.0008462025889651698
0.0008853041814708441
0.0009243708236834236
0.00096340097331905
0.001002393089533997
0.001041345632985322
0.001080257065895162
0.00111912585210509
0.001157950457142363
0.001196729348279623
0.001235460994589859
0.00127414386701631
0.001312776438423623
0.001351357183665652
0.001389884579640571
0.001428357105351533
0.001466773241969532
0.001505131472892308
0.00154343028380092
0.001581668162725343
0.00161984360009804
0.001657955088819109
0.001696001124312621
0.00173398020458549
0.001771890830289328
0.001809731504776319
0.001847500734162711
0.00188519702738404
0.001922818896254978
0.001960364855527323
0.001997833422951538
0.002035223119335113
0.002072532468592632
0.002109759997817807
0.002146904237330846
0.002183963720741029
0.00222093698500228
0.00225782257047449
0.002294619020976884
0.002331324883850118
0.002367938710009501
0.002404459054002607
0.002440884474069035
0.002477213532196018
0.002513444794174812
0.002549576829656476
0.002585608212210506
0.002621537519379442
0.00265736333273623
0.002693084237939765
0.002728698824786843
0.002764205687277295
0.002799603423660896
0.002834890636494323
0.002870065932699888
0.00290512792361686
0.002940075225057326
0.002974906457363099
0.0030096202454544
0.003044215218892673
0.003078690011925578
0.00311304326355062
0.003147273617556431
0.00318137972258844
0.003215360232196593
0.003249213804889177
0.003282939104183235
0.003316534798664103
0.003349999562029521
0.003383332073147258
0.003416531016108864
0.003449595080275431
0.003482522960335106
0.003515313356351423
0.003547964973815431
0.00358047652369866
0.003612846722498101
0.00364507429229536
0.003677157960801381
0.003709096461407197
0.003740888533234758
0.003772532921189683
0.003804028376003661
0.003835373654291336
0.003866567518594112
0.003897608737432258
0.003928496085351579
0.003959228342971355
0.00398980429703632
0.004020222740457791
0.004050482472369773
0.004080582298169586
0.004110521029567293
0.004140297484633234
0.004169910487843693
0.0041993588701279
0.004228641468914067
0.004257757128176312
0.004286704698477536
0.004315483037016797
0.00434409100767587
0.004372527481060485
0.004400791334545888
0.004428881452325611
0.004456796725448176
0.004484536051867188
0.004512098336482548
0.00453948249118085
0.004566687434884222
0.004593712093586656
0.004620555400400943
0.004647216295600272
0.004673693726656654
0.004699986648287495
0.004726094022493945
0.004752014818600274
0.004777748013299149
0.004803292590685251
0.004828647542306946
0.004853811867188595
0.004878784571892085
0.004903564670532343
0.004928151184836881
0.004952543144169437
0.00497673958558
0.005000739553832866
0.005024542101451666
0.005048146288750104
0.005071551183877975
0.005094755862848303
0.005117759409582155
0.005140560915935432
0.005163159481747335
0.005185554214863565
0.005207744231178351
0.005229728654667675
0.005251506617424294
0.005273077259691753
0.00529443972989793
0.005315593184689088
0.005336536788963883
0.005357269715903125
0.00537779114700737
0.0053981002721252
0.005418196289487915
0.005438078405737619
0.005457745835963449
0.005477197803729546
0.00549643354110408
0.005515452288694498
0.005534253295671292
0.005552835819805459
0.005571199127489112
0.00558934249377016
0.005607265202380349
0.005624966545761351
0.005642445825095411
0.005659702350329397
0.005676735440204762
0.005693544422285575
0.005710128632981697
0.005726487417576466
0.00574262013025334
0.005758526134120809
0.005774204801235806
0.005789655512632763
0.0058048776583437
0.00581987063742376
0.005834633857977198
0.005849166737175546
0.005863468701286731
0.005877539185693001
0.005891377634917025
0.005904983502638861
0.005918356251723971
0.005931495354237469
0.005944400291470362
0.005957070553959403
0.005969505641501521
0.005981705063183771
0.005993668337391725
0.006005394991837285
0.006016884563570658
0.006028136599003872
0.00603915065392667
0.006049926293521273
0.006060463092385868
0.006070760634544697
0.006080818513467695
0.006090636332088614
0.006100213702815579
0.006109550247551553
0.006118645597703993
0.006127499394205299
0.006136111287522649
0.006144480937673544
0.006152608014237203
0.006160492196371797
0.006168133172823196
0.006175530641937171
0.006182684311677449
0.006189593899626858
0.006196259133006946
0.006202679748686868
0.006208855493190073
0.006214786122710543
0.006220471403115758
0.006225911109961504
0.006231105028497311
0.006236052953675224
0.006240754690160969
0.006245210052337091
0.00624941886431344
0.006253380959934321
0.006257096182782402
0.00626056438618729
0.006263785433229305
0.006266759196748587
0.006269485559344033
0.006271964413385934
0.006274195661010942
0.006276179214134995
0.006277914994450229
0.006279402933430977
0.006280642972336412
0.006281635062210729
0.006282379163889388
0.006282875247995231
0.006283123294944093
0.006283123294944091
0.006282875247995227
0.006282379163889387
0.006281635062210731
0.006280642972336408
0.006279402933430975
0.00627791499445023
0.006276179214134999
0.006274195661010943
0.006271964413385935
0.006269485559344038
0.006266759196748587
0.006263785433229305
0.00626056438618729
0.006257096182782401
0.006253380959934321
0.006249418864313438
0.006245210052337088
0.006240754690160967
0.006236052953675223
0.006231105028497309
0.006225911109961504
0.006220471403115758
0.006214786122710539
0.00620885549319007
0.006202679748686863
0.006196259133006942
0.006189593899626856
0.006182684311677449
0.006175530641937169
0.006168133172823191
0.006160492196371798
0.006152608014237196
0.006144480937673544
0.006136111287522649
0.0061274993942053
0.006118645597703989
0.006109550247551555
0.006100213702815579
0.006090636332088607
0.006080818513467694
0.006070760634544694
0.006060463092385865
0.006049926293521267
0.006039150653926673
0.006028136599003874
0.006016884563570654
0.006005394991837284
0.005993668337391726
0.00598170506318377
0.005969505641501517
0.005957070553959404
0.005944400291470361
0.005931495354237468
0.005918356251723969
0.00590498350263886
0.005891377634917018
0.005877539185692997
0.005863468701286729
0.00584916673717554
0.00583463385797719
0.005819870637423756
0.005804877658343697
0.005789655512632756
0.0057742048012358
0.005758526134120806
0.00574262013025333
0.005726487417576458
0.005710128632981691
0.005693544422285568
0.005676735440204765
0.005659702350329397
0.005642445825095403
0.005624966545761346
0.005607265202380345
0.005589342493770156
0.005571199127489108
0.005552835819805449
0.005534253295671289
0.005515452288694501
0.005496433541104083
0.005477197803729542
0.00545774583596344
0.005438078405737614
0.005418196289487905
0.0053981002721252
0.005377791147007362
0.005357269715903123
0.005336536788963881
0.005315593184689081
0.005294439729897926
0.005273077259691752
0.00525150661742429
0.005229728654667668
0.005207744231178346
0.005185554214863559
0.005163159481747333
0.005140560915935434
0.005117759409582154
0.005094755862848289
0.005071551183877976
0.005048146288750096
0.005024542101451668
0.005000739553832859
0.004976739585579996
0.004952543144169435
0.004928151184836873
0.004903564670532339
0.004878784571892079
0.004853811867188583
0.004828647542306943
0.004803292590685244
0.00477774801329915
0.004752014818600264
0.004726094022493945
0.004699986648287494
0.004673693726656652
0.004647216295600266
0.004620555400400943
0.004593712093586654
0.004566687434884207
0.004539482491180846
0.004512098336482539
0.004484536051867178
0.004456796725448174
0.004428881452325613
0.004400791334545892
0.004372527481060477
0.004344091007675868
0.004315483037016798
0.004286704698477528
0.004257757128176311
0.00422864146891406
0.004199358870127901
0.004169910487843691
0.00414029748463324
0.004110521029567285
0.004080582298169585
0.004050482472369769
0.00402022274045779
0.003989804297036328
0.003959228342971352
0.003928496085351578
0.003897608737432258
0.003866567518594111
0.003835373654291332
0.003804028376003654
0.003772532921189682
0.003740888533234759
0.00370909646140719
0.003677157960801375
0.003645074292295354
0.003612846722498108
0.00358047652369866
0.003547964973815429
0.003515313356351421
0.003482522960335099
0.003449595080275435
0.003416531016108863
0.003383332073147254
0.003349999562029517
0.0033165347986641
0.003282939104183239
0.003249213804889185
0.003215360232196585
0.003181379722588423
0.003147273617556435
0.003113043263550616
0.003078690011925578
0.003044215218892671
0.0030096202454544
0.002974906457363112
0.002940075225057332
0.002905127923616867
0.002870065932699893
0.002834890636494322
0.002799603423660896
0.002764205687277299
0.00272869882478684
0.002693084237939767
0.002657363332736232
0.002621537519379435
0.002585608212210511
0.002549576829656482
0.002513444794174814
0.00247721353219601
0.00244088447406903
0.002404459054002612
0.002367938710009508
0.002331324883850128
0.002294619020976877
0.002257822570474501
0.002220936985002288
0.002183963720741026
0.002146904237330853
0.002109759997817813
0.002072532468592635
0.002035223119335112
0.001997833422951537
0.001960364855527318
0.001922818896254985
0.001885197027384039
0.001847500734162706
0.001809731504776321
0.001771890830289332
0.001733980204585495
0.001696001124312632
0.001657955088819118
0.001619843600098048
0.001581668162725355
0.00154343028380093
0.00150513147289232
0.001466773241969545
0.001428357105351542
0.001389884579640581
0.00135135718366566
0.001312776438423636
0.001274143867016329
0.001235460994589871
0.001196729348279636
0.001157950457142373
0.001119125852105098
0.001080257065895169
0.001041345632985337
0.001002393089534011
0.0009634009733190647
0.0009243708236834363
0.0008853041814708564
0.0008462025889651835
0.0008070675898293657
0.0007679007290474553
0.0007287035528603648
0.0006894776087037628
0.0006502244451520387
0.0006109456118521411
0.0005716426594666857
0.0005323171396069179
0.0004929706047782594
0.0004536046083140593
0.000414220704316755
0.0003748204475959422
0.000335405393604857
0.0002959770983831023
0.0002565371184925368
0.0002170870109561575
0.0001776283331961894
0.0001381626429733092
9.869149832571132e-05
5.921645750670994e-05
1.973907892496748e-05
-3.950675755934637e-05
-3.950519761406069e-05
-3.9502078513079e-05
-3.94973998014911e-05
-3.949116138808015e-05
-3.948336486277084e-05
-3.947400938211159e-05
-3.946309479445499e-05
-3.945062285367112e-05
-3.943659277987493e-05
-3.942100720593242e-05
-3.940386367183242e-05
-3.938516564209436e-05
-3.936491230303996e-05
-3.934310557401076e-05
-3.931974464886747e-05
-3.929483238405509e-05
-3.926836750629837e-05
-3.924035333520641e-05
-3.921079045343183e-05
-3.917967876308206e-05
-3.914702087853862e-05
-3.911281718456398e-05
-3.90770694970402e-05
-3.903977942936988e-05
-3.90009480129676e-05
-3.89605773024504e-05
-3.891866682811204e-05
-3.887522128192808e-05
-3.883024152276145e-05
-3.878372696862058e-05
-3.873568284559868e-05
-3.868610893550782e-05
-3.863500767757087e-05
-3.858238157442047e-05
-3.852823231709432e-05
-3.84725612284917e-05
-3.841537194141904e-05
-3.835666618614008e-05
-3.829644566727539e-05
-3.823471418648987e-05
-3.817147208366011e-05
-3.810672376622297e-05
-3.804047108914315e-05
-3.797271640222791e-05
-3.79034628289676e-05
-3.783271266058399e-05
-3.776046874066251e-05
-3.768673484239855e-05
-3.761151280047698e-05
-3.753480607930237e-05
-3.745661635514099e-05
-3.737694953127685e-05
-3.729580601968226e-05
-3.721319050462021e-05
-3.712910638869026e-05
-3.704355542971683e-05
-3.695654311652756e-05
-3.686807050387708e-05
-3.677814379124039e-05
-3.668676424871044e-05
-3.659393702942457e-05
-3.649966488343125e-05
-3.640395163119895e-05
-3.63068014919829e-05
-3.620821671037803e-05
-3.610820449855695e-05
-3.600676603265389e-05
-3.590390548682845e-05
-3.579962846025653e-05
-3.569393739358931e-05
-3.558683737859528e-05
-3.547833258874102e-05
-3.536842741957077e-05
-3.525712572887029e-05
-3.514443223563966e-05
-3.503035077279249e-05
-3.491488665098279e-05
-3.479804486371146e-05
-3.467982787196733e-05
-3.456024283635981e-05
-3.443929258271e-05
-3.431698385186407e-05
-3.419331991001226e-05
-3.406830548202292e-05
-3.394194683113999e-05
-3.381424833720858e-05
-3.36852146026407e-05
-3.355485076301817e-05
-3.34231630154536e-05
-3.329015504493793e-05
-3.315583315965967e-05
-3.30202016752553e-05
-3.288326713213729e-05
-3.274503384686992e-05
-3.260550874453824e-05
-3.246469635297338e-05
-3.232260218293896e-05
-3.217923128109797e-05
-3.203459102690914e-05
-3.188868519331411e-05
-3.174152130831861e-05
-3.159310321890076e-05
-3.144343931691824e-05
-3.129253280828264e-05
-3.11403920745864e-05
-3.098702083011204e-05
-3.083242687731706e-05
-3.067661536864411e-05
-3.051959412709995e-05
-3.036136563351394e-05
-3.020194067850175e-05
-3.004132197580361e-05
-2.987951820521527e-05
-2.971653481041473e-05
-2.955237807295932e-05
-2.938705408448903e-05
-2.922057008304142e-05
-2.905293313553905e-05
-2.888414885313799e-05
-2.871422433787966e-05
-2.854316645806426e-05
-2.837098147937861e-05
-2.819767696496706e-05
-2.802325835309092e-05
-2.78477335915163e-05
-2.767110993626887e-05
-2.749339313293764e-05
-2.731459182120504e-05
-2.713471227464511e-05
-2.695376095009853e-05
-2.677174568211849e-05
-2.658867355435526e-05
-2.640455138823329e-05
-2.621938715993135e-05
-2.603318791279337e-05
-2.584596057145223e-05
-2.565771331859611e-05
-2.546845271342343e-05
-2.52781867343697e-05
-2.508692254098072e-05
-2.489466867494907e-05
-2.470143147954447e-05
-2.450721995414392e-05
-2.431204024919026e-05
-2.411590033562353e-05
-2.39188091913827e-05
-2.37207729642836e-05
-2.352180113217357e-05
-2.332189956321731e-05
-2.312107827299271e-05
-2.291934426501271e-05
-2.271670493012399e-05
-2.251316883695309e-05
-2.230874472620211e-05
-2.210343898286154e-05
-2.189726124240406e-05
-2.169021848896385e-05
-2.148231968257058e-05
-2.127357271427233e-05
-2.10639854779589e-05
-2.085356732229048e-05
-2.064232631396663e-05
-2.043026941565447e-05
-2.021740642526311e-05
-2.000374511916972e-05
-1.978929399170139e-05
-1.957406155554701e-05
-1.935805739706335e-05
-1.91412879543766e-05
-1.892376328891896e-05
-1.87054910555916e-05
-1.848648092909764e-05
-1.826674067869335e-05
-1.804627953773257e-05
-1.78251057189362e-05
-1.76032279598136e-05
-1.738065585503334e-05
-1.715739723630056e-05
-1.69334606644323e-05
-1.670885708136561e-05
-1.648359297660865e-05
-1.625767828985864e-05
-1.603112152219532e-05
-1.58039317856678e-05
-1.557611898914127e-05
-1.534769043398894e-05
-1.511865617248644e-05
-1.488902502720218e-05
-1.465880662559813e-05
-1.44280090426231e-05
-1.419664117226529e-05
-1.396471369531766e-05
-1.373223446753906e-05
-1.349921378968173e-05
-1.326565980146199e-05
-1.30315821472864e-05
-1.279698953098515e-05
-1.256189302204089e-05
-1.232629945826287e-05
-1.209021932319708e-05
-1.185366247018214e-05
-1.161663753300341e-05
-1.137915373323093e-05
-1.114122030802921e-05
-1.090284767188505e-05
-1.066404420198515e-05
-1.042482001684991e-05
-1.018518399234698e-05
-9.945145842836111e-06
-9.704715488083261e-06
-9.463901821207064e-06
-9.222714973599594e-06
-8.981163435012334e-06
-8.739257586199038e-06
-8.497006927587088e-06
-8.254420566906839e-06
-8.011507866167571e-06
-7.768279495197213e-06
-7.524743905616332e-06
-7.280912265526733e-06
-7.036792183504225e-06
-6.792394641546739e-06
-6.547729450847888e-06
-6.302804826946076e-06
-6.057631968502523e-06
-5.812219937012999e-06
-5.566578205637023e-06
-5.320716673882517e-06
-5.074645617719667e-06
-4.82837394164963e-06
-4.581911098995239e-06
-4.335268151225046e-06
-4.088453809436148e-06
-3.841478268300164e-06
-3.594350478688399e-06
-3.347081272928914e-06
-3.099679807269803e-06
-2.852156084874293e-06
-2.604519657464559e-06
-2.356779939505432e-06
-2.108947799936564e-06
-1.861032349290827e-06
-1.613043300553288e-06
-1.364990263130916e-06
-1.116883531535201e-06
-8.68732980143629e-07
-6.205482048665677e-07
-3.723389129139027e-07
-1.241139411091551e-07
1.241139411281683e-07
3.723389129171172e-07
6.20548204919722e-07
8.687329800516407e-07
1.116883531547605e-06
1.364990263143043e-06
1.61304330055571e-06
1.861032349337785e-06
2.10894779979629e-06
2.356779939532289e-06
2.60451965747097e-06
2.85215608481195e-06
3.099679807268115e-06
3.347081272957716e-06
3.594350478700078e-06
3.841478268377939e-06
4.088453809366759e-06
4.335268151269418e-06
4.581911098941992e-06
4.828373941777204e-06
5.074645617733867e-06
5.3207166740039e-06
5.566578205584344e-06
5.812219936982451e-06
6.057631968514237e-06
6.302804826972946e-06
6.547729450832277e-06
6.792394641575608e-06
7.036792183429632e-06
7.280912265433218e-06
7.52474390562314e-06
7.768279495112683e-06
8.011507866123652e-06
8.254420566895722e-06
8.497006927560308e-06
8.739257586221142e-06
8.981163434994141e-06
9.222714973638246e-06
9.46390182131938e-06
9.704715488062649e-06
9.945145842798566e-06
1.018518399241659e-05
1.042482001693041e-05
1.066404420199007e-05
1.090284767179769e-05
1.114122030800006e-05
1.137915373325614e-05
1.161663753302875e-05
1.185366247021462e-05
1.209021932323328e-05
1.23262994582779e-05
1.25618930219451e-05
1.279698953096923e-05
1.303158214734372e-05
1.326565980141849e-05
1.349921378989808e-05
1.373223446762233e-05
1.396471369518148e-05
1.419664117223968e-05
1.442800904265494e-05
1.465880662553527e-05
1.488902502711216e-05
1.511865617243947e-05
1.534769043393629e-05
1.557611898915531e-05
1.580393178569833e-05
1.603112152213014e-05
1.625767828984756e-05
1.648359297660389e-05
1.670885708126474e-05
1.693346066446825e-05
1.715739723628605e-05
1.7380655855044e-05
1.760322795973463e-05
1.782510571883126e-05
1.804627953774714e-05
1.826674067853796e-05
1.848648092916055e-05
1.870549105562285e-05
1.892376328890961e-05
1.914128795432388e-05
1.935805739710471e-05
1.957406155570326e-05
1.978929399162278e-05
2.000374511930828e-05
2.021740642522416e-05
2.043026941555122e-05
2.064232631395613e-05
2.085356732226603e-05
2.106398547791584e-05
2.127357271428025e-05
2.148231968262605e-05
2.169021848887831e-05
2.189726124234547e-05
2.210343898272593e-05
2.230874472620318e-05
2.251316883694368e-05
2.271670493014058e-05
2.291934426501995e-05
2.312107827302008e-05
2.332189956331211e-05
2.352180113211749e-05
2.372077296435322e-05
2.391880919142593e-05
2.411590033567821e-05
2.431204024908759e-05
2.450721995411661e-05
2.470143147967193e-05
2.48946686749467e-05
2.508692254099613e-05
2.527818673436245e-05
2.546845271334834e-05
2.565771331859224e-05
2.584596057143967e-05
2.603318791270837e-05
2.621938715990184e-05
2.640455138830204e-05
2.658867355435264e-05
2.677174568210837e-05
2.695376094998761e-05
2.713471227472506e-05
2.731459182120104e-05
2.749339313285489e-05
2.767110993633337e-05
2.78477335915166e-05
2.802325835285835e-05
2.819767696501077e-05
2.837098147939726e-05
2.854316645792415e-05
2.871422433799276e-05
2.888414885317348e-05
2.905293313554995e-05
2.922057008308031e-05
2.938705408444146e-05
2.955237807284846e-05
2.971653481034475e-05
2.987951820521004e-05
3.004132197579294e-05
3.020194067871754e-05
3.036136563339416e-05
3.051959412707713e-05
3.067661536868259e-05
3.083242687739393e-05
3.098702083010009e-05
3.114039207472041e-05
3.12925328083707e-05
3.144343931688534e-05
3.159310321888389e-05
3.174152130832604e-05
3.188868519334086e-05
3.203459102691777e-05
3.217923128112352e-05
3.23226021829405e-05
3.24646963528911e-05
3.260550874447913e-05
3.274503384685604e-05
3.288326713224503e-05
3.30202016753368e-05
3.315583315960393e-05
3.329015504491498e-05
3.342316301552086e-05
3.355485076306688e-05
3.368521460256833e-05
3.381424833711068e-05
3.394194683125979e-05
3.406830548202135e-05
3.419331990996952e-05
3.431698385174838e-05
3.443929258281142e-05
3.456024283636803e-05
3.467982787203226e-05
3.479804486368485e-05
3.491488665099808e-05
3.50303507727693e-05
3.514443223564973e-05
3.525712572890217e-05
3.536842741962873e-05
3.547833258880563e-05
3.558683737854539e-05
3.569393739355511e-05
3.57996284601917e-05
3.590390548676297e-05
3.600676603268515e-05
3.610820449860302e-05
3.620821671039505e-05
3.630680149195192e-05
3.640395163119599e-05
3.649966488331431e-05
3.659393702936552e-05
3.668676424854947e-05
3.677814379133922e-05
3.68680705038333e-05
3.695654311656682e-05
3.704355542965841e-05
3.712910638878902e-05
3.721319050461466e-05
3.729580601955094e-05
3.737694953126164e-05
3.745661635511875e-05
3.753480607927552e-05
3.761151280054988e-05
3.768673484235972e-05
3.776046874068699e-05
3.783271266063663e-05
3.790346282890365e-05
3.797271640212921e-05
3.804047108898996e-05
3.810672376620671e-05
3.817147208355589e-05
3.823471418649387e-05
3.829644566723796e-05
3.835666618618079e-05
3.841537194132879e-05
3.847256122847793e-05
3.852823231702933e-05
3.858238157452946e-05
3.863500767759609e-05
3.868610893555214e-05
3.87356828456684e-05
3.878372696859301e-05
3.88302415228501e-05
3.887522128187843e-05
3.891866682824623e-05
3.89605773022822e-05
3.900094801302503e-05
3.903977942941687e-05
3.907706949698563e-05
3.911281718457317e-05
3.91470208785282e-05
3.917967876310827e-05
3.921079045346461e-05
3.924035333522073e-05
3.926836750633964e-05
3.929483238409946e-05
3.931974464893012e-05
3.934310557397358e-05
3.936491230301398e-05
3.938516564214174e-05
3.940386367196819e-05
3.942100720586405e-05
3.943659277976936e-05
3.945062285364981e-05
3.946309479428077e-05
3.947400938225284e-05
3.948336486272969e-05
3.949116138803986e-05
3.949739980145004e-05
3.950207851305552e-05
3.950519761409309e-05
3.95067575594306e-05
3.950675755934019e-05
3.950519761407147e-05
3.950207851312249e-05
3.949739980141506e-05
3.949116138806774e-05
3.948336486276526e-05
3.947400938210857e-05
3.94630947944528e-05
3.945062285366954e-05
3.943659277987361e-05
3.942100720593148e-05
3.940386367183153e-05
3.938516564209384e-05
3.936491230303935e-05
3.934310557400981e-05
3.931974464886681e-05
3.929483238405483e-05
3.926836750629846e-05
3.924035333520607e-05
3.921079045343183e-05
3.917967876308093e-05
3.914702087853833e-05
3.911281718456352e-05
3.907706949704009e-05
3.903977942937024e-05
3.900094801296757e-05
3.896057730245051e-05
3.891866682811067e-05
3.887522128192842e-05
3.883024152276006e-05
3.878372696861886e-05
3.873568284559922e-05
3.868610893550662e-05
3.86350076775695e-05
3.858238157442099e-05
3.852823231709351e-05
3.847256122849043e-05
3.841537194141844e-05
3.83566661861387e-05
3.829644566727605e-05
3.823471418648937e-05
3.817147208365832e-05
3.810672376622191e-05
3.80404710891418e-05
3.797271640222613e-05
3.790346282897126e-05
3.783271266058413e-05
3.776046874066216e-05
3.768673484239832e-05
3.761151280047726e-05
3.75348060793066e-05
3.745661635514196e-05
3.737694953127548e-05
3.729580601968309e-05
3.721319050461895e-05
3.712910638868746e-05
3.704355542971593e-05
3.695654311652514e-05
3.68680705038756e-05
3.677814379123861e-05
3.668676424870894e-05
3.659393702942371e-05
3.649966488342745e-05
3.640395163120041e-05
3.630680149197785e-05
3.620821671038505e-05
3.61082044985569e-05
3.60067660326474e-05
3.590390548682433e-05
3.579962846024768e-05
3.56939373935908e-05
3.558683737858793e-05
3.547833258874218e-05
3.536842741957341e-05
3.525712572886762e-05
3.514443223563434e-05
3.503035077278278e-05
3.49148866509775e-05
3.479804486371237e-05
3.467982787196647e-05
3.456024283636038e-05
3.44392925827094e-05
3.431698385185993e-05
3.419331991001699e-05
3.406830548202939e-05
3.394194683113993e-05
3.381424833720675e-05
3.368521460264485e-05
3.355485076301464e-05
3.342316301545178e-05
3.329015504494318e-05
3.315583315965906e-05
3.302020167525533e-05
3.288326713213903e-05
3.274503384686816e-05
3.260550874453884e-05
3.246469635297042e-05
3.232260218292957e-05
3.217923128109273e-05
3.203459102691035e-05
3.18886851933235e-05
3.174152130832446e-05
3.159310321890132e-05
3.144343931692706e-05
3.129253280828969e-05
3.114039207458402e-05
3.098702083011261e-05
3.083242687732472e-05
3.067661536864877e-05
3.051959412708935e-05
3.036136563351693e-05
3.020194067851644e-05
3.004132197580185e-05
2.987951820521527e-05
2.971653481042117e-05
2.955237807296108e-05
2.938705408448728e-05
2.922057008304672e-05
2.905293313554199e-05
2.888414885313974e-05
2.871422433787907e-05
2.854316645806663e-05
2.837098147937099e-05
2.819767696496293e-05
2.802325835309095e-05
2.784773359149635e-05
2.76711099362648e-05
2.749339313293233e-05
2.731459182121034e-05
2.71347122746404e-05
2.695376095010084e-05
2.677174568211438e-05
2.658867355435348e-05
2.640455138823152e-05
2.621938715991901e-05
2.603318791278751e-05
2.584596057145754e-05
2.565771331859145e-05
2.546845271341345e-05
2.527818673436441e-05
2.508692254097192e-05
2.489466867493611e-05
2.470143147956801e-05
2.450721995414273e-05
2.43120402491826e-05
2.411590033562528e-05
2.391880919138326e-05
2.372077296428596e-05
2.352180113216948e-05
2.3321899563215e-05
2.312107827297682e-05
2.291934426503443e-05
2.271670493012926e-05
2.251316883694779e-05
2.230874472619325e-05
2.210343898286622e-05
2.189726124239996e-05
2.169021848896447e-05
2.148231968257941e-05
2.127357271426467e-05
2.106398547794715e-05
2.085356732229579e-05
2.064232631397017e-05
2.043026941567212e-05
2.021740642525779e-05
2.000374511918438e-05
1.978929399171017e-05
1.957406155555349e-05
1.935805739705039e-05
1.91412879543689e-05
1.892376328891716e-05
1.870549105558988e-05
1.848648092909474e-05
1.826674067869685e-05
1.804627953772022e-05
1.782510571893621e-05
1.760322795982185e-05
1.738065585504511e-05
1.715739723628407e-05
1.693346066443347e-05
1.670885708136856e-05
1.648359297660457e-05
1.625767828986805e-05
1.603112152219938e-05
1.580393178567186e-05
1.557611898913008e-05
1.53476904339913e-05
1.511865617248291e-05
1.488902502720453e-05
1.465880662560104e-05
1.442800904262191e-05
1.419664117225351e-05
1.396471369532588e-05
1.373223446754023e-05
1.349921378966524e-05
1.326565980146552e-05
1.303158214727111e-05
1.279698953098399e-05
1.256189302203384e-05
1.232629945826052e-05
1.209021932318825e-05
1.18536624701892e-05
1.161663753299929e-05
1.137915373323033e-05
1.114122030803096e-05
1.090284767189035e-05
1.066404420198574e-05
1.04248200168499e-05
1.018518399233814e-05
9.945145842834947e-06
9.704715488087975e-06
9.463901821215876e-06
9.222714973599286e-06
8.98116343501615e-06
8.739257586198152e-06
8.497006927584445e-06
8.254420566907715e-06
8.011507866166388e-06
7.768279495197222e-06
7.524743905612805e-06
7.280912265529969e-06
7.036792183502159e-06
6.792394641544961e-06
6.547729450848773e-06
6.302804826946373e-06
6.057631968500451e-06
5.81221993701093e-06
5.566578205634966e-06
5.32071667387988e-06
5.074645617718194e-06
4.828373941651103e-06
4.581911098998473e-06
4.335268151226067e-06
4.088453809436588e-06
3.841478268297954e-06
3.594350478690009e-06
3.347081272932443e-06
3.099679807267008e-06
2.852156084873258e-06
2.604519657465876e-06
2.356779939505579e-06
2.108947799935756e-06
1.861032349290606e-06
1.613043300553133e-06
1.36499026313135e-06
1.116883531534535e-06
8.687329801443187e-07
6.205482048659692e-07
3.723389129137154e-07
1.241139411092405e-07
-1.241139411281369e-07
-3.723389129172525e-07
-6.205482049193224e-07
-8.687329800515736e-07
-1.116883531547169e-06
-1.364990263143637e-06
-1.613043300556301e-06
-1.861032349336538e-06
-2.108947799797837e-06
-2.356779939534052e-06
-2.604519657470825e-06
-2.852156084814458e-06
-3.09967980726812e-06
-3.347081272957281e-06
-3.59435047869728e-06
-3.841478268378531e-06
-4.088453809366921e-06
-4.33526815126707e-06
-4.581911098944933e-06
-4.828373941779851e-06
-5.07464561772916e-06
-5.320716674003019e-06
-5.56657820558435e-06
-5.812219936984525e-06
-6.057631968512477e-06
-6.30280482697296e-06
-6.547729450824926e-06
-6.79239464157297e-06
-7.036792183426715e-06
-7.280912265427346e-06
-7.524743905620496e-06
-7.768279495110052e-06
-8.011507866126002e-06
-8.254420566904244e-06
-8.497006927562067e-06
-8.739257586222333e-06
-8.981163434991207e-06
-9.222714973641194e-06
-9.463901821327036e-06
-9.704715488061482e-06
-9.945145842796219e-06
-1.018518399241306e-05
-1.04248200169263e-05
-1.066404420198831e-05
-1.090284767179592e-05
-1.114122030800418e-05
-1.137915373324909e-05
-1.161663753301876e-05
-1.185366247022758e-05
-1.209021932321858e-05
-1.232629945827084e-05
-1.256189302195216e-05
-1.279698953098334e-05
-1.303158214733961e-05
-1.326565980141204e-05
-1.349921378988928e-05
-1.373223446760706e-05
-1.396471369518149e-05
-1.419664117224259e-05
-1.442800904266082e-05
-1.465880662552176e-05
-1.488902502710276e-05
-1.511865617243593e-05
-1.5347690433951e-05
-1.557611898915356e-05
-1.580393178568187e-05
-1.603112152212485e-05
-1.625767828985048e-05
-1.648359297661035e-05
-1.670885708126355e-05
-1.693346066447942e-05
-1.715739723627664e-05
-1.738065585504521e-05
-1.760322795973818e-05
-1.782510571883891e-05
-1.804627953774067e-05
-1.826674067853562e-05
-1.84864809291523e-05
-1.870549105561226e-05
-1.892376328891021e-05
-1.914128795432979e-05
-1.93580573971059e-05
-1.957406155570151e-05
-1.978929399163515e-05
-2.000374511929299e-05
-2.021740642521949e-05
-2.043026941554535e-05
-2.064232631396494e-05
-2.085356732227835e-05
-2.106398547792173e-05
-2.127357271428847e-05
-2.148231968262899e-05
-2.169021848888774e-05
-2.189726124234194e-05
-2.210343898273125e-05
-2.230874472620669e-05
-2.25131688369572e-05
-2.271670493014649e-05
-2.291934426500469e-05
-2.312107827302127e-05
-2.332189956331623e-05
-2.352180113210749e-05
-2.372077296436677e-05
-2.391880919143303e-05
-2.411590033566294e-05
-2.431204024908882e-05
-2.450721995410782e-05
-2.470143147966253e-05
-2.489466867495613e-05
-2.508692254099438e-05
-2.527818673435657e-05
-2.546845271333777e-05
-2.565771331857581e-05
-2.584596057143499e-05
-2.603318791270131e-05
-2.62193871598995e-05
-2.640455138829677e-05
-2.658867355435793e-05
-2.677174568210719e-05
-2.695376094998295e-05
-2.713471227472155e-05
-2.731459182120518e-05
-2.749339313285371e-05
-2.767110993634571e-05
-2.784773359151835e-05
-2.802325835285538e-05
-2.81976769650155e-05
-2.837098147939903e-05
-2.854316645792178e-05
-2.871422433798396e-05
-2.888414885317821e-05
-2.905293313553701e-05
-2.922057008308209e-05
-2.938705408443971e-05
-2.955237807285674e-05
-2.971653481034243e-05
-2.987951820521535e-05
-3.004132197578292e-05
-3.020194067871635e-05
-3.036136563339414e-05
-3.05195941270789e-05
-3.067661536867671e-05
-3.083242687739924e-05
-3.098702083009126e-05
-3.114039207472338e-05
-3.129253280836837e-05
-3.144343931689653e-05
-3.159310321888038e-05
-3.174152130832314e-05
-3.188868519334325e-05
-3.203459102691129e-05
-3.217923128111585e-05
-3.23226021829429e-05
-3.246469635288464e-05
-3.260550874448972e-05
-3.274503384685666e-05
-3.288326713224738e-05
-3.302020167534149e-05
-3.315583315960453e-05
-3.329015504490737e-05
-3.342316301551913e-05
-3.355485076306512e-05
-3.368521460256128e-05
-3.381424833711953e-05
-3.39419468312569e-05
-3.406830548201929e-05
-3.419331990997656e-05
-3.431698385174691e-05
-3.443929258280731e-05
-3.456024283636101e-05
-3.467982787202844e-05
-3.479804486367839e-05
-3.491488665100224e-05
-3.503035077276639e-05
-3.514443223565183e-05
-3.525712572890043e-05
-3.536842741963078e-05
-3.547833258880122e-05
-3.558683737854605e-05
-3.569393739355457e-05
-3.579962846019878e-05
-3.590390548676793e-05
-3.600676603269869e-05
-3.610820449860098e-05
-3.620821671039217e-05
-3.630680149195755e-05
-3.640395163119389e-05
-3.649966488332168e-05
-3.659393702936643e-05
-3.668676424854687e-05
-3.677814379134014e-05
-3.686807050383273e-05
-3.69565431165683e-05
-3.704355542965578e-05
-3.712910638878831e-05
-3.721319050461426e-05
-3.729580601954865e-05
-3.737694953126068e-05
-3.745661635511686e-05
-3.753480607927537e-05
-3.761151280055008e-05
-3.76867348423598e-05
-3.776046874068819e-05
-3.783271266064224e-05
-3.790346282890559e-05
-3.797271640212966e-05
-3.804047108898972e-05
-3.810672376620707e-05
-3.817147208355581e-05
-3.823471418649277e-05
-3.829644566723922e-05
-3.835666618618205e-05
-3.841537194132767e-05
-3.847256122847948e-05
-3.852823231702802e-05
-3.858238157453146e-05
-3.863500767759786e-05
-3.868610893555142e-05
-3.873568284566676e-05
-3.878372696859322e-05
-3.883024152285105e-05
-3.887522128187739e-05
-3.891866682824702e-05
-3.896057730228132e-05
-3.900094801302541e-05
-3.90397794294168e-05
-3.907706949698554e-05
-3.911281718457372e-05
-3.914702087852825e-05
-3.91796787631088e-05
-3.921079045346467e-05
-3.924035333522098e-05
-3.926836750634028e-05
-3.92948323841001e-05
-3.931974464893059e-05
-3.934310557397403e-05
-3.936491230301498e-05
-3.938516564214262e-05
-3.940386367196931e-05
-3.942100720586534e-05
-3.943659277977086e-05
-3.94506228536521e-05
-3.946309479428401e-05
-3.947400938225826e-05
-3.948336486274204e-05
-3.949116138811585e-05
-3.949739980140639e-05
-3.950207851304487e-05
-3.950519761409921e-05
-3.9506757559431e-05
0
