-1.224891656457843e-06
-2.267670662724517e-06
-3.331254802569207e-06
-4.424903351218316e-06
-5.558008289192158e-06
-6.740126873990785e-06
-7.981013006953808e-06
-9.290647066082913e-06
-1.06792638985974e-05
-1.215737862451157e-05
-1.373581003953368e-05
-1.542570123783289e-05
-1.723853729031829e-05
-1.918615968626945e-05
-2.128077732906422e-05
-2.353497391919396e-05
-2.596171157783064e-05
-2.857433052115338e-05
-3.138654480654016e-05
-3.441243396256266e-05
-3.766643061425845e-05
-4.116330402584561e-05
-4.491813967473129e-05
-4.894631492010878e-05
-5.326347095055157e-05
-5.788548110197871e-05
-6.282841585825323e-05
-6.810850466195707e-05
-7.374209491289516e-05
-7.974560835182897e-05
-8.613549524706752e-05
-9.292818665748281e-05
-0.0001001400451487184
-0.0001077873143479173
-0.0001158860677058201
-0.0001244521568471981
-0.0001335011598554217
-0.0001430483299784454
-0.0001531085449428711
-0.0001636962574100686
-0.0001748254467939594
-0.0001865095727965104
-0.0001987615309678543
-0.0002115936105264579
-0.0002250174547321583
-0.0002390440239609694
-0.0002536835617603303
-0.0002689455639378318
-0.0002848387509075349
-0.0003013710433069847
-0.0003185495410372094
-0.0003363805056915562
-0.00035486934641868
-0.0003740206092355067
-0.000393837969672615
-0.0004143242287930555
-0.0004354813124091209
-0.0004573102734580347
-0.0004798112974003779
-0.0005029837104877175
-0.0005268259907936276
-0.0005513357818169935
-0.0005765099085309087
-0.0006023443956246887
-0.0006288344878980427
-0.0006559746724717251
-0.0006837587027628124
-0.0007121796239590683
-0.0007412297998404586
-0.0007709009407946849
-0.0008011841328040763
-0.0008320698672589348
-0.0008635480714537023
-0.000895608139560319
-0.0009282389639705645
-0.0009614289668526286
-0.0009951661317647862
-0.001029438035245967
-0.001064231878191464
-0.001099534517009761
-0.00113533249434545
-0.001171612069340916
-0.001208359247366795
-0.001245559809088539
-0.001283199338832089
-0.001321263252221867
-0.001359736822955124
-0.001398605208764668
-0.001437853476439293
-0.001477466625973723
-0.001517429613695489
-0.001557727374492217
-0.001598344842997767
-0.001639266973795886
-0.001680478760664498
-0.001721965254758324
-0.001763711581854267
-0.001805702958573557
-0.001847924707657329
-0.001890362272265269
-0.001933001229338619
-0.001975827302042642
-0.002018826371305672
-0.002061984486477439
-0.002105287875134523
-0.002148722952074654
-0.0021922763274851
-0.00223593481436277
-0.002279685435157526
-0.002323515427760896
-0.002367412250746591
-0.002411363587981151
-0.002455357352628347
-0.002499381690521116
-0.00254342498300153
-0.002587475849174894
-0.002631523147720269
-0.002675555978160995
-0.00271956368170004
-0.002763535841639419
-0.002807462283378057
-0.002851333074054451
-0.002895138521813511
-0.002938869174765581
-0.002982515819622248
-0.003026069480076603
-0.003069521414894565
-0.003112863115760627
-0.003156086304954281
-0.003199182932750474
-0.003242145174684177
-0.003284965428651041
-0.003327636311819189
-0.003370150657449724
-0.00341250151154953
-0.003454682129472596
-0.003496685972382606
-0.003538506703652865
-0.003580138185199545
-0.003621574473767488
-0.003662809817117798
-0.003703838650267671
-0.00374465559160346
-0.003785255439051961
-0.00382563316619493
-0.003865783918399646
-0.003905703008949466
-0.003945385915167519
-0.003984828274599861
-0.004024025881153335
-0.0040629746813244
-0.004101670770404837
-0.004140110388775766
-0.004178289918190286
-0.004216205878131766
-0.004253854922193344
-0.004291233834530096
-0.004328339526362126
-0.004365169032475136
-0.004401719507882228
-0.004437988224426679
-0.004473972567536099
-0.004509670032964373
-0.004545078223660744
-0.004580194846644462
-0.00461501770997645
-0.004649544719780376
-0.004683773877330263
-0.004717703276200204
-0.004751331099477795
-0.004784655617062716
-0.004817675182975536
-0.004850388232783283
-0.004882793281080322
-0.00491488891899825
-0.004946673811812352
-0.00497814669660725
-0.005009306379969942
-0.005040151735796956
-0.005070681703107141
-0.005100895283968249
-0.005130791541410188
-0.005160369597486638
-0.005189628631314036
-0.005218567877186048
-0.005247186622788325
-0.005275484207400934
-0.005303460020200736
-0.005331113498575324
-0.005358444126546416
-0.005385451433156432
-0.005412134991006842
-0.005438494414748451
-0.005464529359675511
-0.00549023952035059
-0.005515624629272646
-0.00554068445556883
-0.005565418803776355
-0.005589827512613129
-0.005613910453818963
-0.005637667531029282
-0.00566109867868316
-0.005684203860973472
-0.005706983070820909
-0.005729436328907113
-0.005751563682716289
-0.005773365205617019
-0.005794840995996859
-0.00581599117639631
-0.005836815892692434
-0.005857315313315157
-0.00587748962846793
-0.005897339049414255
-0.005916863807750101
-0.005936064154746575
-0.005954940360669089
-0.00597349271415994
-0.005991721521636958
-0.006009627106691579
-0.006027209809545976
-0.006044469986499884
-0.006061408009417773
-0.006078024265234079
-0.006094319155470665
-0.006110293095771466
-0.006125946515472857
-0.006141279857170631
-0.006156293576322126
-0.006170988140860225
-0.006185364030797292
-0.006199421737895307
-0.006213161765317341
-0.006226584627286822
-0.006239690848780958
-0.006252480965241518
-0.006264955522267029
-0.006277115075354806
-0.006288960189637349
-0.006300491439626023
-0.006311709408962456
-0.006322614690220175
-0.006333207884653327
-0.006343489602019208
-0.006353460460351127
-0.006363121085793531
-0.006372472112416244
-0.006381514182034394
-0.006390247944059209
-0.006398674055335504
-0.006406793180003662
-0.006414605989351126
-0.006422113161692141
-0.006429315382220213
-0.006436213342930135
-0.006442807742463801
-0.006449099286032243
-0.006455088685310154
-0.006460776658326508
-0.006466163929399955
-0.006471251229039554
-0.006476039293869593
-0.006480528866558208
-0.006484720695749426
-0.006488615535990054
-0.006492214147678015
-0.00649551729700288
-0.006498525755888333
-0.006501240301951429
-0.006503661718451292
-0.006505790794242974
-0.006507628323754898
-0.006509175106926909
-0.0065104319491932
-0.006511399661464254
-0.006512079060061774
-0.006512470966728733
-0.006512576208589348
-0.006512395618129387
-0.006511930033184593
-0.006511180296908036
-0.006510147257778962
-0.006508831769559903
-0.006507234691317044
-0.006505356887386222
-0.006503199227369999
-0.006500762586139977
-0.006498047843825659
-0.006495055885800991
-0.006491787602691947
-0.006488243890380089
-0.006484425649981102
-0.00648033378786296
-0.006475969215638235
-0.006471332850167044
-0.006466425613561571
-0.006461248433176664
-0.006455802241639233
-0.006450087976824516
-0.006444106581876238
-0.006437859005207224
-0.006431346200504518
-0.006424569126738711
-0.00641752874816142
-0.006410226034325481
-0.006402661960071712
-0.00639483750555961
-0.006386753656249232
-0.0063784114029347
-0.006369811741715498
-0.006360955674048735
-0.006351844206717239
-0.006342478351846995
-0.006332859126930714
-0.006322987554816565
-0.006312864663714375
-0.006302491487219827
-0.006291869064290393
-0.006280998439279959
-0.006269880661941167
-0.006258516787405641
-0.006246907876209656
-0.006235054994308251
-0.006222959213056914
-0.006210621609225605
-0.006198043265003993
-0.00618522526800595
-0.006172168711262072
-0.006158874693232393
-0.006145344317811186
-0.006131578694309933
-0.006117578937480184
-0.00610334616750428
-0.006088881509983782
-0.006074186095966341
-0.006059261061912277
-0.006044107549720928
-0.006028726706706969
-0.006013119685609893
-0.005997287644591067
-0.005981231747215859
-0.005964953162463633
-0.005948453064717849
-0.005931732633750755
-0.005914793054735224
-0.005897635518216959
-0.005880261220121469
-0.00586267136173273
-0.005844867149704391
-0.005826849796015091
-0.005808620517989917
-0.005790180538272399
-0.005771531084819372
-0.005752673390880241
-0.005733608694991137
-0.005714338240943434
-0.005694863277793094
-0.005675185059831358
-0.005655304846555975
-0.005635223902676473
-0.005614943498078038
-0.005594464907818683
-0.005573789412069106
-0.005552918296154435
-0.005531852850474014
-0.005510594370514712
-0.005489144156807292
-0.005467503514913455
-0.005445673755391239
-0.005423656193776619
-0.005401452150554432
-0.005379062951118518
-0.005356489925763196
-0.005333734409635549
-0.005310797742714864
-0.005287681269769271
-0.00526438634034612
-0.00524091430870325
-0.005217266533804097
-0.005193444379264696
-0.005169449213338069
-0.005145282408836242
-0.005120945343142739
-0.005096439398132942
-0.005071765960140104
-0.005046926419938667
-0.005021922172672126
-0.004996754617811193
-0.004971425159134324
-0.004945935204655373
-0.004920286166589919
-0.004894479461289669
-0.004868516509221428
-0.004842398734892548
-0.004816127566800703
-0.004789704437400413
-0.004763130783030799
-0.004736408043852504
-0.004709537663819022
-0.004682521090593974
-0.004655359775504173
-0.004628055173474287
-0.004600608742964931
-0.004573021945912638
-0.004545296247664428
-0.004517433116908711
-0.004489434025614044
-0.004461300448960242
-0.004433033865251428
-0.004404635755869147
-0.004376107605195848
-0.004347450900519727
-0.004318667131976195
-0.004289757792466703
-0.004260724377588729
-0.004231568385536687
-0.004202291317023413
-0.004172894675216935
-0.004143379965623888
-0.004113748696035193
-0.004084002376411859
-0.004054142518789449
-0.004024170637222864
-0.003994088247648814
-0.003963896867805663
-0.003933598017156401
-0.003903193216751936
-0.003872683989149148
-0.003842071858304873
-0.00381135834947439
-0.003780544989083399
-0.003749633304640217
-0.00371862482461576
-0.003687521078317362
-0.00365632359578046
-0.003625033907658012
-0.003593653545076189
-0.003562184039539533
-0.003530626922766478
-0.003498983726589192
-0.003467255982823666
-0.003435445223100449
-0.00340355297876508
-0.003371580780722248
-0.003339530159287123
-0.003307402644054269
-0.003275199763722733
-0.003242923045977241
-0.003210574017307048
-0.003178154202864497
-0.003145665126284162
-0.003113108309541591
-0.003080485272759951
-0.003047797534065829
-0.003015046609384356
-0.00298223401228327
-0.002949361253779983
-0.002916429842151677
-0.002883441282759342
-0.002850397077836891
-0.002817298726300819
-0.002784147723541959
-0.002750945561232591
-0.002717693727094723
-0.002684393704701945
-0.002651046973245405
-0.002617655007318288
-0.002584219276682387
-0.00255074124602851
-0.002517222374746888
-0.002483664116670737
-0.002450067919837497
-0.002416435226216633
-0.002382767471463705
-0.002349066084650298
-0.002315332487980909
-0.002281568096529493
-0.002247774317933096
-0.002213952552125123
-0.002180104191023878
-0.002146230618223052
-0.00211233320869345
-0.002078413328453705
-0.002044472334258207
-0.002010511573251138
-0.001976532382627661
-0.00194253608930351
-0.001908524009531989
-0.00187449744856986
-0.001840457700285614
-0.001806406046778275
-0.001772343758016029
-0.001738272091401619
-0.001704192291395039
-0.001670105589081982
-0.001636013201755175
-0.001601916332480098
-0.001567816169653498
-0.001533713886535151
-0.001499610640803733
-0.001465507574057124
-0.001431405811350511
-0.001397306460681386
-0.001363210612483063
-0.001329119339109853
-0.001295033694298501
-0.001260954712626154
-0.001226883408952501
-0.00119282077784199
-0.001158767792994226
-0.001124725406625339
-0.001090694548893444
-0.001056676127220612
-0.001022671025704584
-0.0009886801044326772
-0.0009547041988150467
-0.0009207441189232389
-0.000886800648753572
-0.0008528745455404481
-0.0008189665390030683
-0.0007850773306045332
-0.0007512075927821773
-0.000717357968155257
-0.0006835290687339716
-0.000649721475079381
-0.0006159357354832786
-0.0005821723650855895
-0.0005484318450112748
-0.0005147146214577658
-0.0004810211047816676
-0.0004473516685503881
-0.0004137066485814921
-0.000380086341959178
-0.0003464910060189917
-0.0003129208573183183
-0.0002793760705868077
-0.0002458567776454316
-0.0002123630662998885
-0.0001788949792213375
-0.0001454525127740558
-0.0001120356158734719
-7.864418873524542e-05
-4.527808168513017e-05
-1.19370938726597e-05
2.137902800889487e-05
5.467059102534297e-05
8.793795736364643e-05
0.0001211815456937685
0.0001544018325732172
0.0001875993538782194
0.0002207747062759006
0.0002539285487068331
0.0002870616039279397
0.0003201746600485717
0.0003532685721497845
0.000386344263882653
0.0004194027291471968
0.0004524450337739429
0.0004854723172578249
0.0005184857945094217
0.000551486757661878
0.0005844765779039864
0.0006174567073499128
0.0006504286809309963
0.0006833941183608206
0.0007163547260983331
0.0007493122993794381
0.0007822687242476766
0.0008152259796762847
0.0008481861396795343
0.0008811513754937716
0.0009141239577756194
0.0009471062588521399
0.0009801007550128572
0.00101311002881916
0.001046136771476388
0.001079183785234304
0.001112253985818533
0.00114535040491206
0.001178476192664639
0.001211634620254625
0.001244829082459455
0.001278063100291205
0.001311340323653844
0.001344664534036829
0.001378039647234345
0.001411469716124188
0.001444958933440736
0.001478511634609018
0.001512132300591603
0.001545825560771021
0.001579596195856077
0.001613449140808231
0.001647389487796264
0.001681422489171367
0.001715553560450387
0.001749788283329555
0.001784132408695127
0.001818591859652224
0.001853172734570198
0.001887881310098804
0.00192272404422328
0.00195770757928352
0.00199283874500252
0.002028124561483345
0.002063572242219092
0.002099189197034876
0.002134983035034668
0.002170961567508361
0.002207132810764355
0.002243504988961543
0.002280086536852728
0.002316886102461196
0.002353912549708624
0.002391174960939848
0.00242868263936203
0.00246644511138373
0.002504472128850624
0.002542773671133045
0.002581359947109608
0.002620241396978825
0.002659428693919401
0.002698932745565702
0.002738764695306707
0.002778935923366583
0.002819458047658534
0.002860342924402213
0.002901602648477433
0.002943249553487503
0.002985296211537753
0.00302775543266885
0.00307064026394736
0.003113963988183274
0.003157740122245142
0.003201982414931182
0.003246704844407941
0.003291921615127077
0.003337647154241348
0.003383896107450489
0.003430683334247914
0.003478023902542064
0.003525933082601079
0.003574426340263977
0.003623519329412161
0.003673227883622709
0.003723568006931133
0.003774555863749364
0.003826207767730752
0.003878540169681918
0.003931569644342905
0.003985312876056144
0.004039786643174528
0.004095007801225127
0.004150993264701894
0.004207759987416374
0.004265324941356048
0.004323705093936493
0.004382917383586237
0.004442978693539593
0.004503905823824895
0.004565715461241159
0.00462842414731634
0.004692048244115034
0.004756603897771936
0.004822106999699842
0.004888573145275734
0.004956017590000407
0.005024455202919314
0.005093900417281615
0.005164367178236563
0.005235868887511987
0.00530841834495632
0.005382027686797979
0.005456708320543307
0.005532470856387681
0.005609325035069617
0.005687279652007795
0.00576634247770985
0.005846520174318321
0.005927818208250429
0.006010240758852177
0.006093790623071686
0.00617846911607331
0.006264275967836524
0.00635120921573302
0.006439265093134078
0.006528437914144886
0.00661871995455344
0.006710101329134828
0.00680256986553897
0.006896110974945122
0.006990707519810208
0.007086339679004251
0.007182984810766383
0.007280617313892747
0.00737920848773754
0.007478726391559028
0.007579135703923273
0.007680397582896974
0.007782469527850519
0.007885305243811392
0.007988854509345214
0.00809306304909682
0.008197872412105999
0.008303219857260501
0.008409038247183465
0.008515255952026863
0.008621796764699418
0.008728579829144767
0.008835519583319452
0.008942525718614954
0.009049503157516405
0.009156352051256518
0.009262967799343427
0.009369241092721449
0.009475057982395249
0.009580299975227578
0.00968484415857526
0.009788563355329072
0.009891326310754015
0.009992997912384387
0.01009343944402829
0.01019250887470352
0.0102900611829894
0.01038594871712123
0.01048002159066651
0.01057212811334198
0.01066211525614015
0.01074982914945266
0.01083511561255018
0.01091782071219675
0.01099779134785079
0.01107487586036556
0.01114892466065624
0.0112197908744451
0.01128733099865517
0.01135140556481554
0.01141187980432301
0.01146862431029039
0.01152151569039519
0.01157043720499257
0.0116152793847247
0.01165594062177989
0.01169232772913671
0.01172435646217165
0.01175195199737604
0.0117750493631685
0.01179359381827568
0.01180754117359905
0.01181685805409496
0.01182152209772624
0.01182152208937821
0.01181685802814542
0.01180754112731075
0.01179359374696843
0.01177504926007878
0.01175195185341601
0.01172435626562279
0.01169232746526681
0.01165594027235633
0.01161527892742611
0.01157043661270753
0.01152151493036428
0.01146862334312889
0.01141187858284133
0.011351404032645
0.01128732908865242
0.01121978850683678
0.01114892174091038
0.0110748722767009
0.01099778696842145
0.01091781538184348
0.01083510914910565
0.01074982133953974
0.01066210585041258
0.01057211682110965
0.0104800080738486
0.01038593258346132
0.01029004197846222
0.01019248607505851
0.01009341244539259
0.009992966020850643
0.009891288730903641
0.009788519177574069
0.0096847923452981
0.009580239345620856
0.009474987195930009
0.00936915863119548
0.009262871947429738
0.009156240875505317
0.009049374483756379
0.008942377107690289
0.008835348305145277
0.008728382835032911
0.008621570657927471
0.008514996956641891
0.008408742175027867
0.008302882073214488
0.008197487797584726
0.008092625963786182
0.007988358751255285
0.007884744007649271
0.007781835361817743
0.007679682343928414
0.007578330511497786
0.007477821580132379
0.007378193557944524
0.007279480882590502
0.007181714560067855
0.007084922304449183
0.006989128677781488
0.006894355229544553
0.006800620635017398
0.006707940832126932
0.006616329156208332
0.006525796472449042
0.00643635130551292
0.006347999966228448
0.006260746674988642
0.006174593681769799
0.006089541382566177
0.006005588432157554
0.005922731853148915
0.005840967141202441
0.00576028836647826
0.005680688271269876
0.005602158363842678
0.005524689008564544
0.00544826951232504
0.005372888207356598
0.005298532530514887
0.00522518909910755
0.005152843783389675
0.005081481775768004
0.005011087656903303
0.004941645458745855
0.004873138724648741
0.004805550566669779
0.004738863720155865
0.004673060595751346
0.004608123328897953
0.004544033826992359
0.004480773814237267
0.004418324874362653
0.004356668491266456
0.004295786087691785
0.004235659062046298
0.004176268823433117
0.004117596825008188
0.004059624595718389
0.004002333770529502
0.003945706119198878
0.003889723573695955
0.003834368254302389
0.003779622494469847
0.003725468864529643
0.003671890194264413
0.003618869594413696
0.003566390477193997
0.003514436575817098
0.003462991963120686
0.003412041069280648
0.003361568698717144
0.003311560046146128
0.003262000711883815
0.003212876716358642
0.003164174513927746
0.003115881005926843
0.003067983553084475
0.00302046998720338
0.002973328622195019
0.002926548264450298
0.002880118222547862
0.002834028316321275
0.002788268885273731
0.002742830796329177
0.002697705450965027
0.002652884791653525
0.002608361307654814
0.002564128040149871
0.002520178586683982
0.002476507104909806
0.002433108315643903
0.002389977505189629
0.002347110526947406
0.002304503802247125
0.002262154320441132
0.002220059638205277
0.00217821787802547
0.002136627725877106
0.002095288428060625
0.00205419978717564
0.002013362157215592
0.001972776437760834
0.00193244406724674
0.001892367015327265
0.001852547774230926
0.001812989349186295
0.001773695247842754
0.001734669468674037
0.001695916488395123
0.001657441248303959
0.001619249139616418
0.001581345987733842
0.001543738035449152
0.00150643192509489
0.001469434679631829
0.001432753682657705
0.001396396657369509
0.001360371644459745
0.001324686978988163
0.001289351266201978
0.001254373356364596
0.00121976231858539
0.001185527413699062
0.001151678066202548
0.001118223835326683
0.001085174385220744
0.001052539454373604
0.001020328824256184
0.0009885522873044296
0.0009572196142512059
0.0009263405209203861
0.0008959246345486074
0.0008659814597062783
0.0008365203439369348
0.0008075504431837265
0.0007790806871101619
0.0007511197444643215
0.000723675988535657
0.0006967574629052386
0.0006703718475426527
0.0006445264254476826
0.000619228049950054
0.0005944831127822764
0.0005702975131535015
0.0005466766278897622
0.0005236252828521946
0.0005011477257742813
0.0004792476006726452
0.0004579279239871449
0.0004371910626373285
0.000417038714085547
0.0003974718886344351
0.0003784908940405308
0.0003600953226244002
0.0003422840409706058
0.0003250551823635842
0.0003084061420684115
0.0002923335755117247
0.0002768333995055361
0.0002619007964866386
0.0002475302219171029
0.0002337154147739945
0.0002204494112022599
0.0002077245612463908
0.0001955325486657222
0.0001838644137262127
0.0001727105789128408
0.0001620608773855612
0.0001519045840638108
0.0001422304491919537
0.0001330267341228871
0.000124281249141516
0.0001159813930921546
0.000108114194489385
0.0001006663538864342
9.36242871742007e-05
8.697416946683821e-05
8.070197930163617e-05
7.479354278073971e-05
6.923457730178932e-05
6.401073459165896e-05
5.910764264450887e-05
5.451094626936041e-05
5.020634591690245e-05
4.617963446781805e-05
4.241673171871598e-05
3.890371628067612e-05
3.562685462254155e-05
3.257262708857489e-05
2.972775068299386e-05
2.707919841573887e-05
2.461421517124178e-05
2.232032994490629e-05
2.018536438041054e-05
1.819743763144537e-05
1.634496753259045e-05
1.461666810836861e-05
1.300154350887929e-05
1.148887849194372e-05
1.0068225560168e-05
8.729388922551571e-06
7.462405518381208e-06
6.257523208645643e-06
5.105176500744615e-06
3.995959953808845e-06
2.92059960260542e-06
1.869922657801552e-06
8.348257715623617e-07
-1.937577647653267e-07
0
