-0.2224564646249037
-0.2311879092843261
-0.2252513477637202
-0.2145783773681757
-0.2038918332321535
-0.1944332366654847
-0.1862942697451328
-0.1792939129282559
-0.1732233774099733
-0.1679035727803732
-0.1631919145926104
-0.158977143733973
-0.1551725211550386
-0.1517099669182667
-0.1485355243918502
-0.1456059719053293
-0.1428863131560874
-0.1403479160689257
-0.1379671235222346
-0.13572420716361
-0.1336025713495258
-0.1315881424608287
-0.1296688944196833
-0.1278344772449765
-0.1260759234418974
-0.1243854138667016
-0.1227560892059562
-0.1211818976169921
-0.1196574699269777
-0.118178017070939
-0.1167392451430319
-0.1153372845868164
-0.1139686308892004
-0.1126300943075698
-0.1113187572472615
-0.1100319378803021
-0.1087671588457218
-0.1075221201051534
-0.1062946753020412
-0.1050828111604149
-0.1038846291454978
-0.1026983291977483
-0.1015221951775567
-0.1003545816583361
-0.09919390185022764
-0.09803861647360113
-0.09688722337061799
-0.09573824766407055
-0.09459023235323416
-0.09344172915612187
-0.09229128974206582
-0.09113745621145783
-0.08997875277038442
-0.08881367584951812
-0.08764068464782304
-0.08645819087341176
-0.08526454784921834
-0.08405803877333333
-0.08283686390320071
-0.0815991264550683
-0.08034281697198756
-0.07906579582090056
-0.07776577343096985
-0.07644028789068444
-0.07508667938369545
-0.07370206067157169
-0.07228328305241025
-0.07082689673079157
-0.0693291043889034
-0.06778570649295787
-0.06619203654645778
-0.06454288396117486
-0.06283240139781469
-0.06105399295778532
-0.05920017823519292
-0.05726242578605643
-0.05523094759251782
-0.0530944430117565
-0.05083977746755693
-0.04845157491424758
-0.04591169578986404
-0.04319856079913987
-0.04028626440216491
-0.03714339687421002
-0.03373145723906684
-0.03000268048271879
-0.02589701157954076
-0.0213378109566037
-0.01622563219224223
-0.01042900079667645
-0.003770412377990306
0.003995479816004566
0.01321671193545765
0.02440083793600757
0.03830802667073241
0.0560961856750913
0.07949234667397848
0.1106745000870762
0.1504217029163038
0.1925773974203656
0.2224564643670494
0.2311879092759265
0.2252513477781301
0.2145783773857677
0.2038918332481947
0.1944332366805915
0.1862942697583002
0.1792939129398945
0.1732233774198808
0.1679035727889546
0.1631919146002123
0.1589771437407914
0.1551725211612244
0.1517099669239178
0.1485355243979206
0.1456059719100593
0.1428863131602099
0.1403479160728546
0.1379671235255713
0.1357242071660039
0.1336025713512272
0.1315881424678421
0.1296688944228925
0.1278344772480512
0.1260759234448519
0.1243854138695387
0.1227560892047624
0.1211818976207983
0.1196574699305114
0.1181780170741472
0.116739245145953
0.115337284589492
0.1139686308916945
0.1126300943106354
0.1113187572490779
0.1100319378823474
0.1087671588478262
0.1075221201072651
0.1062946753041272
0.1050828111624818
0.1038846291475415
0.1026983291997737
0.101522195179574
0.1003545816603369
0.09919390185221
0.09803861647572175
0.09688722337245223
0.09573824766604208
0.09459023235517083
0.09344172908320469
0.09229128981893854
0.09113745621347585
0.08997875277238243
0.08881367585151227
0.08764068464916491
0.08645819087615511
0.08526454785128124
0.08405803877541859
0.08283686390531346
0.08159912645721212
0.08034281697416451
0.07906579582311454
0.07776577343322821
0.07644028789298607
0.07508667938605286
0.0737020606739842
0.07228328305489076
0.07082689673333736
0.06932910439153198
0.0677857064956715
0.06619203654926875
0.06454288396407448
0.06283240140081818
0.06105399296090069
0.05920017823843132
0.05726242578943793
0.05523094759607756
0.05309444301552094
0.05083977747154805
0.04845157491852108
0.04591169579466472
0.0431985608035225
0.04028626440642269
0.03714339688090404
0.03373145724519773
0.03000268048944138
0.02589701158697311
0.0213378109648916
0.01622563220158319
0.01042900080733103
0.003770412390316447
-0.003995479801502722
-0.01321671191806389
-0.02440083791470223
-0.03830802664399918
-0.05609618564055105
-0.07949234662829679
-0.1106745000277187
-0.1504217028570788
-0.1925773978232094
0
