0.001095678635170391
0.001094221539786623
0.001092328211127545
0.001089991698224043
0.001087206043629616
0.001083966232256513
0.001080268135449068
0.001076108450830533
0.001071484638887485
0.001066394856207976
0.001060837887063799
0.001054813073208285
0.001048320242889765
0.001041359640174763
0.001033931854579195
0.001026037752371576
0.001017678409873661
0.0010088550494114
0.0009995689786300597
0.0009898215336520326
0.000979614026542349
0.0009689476973701145
0.0009578236716191869
0.0009462429226660099
0.0009342062400311993
0.0009217142031096635
0.0009087671608224756
0.0008953652168223771
0.0008815082205450971
0.000867195763425411
0.000852427180764741
0.0008372015583438829
0.0008215177438838391
0.0008053743628678134
0.0007887698383087931
0.000771702414058407
0.0007541701813627844
0.0007361711080396681
0.0007177030698917667
0.0006987638838850806
0.0006793513427533521
0.0006594632503522922
0.000639097457580138
0.0006182518982247696
0.0005969246246123229
0.000575113842385017
0.0005528179443315206
0.000530035542810917
0.000506765500527476
0.0004830069595286721
0.0004587593677970025
0.0004340225040389658
0.0004087964995394568
0.000383081857796637
0.0003568794713822451
0.0003301906360948395
0.0003030170623579716
0.0002753608838704811
0.000247224663563891
0.000218611396764644
0.0001895245116963829
0.0001599678675009219
0.0001299457495965605
9.946286277792476e-05
6.852432195789473e-05
3.71356406314088e-05
5.302717525210361e-06
-2.69681788979591e-05
-5.967042758002472e-05
-9.279707365155614e-05
-0.000126340848812625
-0.0001602941928539219
-0.000194649276659793
-0.0002293980260218054
-0.0002645321464632144
-0.0003000431489183981
-0.0003359223759919058
-0.0003721610286978813
-0.0004087501937199093
-0.0004456808708528264
-0.0004829440006482682
-0.0005205304920602525
-0.0005584312502276256
-0.00059663720389199
-0.0006351393326872955
-0.0006739286941202429
-0.0007129964503024848
-0.0007523338938310736
-0.0007919324735889345
-0.0008317838196400572
-0.0008718797677244288
-0.0009122123828059351
-0.000952773982065266
-0.0009935571571141667
-0.001034554795301831
-0.001075760100297698
-0.001117166611694231
-0.001158768223787921
-0.001200559203501545
-0.001242534207267955
-0.001284688297177414
-0.001327016955949645
-0.00136951610116201
-0.001412182098463064
-0.001455011773899489
-0.001498002425175722
-0.001541151832166112
-0.001584458266419546
-0.001627920499719944
-0.001671537811769557
-0.00171530999705955
-0.001759237370751129
-0.001803320773818736
-0.001847561577194497
-0.001891961685235127
-0.001936523538306576
-0.001981250114580803
-0.002026144930990804
-0.002071212043547049
-0.002116456046851902
-0.002161882072815534
-0.002207495788739963
-0.002253303394675079
-0.002299311620077485
-0.002345527719817188
-0.002391959469527743
-0.002438615160204789
-0.002485503592345477
-0.002532634069279862
-0.002580016390009829
-0.002627660841304065
-0.002675578189309318
-0.002723779670398528
-0.002772276981522228
-0.002821082269914696
-0.002870208122097163
-0.002919667552380857
-0.002969473990613547
-0.003019641269295596
-0.00307018361011822
-0.003121115609737472
-0.003172452224822254
-0.003224208756454616
-0.003276400833723754
-0.003329044396549833
-0.003382155677717403
-0.003435751184006599
-0.003489847676566764
-0.003544462150145835
-0.003599611811568663
-0.003655314057076161
-0.003711586448584493
-0.003768446688951345
-0.003825912595815422
-0.003884002074402894
-0.003942733088927942
-0.004002123632650554
-0.004062191696308031
-0.004122955235347377
-0.004184432135160576
-0.004246640174852002
-0.004309596989181139
-0.004373320028563783
-0.004437826517157509
-0.004503133408832891
-0.004569257340992406
-0.004636214586175419
-0.004704021001177102
-0.004772691973795535
-0.004842242366951579
-0.004912686460128261
-0.004984037888021017
-0.005056309576328438
-0.00512951367450365
-0.005203661485506052
-0.005278763392230127
-0.005354828780841263
-0.005431865960720805
-0.005509882080918548
-0.005588883043293786
-0.005668873412048365
-0.005749856319726826
-0.005831833369875566
-0.005914804535883971
-0.005998768056505903
-0.006083720327999901
-0.006169655792817704
-0.006256566825210138
-0.006344443613630974
-0.006433274040525049
-0.006523043559351061
-0.006613735069371291
-0.006705328788566323
-0.006797802124942391
-0.006891129546866142
-0.006985282452825322
-0.007080229041294326
-0.007175934181482465
-0.007272359285474194
-0.007369462182820098
-0.007467196998498979
-0.007565514035048296
-0.007664359660175307
-0.007763676200969774
-0.00786340184598721
-0.007963470556337421
-0.008063811987627876
-0.008164351423816227
-0.008265009724799845
-0.008365703289293121
-0.008466344034563663
-0.008566839394794072
-0.008667092339874029
-0.008767001415975157
-0.008866460810085828
-0.008965360439648896
-0.009063586069159971
-0.009161019455140843
-0.009257538520712724
-0.009353017561062275
-0.009447327480740113
-0.009540336063590869
-0.009631908275767861
-0.009721906602160248
-0.009810191416189891
-0.00989662138226923
-0.009981053890617689
-0.01006334552279832
-0.01014335254673668
-0.01022093143895165
-0.01029593943180328
-0.01036823508268156
-0.0104376788620224
-0.01050413375641499
-0.01056746588262453
-0.01062754510828077
-0.01068424567441076
-0.01073744681469833
-0.01078703336652207
-0.01083289636816267
-0.01087493363689654
-0.01091305032247645
-0.01094715943065042
-0.01097718231145049
-0.01100304910740509
-0.01102469915698255
-0.01104208134872312
-0.01105515442275006
-0.01106388721597136
-0.01106825884834976
-0.01106825884834973
-0.01106388721597136
-0.01105515442275005
-0.01104208134872308
-0.01102469915698255
-0.01100304910740509
-0.01097718231145047
-0.01094715943065043
-0.01091305032247645
-0.01087493363689654
-0.01083289636816269
-0.01078703336652206
-0.01073744681469834
-0.01068424567441077
-0.01062754510828074
-0.01056746588262453
-0.01050413375641501
-0.01043767886202241
-0.01036823508268156
-0.01029593943180327
-0.01022093143895164
-0.01014335254673666
-0.01006334552279831
-0.00998105389061768
-0.009896621382269193
-0.009810191416189879
-0.009721906602160236
-0.009631908275767849
-0.009540336063590858
-0.009447327480740061
-0.009353017561062264
-0.009257538520712701
-0.009161019455140829
-0.009063586069159971
-0.008965360439648889
-0.008866460810085823
-0.00876700141597515
-0.008667092339874024
-0.008566839394794089
-0.008466344034563672
-0.008365703289293111
-0.008265009724799861
-0.008164351423816231
-0.008063811987627874
-0.007963470556337421
-0.007863401845987206
-0.00776367620096974
-0.007664359660175282
-0.007565514035048272
-0.007467196998498965
-0.007369462182820075
-0.007272359285474192
-0.007175934181482456
-0.007080229041294297
-0.006985282452825331
-0.006891129546866136
-0.006797802124942401
-0.006705328788566303
-0.006613735069371275
-0.006523043559351034
-0.006433274040525063
-0.006344443613630966
-0.006256566825210115
-0.006169655792817681
-0.006083720327999947
-0.005998768056505912
-0.005914804535883935
-0.005831833369875548
-0.005749856319726819
-0.005668873412048327
-0.005588883043293764
-0.005509882080918518
-0.00543186596072079
-0.005354828780841234
-0.00527876339223011
-0.005203661485506048
-0.005129513674503622
-0.005056309576328417
-0.004984037888021009
-0.004912686460128241
-0.004842242366951597
-0.004772691973795538
-0.004704021001177086
-0.00463621458617542
-0.004569257340992389
-0.004503133408832906
-0.004437826517157514
-0.004373320028563755
-0.004309596989181138
-0.004246640174851961
-0.004184432135160572
-0.004122955235347378
-0.00406219169630803
-0.004002123632650518
-0.003942733088927944
-0.003884002074402898
-0.003825912595815394
-0.003768446688951325
-0.003711586448584478
-0.003655314057076145
-0.003599611811568659
-0.003544462150145809
-0.003489847676566731
-0.003435751184006594
-0.003382155677717408
-0.003329044396549818
-0.003276400833723769
-0.003224208756454608
-0.003172452224822217
-0.003121115609737476
-0.003070183610118248
-0.003019641269295616
-0.002969473990613553
-0.002919667552380828
-0.002870208122097114
-0.002821082269914703
-0.002772276981522194
-0.00272377967039851
-0.002675578189309338
-0.002627660841304032
-0.002580016390009817
-0.00253263406927986
-0.002485503592345461
-0.002438615160204789
-0.002391959469527728
-0.002345527719817184
-0.002299311620077489
-0.002253303394675072
-0.002207495788739931
-0.002161882072815548
-0.002116456046851904
-0.002071212043547029
-0.002026144930990774
-0.001981250114580802
-0.001936523538306562
-0.001891961685235117
-0.001847561577194477
-0.001803320773818686
-0.001759237370751134
-0.00171530999705954
-0.001671537811769542
-0.001627920499719935
-0.001584458266419507
-0.001541151832166087
-0.001498002425175679
-0.001455011773899454
-0.00141218209846305
-0.001369516101161973
-0.001327016955949658
-0.001284688297177417
-0.001242534207267921
-0.001200559203501548
-0.001158768223787905
-0.001117166611694223
-0.001075760100297686
-0.001034554795301829
-0.0009935571571141519
-0.0009527739820652087
-0.0009122123828059535
-0.0008718797677244282
-0.0008317838196400468
-0.0007919324735889102
-0.0007523338938310274
-0.0007129964503024963
-0.0006739286941202143
-0.0006351393326872829
-0.0005966372038919711
-0.0005584312502276093
-0.0005205304920602202
-0.0004829440006482678
-0.0004456808708528186
-0.0004087501937199227
-0.0003721610286978629
-0.000335922375991865
-0.0003000431489183879
-0.0002645321464631685
-0.0002293980260217854
-0.0001946492766597631
-0.0001602941928538944
-0.0001263408488126048
-9.279707365155527e-05
-5.967042757999219e-05
-2.696817889798241e-05
5.30271752521589e-06
3.71356406314409e-05
6.852432195791729e-05
9.946286277792357e-05
0.0001299457495965743
0.0001599678675009465
0.0001895245116963879
0.0002186113967646793
0.0002472246635638895
0.0002753608838704821
0.0003030170623580476
0.0003301906360948675
0.0003568794713822584
0.000383081857796664
0.0004087964995394982
0.0004340225040390037
0.0004587593677970428
0.0004830069595286725
0.0005067655005275415
0.0005300355428109103
0.0005528179443315419
0.0005751138423850258
0.0005969246246123113
0.0006182518982247814
0.0006390974575801393
0.0006594632503522937
0.0006793513427533289
0.0006987638838850947
0.0007177030698917626
0.000736171108039694
0.0007541701813628069
0.0007717024140584
0.0007887698383088209
0.0008053743628678037
0.0008215177438838435
0.0008372015583438469
0.0008524271807647439
0.0008671957634254156
0.0008815082205450701
0.0008953652168223855
0.0009087671608224651
0.0009217142031096321
0.0009342062400312014
0.0009462429226660158
0.0009578236716191746
0.0009689476973701028
0.0009796140265423481
0.0009898215336520176
0.0009995689786300235
0.001008855049411362
0.001017678409873651
0.001026037752371598
0.001033931854579216
0.001041359640174732
0.001048320242889757
0.001054813073208275
0.001060837887063797
0.001066394856207936
0.00107148463888746
0.001076108450830492
0.001080268135449068
0.001083966232256473
0.001087206043629595
0.001089991698224039
0.001092328211127507
0.001094221539786553
0.001095678635170393
0.001096707487721602
0.001097317167580166
0.001097517858636794
0.001097320886257475
0.001096738738163111
0.001095785078418902
0.001094474754470351
0.001092823796952487
0.00109084941251391
0.00108856996952332
0.001086004976969789
0.001083175056569147
0.001080101908379209
0.001076808270346711
0.001073317871741764
0.001069655381239121
0.001065846349789874
0.001061917148583535
0.001057894902980904
0.001053807422177262
0.001049683125780995
0.001045550967163165
0.001041440354322299
0.001037381068771109
0.001033403182802557
0.001029536975469575
0.001025812848023042
0.001022261239120414
0.001018912540021808
0.001015797010564952
0.001012944696074023
0.001010385345595149
0.0010081483319486
0.00100626257396602
0.001004756460912903
0.001003657779987649
0.001002993646529638
0.001002790437779606
0.001003073730072333
0.001003868239683427
0.001005197767810385
0.001007085149454456
0.001009552206608239
0.001012619705845846
0.001016307320144536
0.001020633595355348
0.001025615921008282
0.001031270505627166
0.001037612356625505
0.001044655264441456
0.001052411791119548
0.001060893263029235
0.00107010976787004
0.001080070155463847
0.001090782042579133
0.001102251821407413
0.001114484671423464
0.001127484574648748
0.001141254334154718
0.001155795595351351
0.00117110886994565
0.001187193562587892
0.001204047999694568
0.001221669460269472
0.001240054208794962
0.001259197529557845
0.001279093762476619
0.001299736340273364
0.001321117826450056
0.001343229954311423
0.001366063666561537
0.001389609155296068
0.001413855902376208
0.001438792719971996
0.001464407791002422
0.001490688709465292
0.001517622520523097
0.001545195760090822
0.001573394493819068
0.001602204355906927
0.001631610586433167
0.001661598068633526
0.001692151364751841
0.001723254751263126
0.001754892252881878
0.001787047675640955
0.001819704638906184
0.001852846605967495
0.001886456913879502
0.001920518801806953
0.001955015438298032
0.001989929947255026
0.00202524543284965
0.00206094500303074
0.002097011792034571
0.002133428981434562
0.002170179820299963
0.002207247643926047
0.002244615891571285
0.002282268123101221
0.002320188034300952
0.002358359471425091
0.002396766444404993
0.002435393139336061
0.002474223929765141
0.002513243387101802
0.00255243629006743
0.002591787633296394
0.002631282635246581
0.002670906744964246
0.002710645648398963
0.002750485273704317
0.0027904117960762
0.00283041164167197
0.002870471491154094
0.002910578282345969
0.002950719212557854
0.002990881740238416
0.003031053586061154
0.003071222733740183
0.003111377430146855
0.003151506185117809
0.003191597771010966
0.003231641221502442
0.003271625830519492
0.003311541150417996
0.003351376990241563
0.00339112341338649
0.00343077073516025
0.003470309520299412
0.003509730579807472
0.003549024968111347
0.003588183979665776
0.003627199145689598
0.00366606223046642
0.003704765227846672
0.003743300357341913
0.003781660060382144
0.00381983699622579
0.003857824038076482
0.003895614268971318
0.003933200977600096
0.003970577654258344
0.00400773798660089
0.004044675855409452
0.004081385330459326
0.004117860666274628
0.004154096297905053
0.00419008683679245
0.004225827066482989
0.004261311938638228
0.004296536568748939
0.004331496232149041
0.004366186360007367
0.004400602535143863
0.004434740488240602
0.004468596093851464
0.004502165366549451
0.004535444457176214
0.004568429649035179
0.004601117354169683
0.004633504109817966
0.004665586574805624
0.004697361526069531
0.004728825855157395
0.004759976564977812
0.004790810766336341
0.004821325674827293
0.00485151860763064
0.004881386980369626
0.004910928304049568
0.004940140182270897
0.004969020308139291
0.00499756646151592
0.005025776506201269
0.005053648387296179
0.005081180128621597
0.005108369829953804
0.005135215664771307
0.005161715877596328
0.00518786878187024
0.005213672757359214
0.005239126248111909
0.005264227760256677
0.005288975859710808
0.005313369170300045
0.005337406371743129
0.00536108619753066
0.005384407433176146
0.005407368914351585
0.005429969525051338
0.005452208195929236
0.005474083902540666
0.005495595663771608
0.005516742540212435
0.005537523632675532
0.005557938080656379
0.005577985060900964
0.005597663786087684
0.00561697350337657
0.005635913493169266
0.005654483067827157
0.005672681570440798
0.005690508373676297
0.005707962878604487
0.00572504451364861
0.005741752733410439
0.005758087017748183
0.005774046870845334
0.005789631819994584
0.005804841414943986
0.005819675226898262
0.00583413284769841
0.005848213888844451
0.005861917980961448
0.005875244772817116
0.005888193930656401
0.005900765137565859
0.005912958092685422
0.005924772510601562
0.005936208120765102
0.00594726466679623
0.00595794190600868
0.005968239608771198
0.005978157558118002
0.005987695549048791
0.005996853388211446
0.006005630893419349
0.006014027893174654
0.006022044226226476
0.006029679741263089
0.006036934296597803
0.006043807759531621
0.0060503000063801
0.006056410921953931
0.006062140399298552
0.006067488339449738
0.00607245465112179
0.006077039250631277
0.006081242061414003
0.006085063014119509
0.006088502046152417
0.006091559101737904
0.006094234131630845
0.006096527093039351
0.006098437949473119
0.006099966670717898
0.006101113232625623
0.006101877617230528
0.006102259812537152
0.006102259812537136
0.006101877617230544
0.006101113232625607
0.006099966670717911
0.006098437949473105
0.006096527093039343
0.00609423413163083
0.006091559101737917
0.00608850204615242
0.006085063014119531
0.006081242061413981
0.00607703925063129
0.006072454651121746
0.006067488339449764
0.00606214039929855
0.006056410921953931
0.006050300006380138
0.006043807759531622
0.006036934296597768
0.006029679741263094
0.006022044226226471
0.006014027893174669
0.006005630893419311
0.005996853388211495
0.005987695549048832
0.005978157558118037
0.005968239608771186
0.005957941906008698
0.005947264666796213
0.005936208120765068
0.005924772510601572
0.005912958092685421
0.005900765137565889
0.005888193930656418
0.005875244772817119
0.005861917980961479
0.00584821388884447
0.005834132847698429
0.005819675226898283
0.005804841414944031
0.005789631819994606
0.005774046870845355
0.005758087017748209
0.005741752733410386
0.005725044513648633
0.005707962878604438
0.005690508373676304
0.005672681570440798
0.00565448306782717
0.005635913493169284
0.005616973503376557
0.005597663786087712
0.005577985060901007
0.005557938080656341
0.005537523632675526
0.005516742540212394
0.00549559566377163
0.005474083902540675
0.005452208195929301
0.005429969525051389
0.005407368914351621
0.005384407433176142
0.005361086197530666
0.005337406371743145
0.005313369170300033
0.005288975859710835
0.005264227760256666
0.005239126248111875
0.005213672757359252
0.00518786878187026
0.00516171587759635
0.005135215664771278
0.005108369829953763
0.005081180128621634
0.00505364838729618
0.005025776506201291
0.004997566461515944
0.004969020308139261
0.004940140182270947
0.004910928304049535
0.004881386980369658
0.004851518607630706
0.004821325674827296
0.004790810766336348
0.004759976564977843
0.004728825855157403
0.004697361526069519
0.004665586574805676
0.004633504109817983
0.004601117354169681
0.004568429649035167
0.004535444457176202
0.004502165366549459
0.004468596093851455
0.004434740488240599
0.004400602535143841
0.00436618636000737
0.004331496232149061
0.004296536568748974
0.00426131193863825
0.004225827066482971
0.004190086836792473
0.004154096297905043
0.004117860666274687
0.004081385330459352
0.004044675855409539
0.00400773798660091
0.003970577654258324
0.003933200977600125
0.003895614268971312
0.003857824038076535
0.003819836996225776
0.003781660060382096
0.003743300357341874
0.003704765227846702
0.003666062230466408
0.003627199145689635
0.003588183979665786
0.003549024968111362
0.003509730579807475
0.003470309520299457
0.003430770735160286
0.003391123413386485
0.003351376990241595
0.003311541150418031
0.003271625830519519
0.003231641221502459
0.00319159777101098
0.00315150618511783
0.00311137743014685
0.003071222733740217
0.0030310535860612
0.002990881740238394
0.002950719212557864
0.002910578282345936
0.002870471491154134
0.002830411641671956
0.002790411796076246
0.002750485273704354
0.002710645648398973
0.002670906744964233
0.002631282635246574
0.002591787633296417
0.002552436290067464
0.002513243387101805
0.00247422392976517
0.002435393139336088
0.002396766444405001
0.002358359471425125
0.002320188034300958
0.002282268123101241
0.002244615891571308
0.002207247643926054
0.002170179820299995
0.002133428981434567
0.002097011792034607
0.002060945003030751
0.002025245432849613
0.00198992994725504
0.001955015438298057
0.00192051880180696
0.001886456913879545
0.001852846605967555
0.001819704638906208
0.001787047675640928
0.001754892252881901
0.001723254751263129
0.001692151364751834
0.001661598068633529
0.001631610586433161
0.001602204355906949
0.001573394493819087
0.001545195760090833
0.00151762252052313
0.00149068870946529
0.001464407791002446
0.001438792719972027
0.001413855902376173
0.001389609155296087
0.001366063666561571
0.001343229954311463
0.001321117826450032
0.001299736340273437
0.001279093762476619
0.001259197529557835
0.001240054208795003
0.001221669460269484
0.00120404799969459
0.001187193562587929
0.001171108869945669
0.001155795595351357
0.001141254334154717
0.001127484574648775
0.00111448467142348
0.001102251821407431
0.001090782042579135
0.001080070155463873
0.001070109767870046
0.001060893263029212
0.001052411791119561
0.001044655264441512
0.001037612356625509
0.001031270505627134
0.00102561592100831
0.001020633595355343
0.001016307320144544
0.001012619705845882
0.001009552206608293
0.001007085149454437
0.001005197767810381
0.001003868239683443
0.001003073730072338
0.001002790437779623
0.001002993646529677
0.001003657779987673
0.001004756460912947
0.001006262573966019
0.001008148331948639
0.001010385345595147
0.001012944696073995
0.001015797010564942
0.001018912540021847
0.001022261239120399
0.001025812848023088
0.00102953697546957
0.0010334031828026
0.001037381068771107
0.001041440354322367
0.001045550967163216
0.001049683125781007
0.001053807422177264
0.001057894902980971
0.001061917148583555
0.001065846349789912
0.001069655381239146
0.001073317871741789
0.00107680827034673
0.00108010190837919
0.00108317505656915
0.001086004976969807
0.001088569969523321
0.001090849412513946
0.001092823796952514
0.00109447475447031
0.00109578507841892
0.001096738738163115
0.001097320886257491
0.001097517858636817
0.001097317167580172
0.001096707487721611
-1.242324133325526e-06
-1.67507539922907e-06
-2.115287492562108e-06
-2.56195226695281e-06
-3.014076080130933e-06
-3.470797064846985e-06
-3.931210842839463e-06
-4.394572963082961e-06
-4.860037802514161e-06
-5.327073103871479e-06
-5.795061331551865e-06
-6.263390356943253e-06
-6.731714199487935e-06
-7.199562427355363e-06
-7.666699801707634e-06
-8.132861920419121e-06
-8.597825502897971e-06
-9.061515624827435e-06
-9.523919688927279e-06
-9.984995209729667e-06
-1.044469804978228e-05
-1.090328216980883e-05
-1.136079552767192e-05
-1.18174424477326e-05
-1.227335028599111e-05
-1.272882185849943e-05
-1.318405695742404e-05
-1.363934327520223e-05
-1.409484551075628e-05
-1.455092453059856e-05
-1.500780631053056e-05
-1.546571568702463e-05
-1.592489455051863e-05
-1.638558298147825e-05
-1.684786507279363e-05
-1.731206518258585e-05
-1.777821410998585e-05
-1.824644287642211e-05
-1.871679297434402e-05
-1.918938642402092e-05
-1.966419402977762e-05
-2.014117887235678e-05
-2.062028296579848e-05
-2.110140260471464e-05
-2.158437110158025e-05
-2.206911682929505e-05
-2.255530863087577e-05
-2.304277541335511e-05
-2.353129451196267e-05
-2.402043030804614e-05
-2.451004274758032e-05
-2.499965058464927e-05
-2.548893705704703e-05
-2.597760473670369e-05
-2.646512808278826e-05
-2.69511479343428e-05
-2.743520268839569e-05
-2.791699263248726e-05
-2.839599195152002e-05
-2.887170660074726e-05
-2.934382411392326e-05
-2.98118667183182e-05
-3.027542330062816e-05
-3.073405216420332e-05
-3.118729634277531e-05
-3.163490125896166e-05
-3.207636888471659e-05
-3.251143437336357e-05
-3.293967402532342e-05
-3.336078783814958e-05
-3.377452375366041e-05
-3.418047765934354e-05
-3.457852368663493e-05
-3.496838943793572e-05
-3.534981362810372e-05
-3.572265317486402e-05
-3.608678815285657e-05
-3.644201439198019e-05
-3.678829023069409e-05
-3.71255347827063e-05
-3.745371586132488e-05
-3.777273258552091e-05
-3.808267224145928e-05
-3.838360092250025e-05
-3.867550257880653e-05
-3.895844839756641e-05
-3.923270585499741e-05
-3.949826512592141e-05
-3.975537748351148e-05
-4.000415872801059e-05
-4.024496720661015e-05
-4.047792863398728e-05
-4.070331272928245e-05
-4.092143055697261e-05
-4.113255354985394e-05
-4.13370725212543e-05
-4.153532398884056e-05
-4.172762403286107e-05
-4.191439443371107e-05
-4.209597569947634e-05
-4.227285385230366e-05
-4.244543343576935e-05
-4.261414744384046e-05
-4.277943337183387e-05
-4.294183425318992e-05
-4.310171952511575e-05
-4.325959772628965e-05
-4.341605312486041e-05
-4.357152784688407e-05
-4.372653642558704e-05
-4.388157447215366e-05
-4.40371688751823e-05
-4.41939140940066e-05
-4.435229248712516e-05
-4.45128084642978e-05
-4.467606094671646e-05
-4.484258014847201e-05
-4.501288840109813e-05
-4.518748058525981e-05
-4.536696149961608e-05
-4.555188067601084e-05
-4.574273031482403e-05
-4.594002327515899e-05
-4.614429763485516e-05
-4.635611965927816e-05
-4.657599933530269e-05
-4.680441454512424e-05
-4.704189544075144e-05
-4.728891206939076e-05
-4.754599010580207e-05
-4.781360388077961e-05
-4.809226458675688e-05
-4.838239157716147e-05
-4.868439160115802e-05
-4.899881410911861e-05
-4.932602116725451e-05
-4.966650827566591e-05
-5.002063852250623e-05
-5.038880888521865e-05
-5.077134031649422e-05
-5.116870597240316e-05
-5.158121791185175e-05
-5.20091758566516e-05
-5.245297414930271e-05
-5.291285774725477e-05
-5.338914079623688e-05
-5.388202771676257e-05
-5.439188509926701e-05
-5.491880109796426e-05
-5.546306699384851e-05
-5.602480074179021e-05
-5.660416224502146e-05
-5.720136783219111e-05
-5.78164237347267e-05
-5.844942531830238e-05
-5.910041455455681e-05
-5.976943951063467e-05
-6.045641635062706e-05
-6.116138450054414e-05
-6.188419243301217e-05
-6.262470702022985e-05
-6.338279056858333e-05
-6.41582339459264e-05
-6.495078849510485e-05
-6.576017466524737e-05
-6.658601507642549e-05
-6.742794471348651e-05
-6.828553629724773e-05
-6.915828203740364e-05
-7.004558448682672e-05
-7.094686243035012e-05
-7.186147370060546e-05
-7.278860891862759e-05
-7.372752438088871e-05
-7.467728760403278e-05
-7.563697675866442e-05
-7.660550328683663e-05
-7.758181740856586e-05
-7.856465422391842e-05
-7.955276536730099e-05
-8.054473447957012e-05
-8.15390706709894e-05
-8.253420221473459e-05
-8.352851034721349e-05
-8.452013784140109e-05
-8.550717132446337e-05
-8.648768501126695e-05
-8.745947553892154e-05
-8.842029424324957e-05
-8.936780723297057e-05
-9.029949063458282e-05
-9.121277467348406e-05
-9.210485021297074e-05
-9.297285968775977e-05
-9.381384722770716e-05
-9.462464575181952e-05
-9.540192643230304e-05
-9.614237496888767e-05
-9.684243514046868e-05
-9.749844622369659e-05
-9.810667724189222e-05
-9.866321705034581e-05
-9.916408441966992e-05
-9.960517356193992e-05
-9.998231910188476e-05
-0.0001002912492599479
-0.0001005275763119686
-0.0001006869447922607
-0.0001007648706444965
-0.000100756919437578
-0.0001006585654874004
-0.0001004653631717535
-0.0001001727811618293
-9.977651885636213e-05
-9.927221262944725e-05
-9.865564692352182e-05
-9.792269119917007e-05
-9.706946350140558e-05
-9.609223302163722e-05
-9.498747099434761e-05
-9.375188871258116e-05
-9.238252962006303e-05
-9.087672505112145e-05
-8.923218881550334e-05
-8.744698126945533e-05
-8.551961095927515e-05
-8.344905778762734e-05
-8.123471412264591e-05
-7.887653819623088e-05
-7.637501531310206e-05
-7.373119730118687e-05
-7.094665555865399e-05
-6.802360390656414e-05
-6.496494640324249e-05
-6.177403662585343e-05
-5.845497289810579e-05
-5.50124844918349e-05
-5.145180639620894e-05
-4.777887177268605e-05
-4.40001769860927e-05
-4.012281252363295e-05
-3.615437284633428e-05
-3.210296396419224e-05
-2.797714564188296e-05
-2.378596044665523e-05
-1.953880828935018e-05
-1.524534567161409e-05
-1.091562883430619e-05
-6.559862061030527e-06
-2.188338279996962e-06
2.188338278950682e-06
6.559862063774473e-06
1.091562883405639e-05
1.524534567115567e-05
1.953880828925211e-05
2.378596044726118e-05
2.797714564002602e-05
3.210296396376154e-05
3.615437284698673e-05
4.012281252459285e-05
4.400017698373831e-05
4.777887177493059e-05
5.145180639624835e-05
5.501248449213248e-05
5.845497289616832e-05
6.177403662780505e-05
6.49649464031451e-05
6.802360390616559e-05
7.094665555940809e-05
7.373119730054309e-05
7.637501531405894e-05
7.887653819479616e-05
8.123471412205862e-05
8.344905778660718e-05
8.551961095954709e-05
8.744698127073554e-05
8.923218881577193e-05
9.08767250516307e-05
9.238252961881115e-05
9.37518887129266e-05
9.498747099393464e-05
9.609223302059573e-05
9.706946350397376e-05
9.792269119701018e-05
9.865564692452823e-05
9.927221262791484e-05
9.977651885796946e-05
0.0001001727811599486
0.0001004653631739192
0.000100658565485695
0.0001007569194377584
0.0001007648706451794
0.0001006869447940751
0.0001005275763121709
0.0001002912492594391
9.998231910116615e-05
9.960517356045836e-05
9.916408442232318e-05
9.8663217047927e-05
9.81066772435543e-05
9.74984462233252e-05
9.684243513978388e-05
9.614237496854042e-05
9.540192643225467e-05
9.462464575349506e-05
9.381384722880371e-05
9.297285968550055e-05
9.21048502131448e-05
9.121277467643394e-05
9.02994906333346e-05
8.936780723240134e-05
8.842029424511537e-05
8.745947553897333e-05
8.648768501183125e-05
8.550717132275892e-05
8.452013784277956e-05
8.3528510347986e-05
8.253420221456056e-05
8.153907067070824e-05
8.054473448023892e-05
7.955276536491855e-05
7.856465422550843e-05
7.758181740623172e-05
7.66055032891031e-05
7.563697675802003e-05
7.467728760272102e-05
7.372752438106283e-05
7.278860891660394e-05
7.186147369994782e-05
7.094686243006365e-05
7.004558448910388e-05
6.915828203703403e-05
6.828553629707553e-05
6.742794471243957e-05
6.658601507808116e-05
6.576017466607004e-05
6.495078849270684e-05
6.415823394569625e-05
6.338279056932518e-05
6.262470701953832e-05
6.188419243497181e-05
6.11613845009914e-05
6.045641635129113e-05
5.976943950939415e-05
5.910041455538285e-05
5.844942532031141e-05
5.781642373143083e-05
5.720136783357447e-05
5.66041622454233e-05
5.602480074162251e-05
5.54630669944602e-05
5.49188010956041e-05
5.439188510213937e-05
5.388202771626874e-05
5.338914079479322e-05
5.291285774656167e-05
5.245297415088795e-05
5.200917585724197e-05
5.158121791250262e-05
5.116870597205651e-05
5.077134031487645e-05
5.038880888527886e-05
5.002063852315896e-05
4.966650827458917e-05
4.932602116855674e-05
4.89988141079118e-05
4.868439159996668e-05
4.838239157750671e-05
4.809226458560616e-05
4.781360388384142e-05
4.754599010458216e-05
4.728891206905662e-05
4.704189544197858e-05
4.680441454459897e-05
4.657599933359541e-05
4.635611965883008e-05
4.614429763398892e-05
4.594002327653734e-05
4.574273031631773e-05
4.555188067607094e-05
4.536696149932256e-05
4.518748058349018e-05
4.501288840181971e-05
4.484258015008141e-05
4.467606094522959e-05
4.451280846464457e-05
4.435229248743052e-05
4.419391409267102e-05
4.40371688763112e-05
4.388157447131771e-05
4.372653642407018e-05
4.357152784934569e-05
4.34160531218611e-05
4.325959772561275e-05
4.310171952681325e-05
4.294183425466557e-05
4.277943336948313e-05
4.261414744457351e-05
4.2445433434391e-05
4.22728538537721e-05
4.209597569828505e-05
4.191439443596056e-05
4.172762403176797e-05
4.153532398658665e-05
4.133707252022188e-05
4.113255355166854e-05
4.092143055625146e-05
4.070331273090048e-05
4.047792863247593e-05
4.024496720692421e-05
4.000415872641426e-05
3.975537748451716e-05
3.949826512532765e-05
3.923270585491076e-05
3.89584483978019e-05
3.867550257842081e-05
3.838360092459358e-05
3.808267224152459e-05
3.777273258509737e-05
3.745371586117395e-05
3.7125534783189e-05
3.678829023256979e-05
3.644201439133719e-05
3.6086788153228e-05
3.57226531729952e-05
3.534981362832903e-05
3.496838943976752e-05
3.457852368520338e-05
3.418047765848927e-05
3.377452375522133e-05
3.336078783740667e-05
3.293967402513261e-05
3.251143437393699e-05
3.207636888328037e-05
3.163490125818009e-05
3.118729634379478e-05
3.073405216446165e-05
3.027542329937006e-05
2.981186671984912e-05
2.93438241123355e-05
2.887170660085301e-05
2.839599195414272e-05
2.791699263219422e-05
2.74352026889648e-05
2.69511479340403e-05
2.646512808108706e-05
2.59776047378276e-05
2.548893705770657e-05
2.499965058365885e-05
2.451004274903496e-05
2.402043030863192e-05
2.353129451203893e-05
2.304277541299908e-05
2.255530863099631e-05
2.206911682819159e-05
2.1584371101764e-05
2.110140260684611e-05
2.062028296539929e-05
2.014117887201506e-05
1.966419402977082e-05
1.918938642389037e-05
1.871679297492592e-05
1.824644287641003e-05
1.777821411036714e-05
1.731206518026013e-05
1.684786507237667e-05
1.638558298196565e-05
1.592489454994015e-05
1.546571568673491e-05
1.500780631271512e-05
1.455092452927036e-05
1.409484551118752e-05
1.363934327623439e-05
1.318405695530019e-05
1.272882185911277e-05
1.227335028513562e-05
1.181744244829703e-05
1.136079552793858e-05
1.090328217037657e-05
1.044469804959932e-05
9.984995207630489e-06
9.523919689539311e-06
9.061515625098811e-06
8.597825503694968e-06
8.132861919327383e-06
7.666699802134919e-06
7.199562425760908e-06
6.73171419904348e-06
6.263390357351956e-06
5.795061332728495e-06
5.327073104145721e-06
4.860037803062509e-06
4.394572962537023e-06
3.93121084089381e-06
3.470797066283573e-06
3.014076079329301e-06
2.56195226680937e-06
2.11528749370811e-06
1.67507539680295e-06
1.242324133433296e-06
8.181087239208216e-07
4.035210279745925e-07
-3.11395693844245e-10
-3.92232510512409e-07
-7.71073642509459e-07
-1.135634208279462e-06
-1.484778772912804e-06
-1.817264033360103e-06
-2.131929222645766e-06
-2.427662194886973e-06
-2.703285317146758e-06
-2.957763274004919e-06
-3.18996883990854e-06
-3.398937817440564e-06
-3.583651093387412e-06
-3.743214628075222e-06
-3.87685751341107e-06
-3.983604097890003e-06
-4.06299533668337e-06
-4.114141301336674e-06
-4.136590046882165e-06
-4.129787412459739e-06
-4.093439180166019e-06
-4.027031829487919e-06
-3.930469972660193e-06
-3.803507203236209e-06
-3.646098380098259e-06
-3.45823545241889e-06
-3.240004081797583e-06
-2.991572357231989e-06
-2.713227414781545e-06
-2.405286705904652e-06
-2.068133125526656e-06
-1.702314071146875e-06
-1.308337523460917e-06
-8.869508550881527e-07
-4.387764119737601e-07
3.543898997876308e-08
5.348420574875453e-07
1.058507098182526e-06
1.605570026647069e-06
2.1748944555421e-06
2.76556852293712e-06
3.376462484688705e-06
4.006559404832436e-06
4.654618810837627e-06
5.319476175431545e-06
5.999926317799289e-06
6.694850374805851e-06
7.402895382554255e-06
8.12291618453243e-06
8.853677164506914e-06
9.593910483113614e-06
1.034234777398047e-05
1.109777495625271e-05
1.185909597887946e-05
1.262492183654349e-05
1.339410692923648e-05
1.416562100601423e-05
1.493815798010651e-05
1.571058430451573e-05
1.648196534067675e-05
1.72510813842903e-05
1.80170386991222e-05
1.877861777861276e-05
1.953511583044509e-05
2.028544125940793e-05
2.102876920702355e-05
2.176422926248648e-05
2.249099162677728e-05
2.320832582516687e-05
2.391549921190215e-05
2.461177189480275e-05
2.529653871444261e-05
2.596918812799583e-05
2.662915258280025e-05
2.72759021729026e-05
2.790886900991968e-05
2.852771696507578e-05
2.913194069020363e-05
2.972130384024669e-05
3.029521411514129e-05
3.0853685623073e-05
3.139620414706462e-05
3.192257676567608e-05
3.243277005768544e-05
3.292646474430119e-05
3.340342549504078e-05
3.386374249230882e-05
3.430729910647651e-05
3.473390083028377e-05
3.514360318569991e-05
3.553643836140129e-05
3.591232315500688e-05
3.627142276218213e-05
3.661364653434227e-05
3.693923052251928e-05
3.724810699755728e-05
3.754048115934851e-05
3.781651597570226e-05
3.807628042584938e-05
3.831996762338311e-05
3.854766285793499e-05
3.875972952695627e-05
3.89561945976819e-05
3.913743301945456e-05
3.930339850988982e-05
3.945453546068358e-05
3.959095997147116e-05
3.971293026659787e-05
3.982074980146502e-05
3.991461198968704e-05
3.99946884690546e-05
4.006142430822329e-05
4.011483873715911e-05
4.015530713754037e-05
4.018321807944172e-05
4.019865431937101e-05
4.02018957789167e-05
4.019330299286626e-05
4.017297633841278e-05
4.014136621256201e-05
4.009865695840537e-05
4.004506157003528e-05
3.998089175275605e-05
3.990637345190163e-05
3.98218760510104e-05
3.972745900463299e-05
3.962351100930557e-05
3.95102508861335e-05
3.938793432774021e-05
3.925675212268522e-05
3.911705499147577e-05
3.896887968870493e-05
3.881267471114505e-05
3.864851238619398e-05
3.847674061413213e-05
3.829751445651405e-05
3.811099660262622e-05
3.791747524680501e-05
3.771707162283575e-05
3.751011275136988e-05
3.729676999044988e-05
3.707715480571192e-05
3.685153434741936e-05
3.66200678620963e-05
3.638291052926969e-05
3.614029867115185e-05
3.589237674541084e-05
3.563933332296384e-05
3.538130603173882e-05
3.511849113661361e-05
3.485109440799642e-05
3.457905068195255e-05
3.430273586633683e-05
3.402222614035076e-05
3.373771387762527e-05
3.344918183072174e-05
3.315691706788816e-05
3.286096688771169e-05
3.256154447520902e-05
3.22586303284669e-05
3.195250772322861e-05
3.164318053977609e-05
3.133081221484016e-05
3.101545296438092e-05
3.06973339658651e-05
3.0376466909255e-05
3.005296345035083e-05
2.972689922465504e-05
2.939837034658129e-05
2.906758315666244e-05
2.873440807253384e-05
2.839914633100216e-05
2.806174883622056e-05
2.772230908647385e-05
2.738097755001324e-05
2.703771632808863e-05
2.669273383991294e-05
2.634598183723361e-05
2.599759225630494e-05
2.564767479918656e-05
2.529616301835032e-05
2.494324674960641e-05
2.458877057640117e-05
2.423313042076685e-05
2.387606990681546e-05
2.35178291699718e-05
2.315838131198452e-05
2.279776229605277e-05
2.24361294640675e-05
2.207344479183241e-05
2.170966325440386e-05
2.134505011993341e-05
2.097943415776165e-05
2.061293113880815e-05
2.024560463168368e-05
1.987746187595405e-05
1.950852853409697e-05
1.913893317536099e-05
1.876854524425791e-05
1.839748800380294e-05
1.802584636624315e-05
1.765362855205181e-05
1.728072011583454e-05
1.690732709006652e-05
1.653333738562069e-05
1.615894295499729e-05
1.578395444670481e-05
1.540849051970845e-05
1.503265696625939e-05
1.465651050803551e-05
1.427972201365882e-05
1.390273953579608e-05
1.352531766906211e-05
1.314761638571852e-05
1.27695021168607e-05
1.239115429475432e-05
1.201247517085788e-05
1.163353115888576e-05
1.125431451152029e-05
1.087479332059461e-05
1.049508798987189e-05
1.011524889163435e-05
9.735092092055215e-06
9.354762563436352e-06
8.974233090594243e-06
8.593565578061792e-06
8.21269057050497e-06
7.831651511701915e-06
7.450430073248781e-06
7.069213980366096e-06
6.687729428648693e-06
6.306189146629461e-06
5.924535291485277e-06
5.542793996210677e-06
5.160915900681765e-06
4.778917730688319e-06
4.396884591201063e-06
4.014775624529172e-06
3.632623599576996e-06
3.25036280404098e-06
2.868056541932778e-06
2.485798370714729e-06
2.103490360744843e-06
1.721033522587453e-06
1.338646428644477e-06
9.562149654489673e-07
5.737571479370865e-07
1.912507631820498e-07
-1.91250761448685e-07
-5.737571507273668e-07
-9.562149664421797e-07
-1.338646427899304e-06
-1.721033522130875e-06
-2.103490360347691e-06
-2.485798368914772e-06
-2.868056541817073e-06
-3.25036280390113e-06
-3.632623601774397e-06
-4.014775622329857e-06
-4.396884592874919e-06
-4.778917729509669e-06
-5.160915901434886e-06
-5.542793992601798e-06
-5.924535293433575e-06
-6.306189145698463e-06
-6.687729428837013e-06
-7.069213982403753e-06
-7.450430071924157e-06
-7.831651513081847e-06
-8.212690567650469e-06
-8.593565577440266e-06
-8.974233090018667e-06
-9.354762562573639e-06
-9.735092093538105e-06
-1.011524889114998e-05
-1.049508798969841e-05
-1.087479331916157e-05
-1.125431451204068e-05
-1.16335311580959e-05
-1.20124751693816e-05
-1.239115429695806e-05
-1.276950211666128e-05
-1.3147616388349e-05
-1.35253176668618e-05
-1.390273953758322e-05
-1.42797220114277e-05
-1.465651050886781e-05
-1.50326569640591e-05
-1.540849051959509e-05
-1.578395444681306e-05
-1.615894295673965e-05
-1.653333738394577e-05
-1.690732709027364e-05
-1.728072011574499e-05
-1.765362855103869e-05
-1.8025846367543e-05
-1.839748800151926e-05
-1.876854524490453e-05
-1.913893317540149e-05
-1.950852853344035e-05
-1.987746187361779e-05
-2.024560463199742e-05
-2.061293113932299e-05
-2.097943415798703e-05
-2.134505011756381e-05
-2.170966325443316e-05
-2.207344479410726e-05
-2.243612946289757e-05
-2.279776229566023e-05
-2.315838131433266e-05
-2.351782917048076e-05
-2.387606990729587e-05
-2.423313041844731e-05
-2.458877057828242e-05
-2.494324674932961e-05
-2.529616301907587e-05
-2.564767479888214e-05
-2.599759225578759e-05
-2.634598183544034e-05
-2.669273384078605e-05
-2.703771632627536e-05
-2.738097755102526e-05
-2.772230908660184e-05
-2.806174883583025e-05
-2.839914633181949e-05
-2.873440807012401e-05
-2.906758315678393e-05
-2.939837034689904e-05
-2.972689922636499e-05
-3.005296344898452e-05
-3.037646691033438e-05
-3.069733396499996e-05
-3.101545296552456e-05
-3.133081221512831e-05
-3.164318053686522e-05
-3.195250772422526e-05
-3.225863032830999e-05
-3.256154447343307e-05
-3.286096688836983e-05
-3.315691706864789e-05
-3.344918183147488e-05
-3.373771387594584e-05
-3.402222614102307e-05
-3.430273586816379e-05
-3.457905067982069e-05
-3.485109440984948e-05
-3.511849113477548e-05
-3.538130603287116e-05
-3.563933332217036e-05
-3.589237674283185e-05
-3.614029867222358e-05
-3.63829105284895e-05
-3.662006786085551e-05
-3.685153434828029e-05
-3.707715480714927e-05
-3.729676998905025e-05
-3.751011275201742e-05
-3.771707162362022e-05
-3.791747524350164e-05
-3.811099660352174e-05
-3.829751445641615e-05
-3.847674061323859e-05
-3.864851238705798e-05
-3.881267471124032e-05
-3.896887968708903e-05
-3.911705499111257e-05
-3.925675212127159e-05
-3.938793433009107e-05
-3.951025088445005e-05
-3.962351100909421e-05
-3.972745900600139e-05
-3.98218760507288e-05
-3.990637345103883e-05
-3.998089175302045e-05
-4.004506156902348e-05
-4.009865695972959e-05
-4.014136621239234e-05
-4.017297633790197e-05
-4.019330299338545e-05
-4.020189577760706e-05
-4.019865431931304e-05
-4.018321808098959e-05
-4.015530713722296e-05
-4.011483873674605e-05
-4.006142430829616e-05
-3.999468846804068e-05
-3.991461198997147e-05
-3.982074980027087e-05
-3.971293026527508e-05
-3.959095997455497e-05
-3.945453545791778e-05
-3.930339851055134e-05
-3.913743301966523e-05
-3.895619459789923e-05
-3.875972952572066e-05
-3.854766285779411e-05
-3.831996762280241e-05
-3.807628042518453e-05
-3.781651597509703e-05
-3.754048116074913e-05
-3.724810699820434e-05
-3.693923051991184e-05
-3.661364653509782e-05
-3.62714227625899e-05
-3.591232315498425e-05
-3.553643836179578e-05
-3.514360318553991e-05
-3.473390083086011e-05
-3.430729910588394e-05
-3.386374249279164e-05
-3.340342549645699e-05
-3.292646474428127e-05
-3.243277005765557e-05
-3.192257676519936e-05
-3.139620414892313e-05
-3.085368562407795e-05
-3.029521411411504e-05
-2.972130384019258e-05
-2.913194069086925e-05
-2.852771696716398e-05
-2.790886900870667e-05
-2.72759021742701e-05
-2.662915258107114e-05
-2.596918812865226e-05
-2.529653871614966e-05
-2.461177189341625e-05
-2.39154992109403e-05
-2.320832582758063e-05
-2.249099162701205e-05
-2.176422926200196e-05
-2.10287692081421e-05
-2.02854412580669e-05
-1.953511582991827e-05
-1.877861777799306e-05
-1.801703869851878e-05
-1.725108138353395e-05
-1.648196534216239e-05
-1.571058430244248e-05
-1.493815798035704e-05
-1.416562100854431e-05
-1.339410693000255e-05
-1.262492183640638e-05
-1.185909597861492e-05
-1.10977749546891e-05
-1.034234777340734e-05
-9.593910483342245e-06
-8.853677163777436e-06
-8.12291618560701e-06
-7.402895381284681e-06
-6.694850375175293e-06
-5.999926318096929e-06
-5.319476175448079e-06
-4.65461880967932e-06
-4.006559404943973e-06
-3.376462486110338e-06
-2.765568522262286e-06
-2.174894454988236e-06
-1.605570025930086e-06
-1.058507097713879e-06
-5.348420571898776e-07
-3.543899035332782e-08
4.387764120479466e-07
8.869508559963889e-07
1.308337524081853e-06
1.702314070695291e-06
2.068133125788233e-06
2.405286706459065e-06
2.713227413265444e-06
2.991572359182479e-06
3.240004081129202e-06
3.458235453042073e-06
3.646098381631006e-06
3.803507202188619e-06
3.930469973556109e-06
4.027031829911422e-06
4.093439179950615e-06
4.129787410750196e-06
4.136590046228635e-06
4.114141303144202e-06
4.06299533590494e-06
3.983604097633454e-06
3.876857512301172e-06
3.743214629416597e-06
3.583651092785138e-06
3.398937818521622e-06
3.189968839895421e-06
2.957763273688169e-06
2.703285315325949e-06
2.427662195762955e-06
2.13192922193003e-06
1.817264033403959e-06
1.484778773470246e-06
1.13563420698487e-06
7.710736434358013e-07
3.922325105811745e-07
3.113951366727485e-10
-4.035210264087877e-07
-8.181087249523045e-07
0
