-0.002166415765942151
-0.00220047068658005
-0.00223449530985916
-0.002268488851618726
-0.002302450508051008
-0.002336379456421385
-0.002370274855280277
-0.002404135844971184
-0.002437961548169704
-0.002471751070133974
-0.002505503499257243
-0.002539217907476122
-0.002572893350618257
-0.002606528868727492
-0.002640123486676068
-0.002673676214343528
-0.002707186047125892
-0.002740651966093491
-0.002774072938595089
-0.002807447918603777
-0.002840775846695745
-0.002874055651008445
-0.002907286247009896
-0.002940466538013773
-0.002973595415707591
-0.003006671760218604
-0.003039694440472925
-0.003072662314629856
-0.003105574230117153
-0.003138429024208089
-0.003171225524246189
-0.003203962547733199
-0.003236638902817396
-0.00326925338855834
-0.003301804795021078
-0.003334291903737063
-0.003366713487843616
-0.003399068312359262
-0.003431355134546342
-0.003463572703907948
-0.003495719762684314
-0.003527795046013016
-0.003559797282056986
-0.003591725192318591
-0.003623577491899434
-0.003655352889657706
-0.003687050088445194
-0.003718667785348669
-0.003750204671797191
-0.003781659433927556
-0.003813030752704857
-0.003844317304029036
-0.003875517759143271
-0.003906630784600462
-0.003937655042579735
-0.00396858919116533
-0.003999431884242391
-0.004030181771901381
-0.004060837500705199
-0.004091397713466066
-0.00412186104995798
-0.004152226146500984
-0.004182491636659591
-0.004212656151040879
-0.004242718317619393
-0.004272676761954043
-0.004302530106996674
-0.004332276973767343
-0.004361915981084263
-0.004391445745851032
-0.004420864883312838
-0.004450172006949645
-0.004479365728898879
-0.004508444659837254
-0.004537407409361687
-0.004566252585860778
-0.004594978796872485
-0.004623584649132932
-0.004652068748589496
-0.004680429700712958
-0.004708666110492048
-0.004736776582675821
-0.004764759721749736
-0.004792614132119928
-0.004820338418242441
-0.004847931184698372
-0.004875391036386267
-0.004902716578472505
-0.004929906416737145
-0.004956959157424046
-0.004983873407519882
-0.00501064777477987
-0.005037280867876814
-0.005063771296462087
-0.00509011767124861
-0.005116318604181242
-0.00514237270850465
-0.005168278598690131
-0.005194034890879466
-0.005219640202622905
-0.005245093153157424
-0.005270392363434749
-0.005295536456271353
-0.005320524056338174
-0.005345353790286143
-0.00537002428691128
-0.005394534177042856
-0.005418882093782629
-0.005443066672534644
-0.005467086551062466
-0.005490940369625401
-0.00551462677098611
-0.005538144400468946
-0.005561491906095152
-0.005584667938659806
-0.005607671151680759
-0.005630500201631659
-0.005653153747871143
-0.0056756304528047
-0.005697928981897691
-0.005720048003733152
-0.005741986190042766
-0.00576374221592442
-0.005785314759701804
-0.005806702503081261
-0.00582790413122831
-0.005848918332740224
-0.005869743799818694
-0.005890379228196555
-0.005910823317334267
-0.005931074770276453
-0.005951132293890577
-0.005970994598898306
-0.005990660399640053
-0.006010128414662634
-0.006029397366253544
-0.006048465980702399
-0.006067332988390854
-0.006085997123781374
-0.006104457125347065
-0.00612271173585827
-0.006140759702220886
-0.006158599775553334
-0.006176230711306839
-0.006193651269295034
-0.006210860213598344
-0.006227856312715433
-0.006244638339596544
-0.006261205071708265
-0.006277555290894975
-0.006293687783625435
-0.006309601340931516
-0.006325294758324221
-0.006340766836176088
-0.006356016379358844
-0.006371042197383323
-0.006385843104636961
-0.006400417920113066
-0.006414765467651198
-0.006428884575893804
-0.006442774078263369
-0.006456432813055389
-0.006469859623478343
-0.006483053357532065
-0.00649601286821676
-0.006508737013535864
-0.006521224656325744
-0.006533474664434471
-0.006545485910806351
-0.006557257273312017
-0.006568787634905138
-0.006580075883633863
-0.006591120912551148
-0.006601921619869842
-0.006612476908961893
-0.006622785688124662
-0.006632846871086278
-0.006642659376477992
-0.006652222128259677
-0.006661534055600678
-0.00667059409279336
-0.006679401179309109
-0.006687954259981873
-0.00669625228486466
-0.006704294209111974
-0.006712078993263796
-0.006719605603201273
-0.00672687301004978
-0.006733880190154409
-0.006740626125197946
-0.006747109802283329
-0.00675333021370194
-0.006759286357280691
-0.006764977235940915
-0.006770401858188095
-0.006775559237838144
-0.006780448393974848
-0.00678506835117881
-0.006789418139475168
-0.006793496794184467
-0.006797303356079778
-0.006800836871386805
-0.006804096391716592
-0.006807080974213904
-0.006809789681394843
-0.006812221581285727
-0.006814375747365642
-0.006816251258609151
-0.006817847199483074
-0.006819162659999567
-0.006820196735608034
-0.006820948527416774
-0.006821417141958935
-0.006821601691381536
-0.006821501293432901
-0.006821115071356899
-0.006820442154153833
-0.006819481676368814
-0.006818232778025781
-0.006816694605160872
-0.006814866309146819
-0.006812747047244747
-0.006810335982380707
-0.006807632283270863
-0.006804635124296412
-0.006801343685737158
-0.006797757153625247
-0.006793874719972602
-0.006789695582471945
-0.006785218944858432
-0.006780444016810752
-0.006775370014041707
-0.00676999615816767
-0.006764321676897011
-0.006758345804178381
-0.006752067780033616
-0.006745486850578665
-0.006738602268418868
-0.00673141329227649
-0.006723919187344177
-0.006716119225214692
-0.006708012683945265
-0.00669959884826643
-0.006690877009362359
-0.006681846465285133
-0.006672506520760429
-0.006662856487529113
-0.006652895684089392
-0.006642623436145026
-0.006632039076479542
-0.006621141945159695
-0.006609931389505849
-0.006598406764458816
-0.006586567432424193
-0.00657441276356065
-0.006561942135838743
-0.006549154935217021
-0.006536050555797713
-0.006522628399893097
-0.00650888787825547
-0.006494828410167554
-0.006480449423838341
-0.006465750356222887
-0.006450730653462233
-0.006435389771066698
-0.006419727173998268
-0.006403742337016793
-0.006387434744839996
-0.006370803892339839
-0.006353849284839376
-0.006336570438468374
-0.006318966880181294
-0.006301038148265332
-0.006282783792512681
-0.006264203374629892
-0.006245296468368505
-0.006226062659987893
-0.006206501548767849
-0.006186612746928342
-0.0061663958803591
-0.006145850588964217
-0.00612497652696305
-0.006103773363327783
-0.006082240782293953
-0.006060378483817509
-0.006038186183924792
-0.006015663615316231
-0.005992810527937491
-0.005969626689325142
-0.005946111885332994
-0.00592226592068932
-0.005898088619506463
-0.005873579825872968
-0.005848739404790963
-0.005823567242480811
-0.005798063247186286
-0.005772227350205957
-0.005746059506141304
-0.005719559693997273
-0.00569272791791905
-0.005665564208049685
-0.005638068621345382
-0.005610241242482886
-0.005582082184871211
-0.005553591591440913
-0.005524769635891408
-0.005495616523487339
-0.005466132492260039
-0.00543631781404477
-0.005406172795777361
-0.005375697780424103
-0.00534489314837785
-0.005313759318738353
-0.005282296750514216
-0.005250505944063739
-0.005218387442410672
-0.005185941832758115
-0.005153169747858947
-0.005120071867736756
-0.005086648921042857
-0.005052901686898069
-0.00501883099638346
-0.004984437734297319
-0.004949722841168794
-0.004914687314728272
-0.004879332212045806
-0.004843658651467449
-0.004807667814419324
-0.004771360947649322
-0.004734739365356301
-0.004697804451090203
-0.004660557660284748
-0.004623000522361869
-0.004585134643196125
-0.004546961707334254
-0.00450848348063251
-0.004469701812676333
-0.004430618639401744
-0.004391235985701639
-0.004351555968112456
-0.004311580797696358
-0.004271312782634188
-0.004230754331291327
-0.004189907955046103
-0.004148776271366442
-0.004107362006650466
-0.004065667999629422
-0.004023697204188933
-0.003981452692868661
-0.003938937659821248
-0.003896155424346443
-0.003853109434016462
-0.003809803268218503
-0.003766240641466102
-0.003722425406829597
-0.003678361559481083
-0.003634053240192161
-0.003589504738724704
-0.003544720497429785
-0.00349970511489985
-0.003454463349218173
-0.0034090001219237
-0.003363320521115592
-0.003317429805132252
-0.003271333406117728
-0.003225036933309612
-0.003178546176565598
-0.003131867109569903
-0.003085005893266926
-0.003037968878926087
-0.002990762611316025
-0.002943393831699961
-0.002895869480803017
-0.002848196701423742
-0.002800382841195648
-0.002752435455006937
-0.002704362307249264
-0.002656171373996575
-0.002607870844839471
-0.002559469124555556
-0.002510974834467653
-0.002462396813761156
-0.00241374412008825
-0.002365026030323059
-0.002316252040758704
-0.002267431866812511
-0.002218575442699993
-0.002169692920409172
-0.00212079466839396
-0.002071891269863645
-0.002022993520374445
-0.001974112425151027
-0.001925259195849025
-0.001876445246652031
-0.001827682189850643
-0.001778981830915119
-0.001730356162843832
-0.001681817359776707
-0.001633377770199879
-0.001585049909122065
-0.001536846449882371
-0.001488780214999905
-0.001440864166250932
-0.001393111394080841
-0.001345535106204229
-0.00129814861543375
-0.0012509653265869
-0.001203998722693215
-0.001157262350277426
-0.001110769804010174
-0.001064534710272357
-0.001018570710308866
-0.0009728914419586485
-0.000927510521350917
-0.0008824415233225442
-0.0008376979613181586
-0.000793293266551999
-0.0007492407665892445
-0.0007055536632102567
-0.0006622450098039323
-0.0006193276884321553
-0.0005768143860998753
-0.0005347175711073544
-0.0004930494688773837
-0.0004518220378409697
-0.0004110469450305416
-0.0003707355419386277
-0.0003308988405453818
-0.0002915474894536565
-0.0002526917507583832
-0.0002143414771891513
-0.0001765060902165481
-0.0001391945589262074
-0.0001024153798495392
-6.617655825010482e-05
-3.048559047654767e-05
4.650552152925085e-06
3.922543736556991e-05
7.323318463847142e-05
0.0001066684756084015
0.0001395265622244042
0.0001718032728312388
0.0002034950155713135
0.0002345987792916481
0.0002651121316509103
0.0002950332144800415
0.0003243607362150699
0.0003530939614027934
0.0003812326970500306
0.0004087772760553131
0.0004357285376301594
0.0004620878046839839
0.0004878568582870669
0.0005130379093893534
0.000537633567882429
0.0005616468088948307
0.0005850809373405138
0.000607939549901492
0.0006302264954950697
0.0006519458343009865
0.0006731017957003755
0.000693698735492572
0.0007137410927855676
0.0007332333471496907
0.000752179976301738
0.0007705854149182155
0.0007884540150714496
0.0008057900087573946
0.0008225974728830239
0.0008388802976375756
0.0008546421580683951
0.0008698864899724882
0.0008846164701653529
0.0008988350015186899
0.0009125447032895992
0.0009257479069703644
0.0009384466578633741
0.0009506427225604287
0.0009623376026419744
0.000973532554203671
0.0009842286136716384
0.0009944266295074202
0.001004127299654261
0.001013331214475195
0.001022038904865526
0.001030250895142611
0.001037967760098857
0.001045190185728411
0.001051919033218953
0.001058155405204401
0.001063900713747253
0.00106915674947253
0.001073925750916236
0.001078210473257986
0.001082014256007019
0.001085341088546061
0.001088195673165141
0.001090583484476513
0.001092510825091232
0.001093984876395235
0.001095013744369918
0.001095606499802037
0.001095773212274292
0.001095524978060891
0.001094873941168199
0.001093833307726313
0.001092417353393816
0.00109064142384482
0.001088521928202363
0.001086076325843572
0.001083323106348279
0.001080281762979217
0.001076972760035571
0.001073417494275308
0.001069638250659028
0.00106565815307314
0.00106150111022295
0.001057191756942064
0.001052755392084056
0.001048217912425581
0.001043605743834624
0.001038945770024781
0.001034265258934229
0.001029591787697695
0.001024953166462162
0.00102037736141586
0.001015892417472635
0.001011526381325452
0.001007307224621971
0.001003262768591485
0.0009994206093870564
0.0009958080454973393
0.0009924520067581518
0.0009893789858862526
0.0009866149723056525
0.000984185389112852
0.0009821150325332391
0.000980428015224868
0.0009791477124529294
0.0009782967123762919
0.0009778967696233809
0.0009779687630434197
0.0009785326572456174
0.0009796074682262605
0.0009812112330628898
0.0009833609836539558
0.0009860727246545579
0.0009893614153783871
0.0009932409559109928
0.0009977241769518052
0.001002822833908236
0.001008547604476067
0.001014908090178994
0.001021912821398453
0.001029569265784717
0.001037883840185568
0.001046861925561469
0.001056507884931541
0.001066825084192518
0.001077815915440478
0.001089481823061339
0.001101823331705597
0.001114840076610346
0.001128530835891082
0.001142893564237903
0.001157925428565513
0.001173622844648314
0.001189981515257379
0.001206996469064733
0.001224662100494621
0.00124297221030059
0.00126192004659796
0.001281498346271541
0.001301699376673349
0.001322514977382123
0.001343936601911866
0.001365955359301806
0.001388562055410158
0.001411747233910219
0.001435501216720436
0.001459814143881353
0.001484676012883672
0.001510076717193822
0.001536006083920135
0.001562453910820819
0.00158941000219035
0.001616864203888096
0.001644806437432309
0.001673226732808178
0.001702115260377469
0.001731462361729664
0.001761258579203797
0.001791494684487034
0.001822161705767495
0.00185325095401196
0.001884754047831784
0.001916662937293786
0.001948969926469223
0.001981667694862895
0.002014749317628167
0.002048208284595918
0.002082038518170875
0.002116234390152496
0.002150790737240072
0.002185702875678799
0.002220966614564859
0.002256578268188364
0.002292534667453277
0.002328833169992118
0.002365471669344926
0.002402448603470376
0.00243976296171683
0.002477414291349848
0.002515402702903661
0.002553728874605885
0.002592394056218786
0.002631400071592765
0.002670749320732914
0.002710444780907476
0.002750490006967128
0.002790889130838178
0.002831646860537247
0.00287276847799024
0.002914259836553351
0.002956127357483289
0.002998378026079608
0.003041019386760197
0.003084059537737439
0.003127507124863442
0.003171371334901016
0.003215661888117445
0.003260389030213226
0.003305563523542725
0.00335119663781652
0.00339730013991495
0.00344388628327002
0.003490967796340005
0.003538557870555739
0.003586670147428442
0.003635318705009964
0.003684518043479563
0.003734283070122388
0.003784629083326877
0.003835571755696944
0.003887127116616207
0.003939311533425733
0.003992141691995051
0.004045634576063132
0.004099807445714415
0.004154677814481797
0.004210263425540866
0.004266582226489251
0.004323652342898635
0.004381492050474727
0.004440119745788066
0.004499553915419474
0.004559813103621827
0.00462091587815671
0.004682880794478154
0.004745726357909259
0.004809470983953406
0.004874132956543592
0.004939730384016379
0.005006281152872001
0.00507380287918365
0.005142312857466217
0.005211828006904116
0.005282364814896801
0.005353939277730897
0.005426566838393595
0.005500262321141433
0.005575039862961855
0.005650912841856676
0.005727893801585084
0.005805994372837305
0.005885225191020268
0.005965595810192717
0.006047114613255924
0.006129788718308759
0.006213623881208838
0.00629862439402506
0.006384792979672519
0.006472130682605756
0.006560636755500125
0.006650308542069506
0.006741141356216721
0.006833128357364439
0.006926260422364243
0.007020526013987966
0.007115911046478358
0.007212398748154634
0.007309969521681038
0.007408600802262223
0.007508266914262152
0.00760893892677209
0.007710584508923422
0.007813167785119628
0.007916649191666429
0.008020985335117026
0.008126128853380734
0.008232028280801171
0.008338627918193821
0.008445867708978056
0.008553683122807626
0.008662005048179584
0.008770759695385846
0.008879868511186609
0.008989248107270961
0.009098810203974666
0.009208461590798779
0.009318104106130407
0.009427634637308502
0.009536945143485447
0.009645922702716775
0.009754449585424476
0.009862403355642703
0.009969657002139306
0.01007607910064224
0.01018153400882428
0.01028588209526968
0.0103889800032775
0.01049068095081622
0.01059083506648954
0.01068928976230388
0.01078589014300137
0.01088047945104411
0.01097289954714335
0.01106299142420949
0.011150595753551
0.01123555346071675
0.01131770632853171
0.01139689762406038
0.01147297274586895
0.01154577988751298
0.01161517071284714
0.01168100103826543
0.01174313151652401
0.01180142831686642
0.01185576379559563
0.01190601715122148
0.01195207505832683
0.01199383227400506
0.01203119221109682
0.01206406747261663
0.01209238034177955
0.0121160632224498
0.01213505902570996
0.01214932149789696
0.01215881548686146
0.01216351714353657
0.01216341405628372
0.01215850531693595
0.01214880151716585
0.01213432467606073
0.01211510809888706
0.01209119616931648
0.01206264407663809
0.01202951748197765
0.01199189212602233
0.01194985338355616
0.01190349576858468
0.01185292239598046
0.01179824440464503
0.01173958034802343
0.01167705555827103
0.01161080148934966
0.01154095504594716
0.01146765790316839
0.01139105582367446
0.01131129797691305
0.01122853626645316
0.01114292466955321
0.01105461859401026
0.01096377425602607
0.01087054808286516
0.01077509614314568
0.0106775736078392
0.0105781342438295
0.01047692994184231
0.01037411028013776
0.01026982212451714
0.01016420926536069
0.01005741209159614
0.00994956730129405
0.009840807648281524
0.009731261723947586
0.009621053773141075
0.00951030354252335
0.009399126160394303
0.009287632045693564
0.00917592684507655
0.009064111395825417
0.008952281712594302
0.008840528996592415
0.008728939664890056
0.008617595397983199
0.008506573203889927
0.008395945496953574
0.008285780189611002
0.008176140795274945
0.008067086541095531
0.007958672488728334
0.007850949661943565
0.007743965179788705
0.007637762393942758
0.007532381028960682
0.007427857325124189
0.007324224182018171
0.007221511302701289
0.007119745337317514
0.007018950025751509
0.006919146338495177
0.006820352615471582
0.006722584702138
0.006625856082503289
0.006530178009028195
0.006435559628742966
0.006342008105668718
0.006249528739273445
0.006158125078664516
0.006067799032844971
0.005978550976645363
0.00589037985227573
0.005803283266720713
0.005717257584930635
0.00563229801882881
0.005548398712007719
0.005465552820675509
0.005383752590464344
0.00530298942930143
0.005223253976775508
0.005144536169661081
0.005066825304029317
0.004990110093873257
0.004914378726605717
0.004839618915251889
0.004765817947804158
0.004692962733574105
0.00462103984669519
0.004550035567237515
0.004479935919621529
0.004410726708585866
0.004342393553095278
0.004274921917859765
0.004208297142843428
0.004142504470987905
0.004077529073716927
0.004013356075161669
0.003949970574216424
0.003887357665477131
0.00382550245836245
0.003764390094944363
0.003704005766583675
0.003644334729069353
0.003585362316816269
0.003527073955695599
0.003469455175048363
0.003412491618723638
0.003356169054876298
0.003300473385273736
0.003245390653621696
0.003190907053102371
0.003137008933112174
0.003083682805642329
0.003030915350625325
0.002978693420874621
0.002927004046632718
0.002875834439240567
0.002825171994578119
0.002775004296053075
0.002725319116976969
0.002676104422685777
0.00262734837225672
0.002579039320012677
0.002531165816300095
0.002483716608500982
0.002436680641422954
0.002390047057433236
0.002343805196526738
0.002297944596010725
0.002252454990104377
0.002207326309342349
0.002162548679498606
0.002118112420920806
0.002074008047211724
0.002030226263967877
0.00198675796744465
0.001943594242905098
0.001900726363195267
0.001858145786908966
0.001815844156544716
0.001773813296719032
0.001732045212109547
0.00169053208565131
0.001649266276139899
0.001608240316327771
0.001567446910762812
0.001526878933493011
0.001486529425859954
0.001446391594166344
0.001406458807578468
0.001366724595630572
0.001327182645875527
0.001287826801762034
0.001248651060066199
0.001209649568669246
0.001170816624149316
0.001132146669496929
0.001093634291607363
0.00105527421916947
0.001017061320108754
0.0009789905995134778
0.0009410571970877128
0.0009032563849231436
0.0008655835652848578
0.0008280342684087532
0.0007906041499463161
0.0007532889891571433
0.000716084686415123
0.0006789872610517696
0.0006419928493844765
0.0006050977023236402
0.0005682981835084533
0.0005315907670370395
0.0004949720354918317
0.0004584386777905724
0.0004219874874403636
0.0003856153602682551
0.0003493192926250657
0.0003130963794613945
0.0002769438121997202
0.0002408588773368146
0.0002048389540743355
0.000168881512842625
0.0001329841134053707
9.714440311354164e-05
6.136011513110029e-05
2.562906680677246e-05
-1.005084205937487e-05
-4.568163081365402e-05
-8.126523963680656e-05
-0.0001168035310810938
-0.0001522982916911796
-0.0001877512334385373
-0.0002231639953089212
-0.0002585381448465226
-0.000293875179478306
-0.0003291765280361914
-0.0003644435521290004
-0.0003996775475349549
-0.0004348797455983253
-0.0004700513144362964
-0.000505193360426521
-0.0005403069293542844
-0.0005753930075995213
-0.0006104525237151889
-0.0006454863492082218
-0.0006804952999752067
-0.0007154801374643516
-0.0007504415697533928
-0.0007853802526413887
-0.0008202967909032299
-0.0008551917391680144
-0.0008900656031312292
-0.0009249188405338045
-0.0009597518621291429
-0.0009945650328321677
-0.00102935867253874
-0.001064133057145277
-0.001098888419537673
-0.001133624950440393
-0.001168342799337223
-0.001203042075420245
-0.001237722848387537
-0.001272385149279192
-0.001307028971437593
-0.001341654271112753
-0.001376260968517779
-0.001410848948475525
-0.001445418061116729
-0.001479968122793335
-0.001514498916830336
-0.001549010193992668
-0.001583501673510947
-0.001617973043637827
-0.001652423962278545
-0.001686854057775112
-0.00172126292954252
-0.001755650148646795
-0.001790015258455687
-0.001824357775401113
-0.001858677189246402
-0.001892972964111127
-0.001927244538829384
-0.001961491327366569
-0.001995712719685456
-0.002029908082240448
-0.002064076758252934
-0.002098218068564051
-0.002132331312031705
-3.409459251317778e-05
-3.40646351629152e-05
-3.403401987322804e-05
-3.400246800500633e-05
-3.397016534264722e-05
-3.393693575837466e-05
-3.390288731650978e-05
-3.386804108325691e-05
-3.3832311410497e-05
-3.379567579677946e-05
-3.375818212444732e-05
-3.371967222922244e-05
-3.368005980264575e-05
-3.363968284221796e-05
-3.359827042323605e-05
-3.355594129512432e-05
-3.35124521072713e-05
-3.346791384012441e-05
-3.342239514176624e-05
-3.337580824445436e-05
-3.332823789985436e-05
-3.32796750151088e-05
-3.322971931965902e-05
-3.317894901746989e-05
-3.312691543478742e-05
-3.307377492806502e-05
-3.301960368621643e-05
-3.296404628910669e-05
-3.290744779685618e-05
-3.284982238942973e-05
-3.279083094450885e-05
-3.273066721314685e-05
-3.266949553873735e-05
-3.260692184880722e-05
-3.254313768147895e-05
-3.247814540072246e-05
-3.241199035172937e-05
-3.234457290346e-05
-3.227587390428579e-05
-3.220596136086351e-05
-3.213479794246614e-05
-3.206230193390161e-05
-3.198852566724264e-05
-3.191349814354099e-05
-3.183717967850685e-05
-3.175964008560308e-05
-3.16806765677769e-05
-3.160046764675463e-05
-3.15189267471785e-05
-3.14361130049166e-05
-3.1352010769528e-05
-3.126638272248415e-05
-3.117965814478204e-05
-3.109142341094011e-05
-3.100196785822942e-05
-3.091120781988346e-05
-3.081889343689003e-05
-3.072541625472814e-05
-3.063043766890462e-05
-3.053431816166354e-05
-3.043653290232279e-05
-3.033760524274966e-05
-3.02372190672999e-05
-3.013551967475994e-05
-3.00323372570728e-05
-2.992793382522529e-05
-2.982199936275943e-05
-2.971487271599972e-05
-2.960610548782218e-05
-2.949620250762897e-05
-2.938465074109788e-05
-2.92719454095641e-05
-2.915780175927725e-05
-2.904220895258865e-05
-2.892522779604918e-05
-2.880691910880707e-05
-2.868721667284487e-05
-2.856609261223082e-05
-2.844341603083866e-05
-2.831954094866878e-05
-2.819411690963384e-05
-2.806744076124036e-05
-2.793937228006111e-05
-2.780982341270804e-05
-2.767883624889887e-05
-2.754654824641402e-05
-2.74128590681161e-05
-2.727778644855334e-05
-2.714123831024504e-05
-2.700340828928306e-05
-2.686404034729527e-05
-2.672333897638576e-05
-2.658134163548788e-05
-2.643785492242325e-05
-2.629299399636511e-05
-2.61467921449285e-05
-2.599914089426275e-05
-2.585015565436451e-05
-2.569976353004733e-05
-2.554791511035872e-05
-2.539474122832325e-05
-2.524028449407331e-05
-2.508432885448326e-05
-2.492703983244848e-05
-2.476830679283913e-05
-2.460841556487501e-05
-2.444688423800614e-05
-2.428411803724316e-05
-2.412001888831233e-05
-2.39544687701565e-05
-2.378759836883728e-05
-2.361953998568913e-05
-2.344982720478152e-05
-2.327895524110551e-05
-2.310657041686636e-05
-2.2932986327681e-05
-2.275809380080591e-05
-2.258175811801985e-05
-2.240413246348752e-05
-2.222515349545288e-05
-2.204486867099385e-05
-2.186324924815342e-05
-2.168026264957388e-05
-2.149615280888173e-05
-2.131038138511815e-05
-2.112350412707457e-05
-2.093528659135422e-05
-2.074577190346781e-05
-2.055488884559418e-05
-2.036289778909711e-05
-2.0169388439228e-05
-1.9974677678065e-05
-1.977864479138451e-05
-1.958130711235479e-05
-1.938281588109424e-05
-1.918292385630807e-05
-1.898174785299532e-05
-1.877947430895587e-05
-1.857588166421771e-05
-1.837091907016297e-05
-1.816473301648612e-05
-1.795731619791299e-05
-1.774857831191473e-05
-1.753866693992578e-05
-1.732762854974738e-05
-1.711523405014044e-05
-1.690158996378203e-05
-1.668670801724517e-05
-1.64707105282849e-05
-1.625340008206129e-05
-1.603492187991678e-05
-1.581514432976385e-05
-1.559426386991381e-05
-1.537218937702544e-05
-1.514892445799985e-05
-1.492432757614325e-05
-1.469878579252905e-05
-1.447191099061777e-05
-1.424390683853164e-05
-1.401468938715049e-05
-1.378435516445064e-05
-1.355281177416247e-05
-1.332019466541352e-05
-1.308632435962503e-05
-1.285131589116547e-05
-1.26152372760952e-05
-1.237804675214088e-05
-1.213965096591199e-05
-1.190017925365599e-05
-1.165947344577322e-05
-1.141779608335928e-05
-1.117498655395653e-05
-1.093089943838272e-05
-1.068596827416378e-05
-1.043983555018674e-05
-1.019260188655599e-05
-9.944316054004784e-06
-9.694817962049878e-06
-9.444363595456802e-06
-9.192874809987921e-06
-8.940248936726083e-06
-8.686493080191848e-06
-8.431881070034274e-06
-8.176167940587473e-06
-7.919277697037027e-06
-7.6613507757583e-06
-7.402527741459252e-06
-7.142659678911208e-06
-6.88170532002575e-06
-6.619793572430397e-06
-6.356840520048288e-06
-6.092986393847619e-06
-5.827961282021374e-06
-5.561975188445549e-06
-5.295050583029948e-06
-5.027176387778303e-06
-4.758251887166829e-06
-4.488204150622787e-06
-4.217583523706856e-06
-3.945716285839741e-06
-3.672968391602342e-06
-3.399174776926234e-06
-3.124461504329482e-06
-2.848955490487441e-06
-2.572380686673484e-06
-2.294855237118607e-06
-2.016433367933393e-06
-1.73716703949034e-06
-1.456960476227436e-06
-1.175728321778634e-06
-8.937837274507416e-07
-6.108754332062691e-07
-3.269550068877626e-07
-4.231585688590448e-08
2.433865404093854e-07
5.297995014746893e-07
8.171476957589594e-07
1.10523814660836e-06
1.394452512203077e-06
1.684218966670865e-06
1.975100470032393e-06
2.266708124465893e-06
2.55908506357176e-06
2.852343124606709e-06
3.146500454604881e-06
3.441352651656923e-06
3.737112586851539e-06
4.033479119174422e-06
4.330875166481095e-06
4.629039310925147e-06
4.927906108440045e-06
5.227483251315601e-06
5.528007144195532e-06
5.829339650270177e-06
6.131161708244871e-06
6.434009961550668e-06
6.737574603580144e-06
7.041738028153377e-06
7.346701532223759e-06
7.652448553184234e-06
7.958931906637871e-06
8.266073552162914e-06
8.573925878399991e-06
8.882539427745731e-06
9.191771803431984e-06
9.501777610187968e-06
9.812392711076623e-06
1.012373667458566e-05
1.043572547070227e-05
1.074843473783128e-05
1.106176701474022e-05
1.137579831069749e-05
1.169035299138113e-05
1.200564436855772e-05
1.232148132040482e-05
1.263801885296325e-05
1.295511763403924e-05
1.3272789278811e-05
1.35910444478454e-05
1.39100071475814e-05
1.422950655413717e-05
1.45494288713204e-05
1.487004001522678e-05
1.519124426596173e-05
1.551289576192561e-05
1.583516195641589e-05
1.615779387689017e-05
1.648111880693507e-05
1.680484829100048e-05
1.712910633427621e-05
1.745375599965812e-05
1.777903046335454e-05
1.810468920377267e-05
1.843075946311479e-05
1.8757193334023e-05
1.908408554498271e-05
1.941157628812748e-05
1.973915725870966e-05
2.006729014556283e-05
2.039587904956217e-05
2.072470718211404e-05
2.105385475277211e-05
2.138338412606391e-05
2.171318794093772e-05
2.204325673065174e-05
2.237362845319839e-05
2.270425367584469e-05
2.303507535819418e-05
2.336627799989964e-05
2.369751653173911e-05
2.402899059680813e-05
2.436069765489314e-05
2.469258085567824e-05
2.502440379191914e-05
2.535645808729288e-05
2.568871744822134e-05
2.602072604252137e-05
2.635293532840122e-05
2.668515661950081e-05
2.70173648700885e-05
2.734953891441104e-05
2.768160687030014e-05
2.801359055750738e-05
2.834535880329334e-05
2.867720612614159e-05
2.900862443129805e-05
2.933995573324709e-05
2.967097904758222e-05
3.000177633847775e-05
3.033209539551034e-05
3.066214632247418e-05
3.099185119139496e-05
3.13210376042136e-05
3.164979611424029e-05
3.197797006696736e-05
3.230564250096807e-05
3.263261956843625e-05
3.295905838475549e-05
3.328475725167299e-05
3.36097068275823e-05
3.393374946968875e-05
3.42570085540771e-05
3.457938870644405e-05
3.490073928662807e-05
3.522110770000074e-05
3.554043857339299e-05
3.585839729013037e-05
3.617538737702022e-05
3.649106866277952e-05
3.680519570015489e-05
3.711810038356877e-05
3.742944533897006e-05
3.773926473495719e-05
3.804735917902738e-05
3.835380341014956e-05
3.865838839981313e-05
3.896109962739624e-05
3.92618033239749e-05
3.95604700615388e-05
3.985703031719618e-05
4.015118156002143e-05
4.044305429131743e-05
4.073248939240985e-05
4.101933858425638e-05
4.130342544554974e-05
4.158492997404225e-05
4.186338599988578e-05
4.213890927201225e-05
4.241118795231491e-05
4.268028600452238e-05
4.294593701923007e-05
4.320813800509849e-05
4.346661121491313e-05
4.372135212007397e-05
4.397227402157277e-05
4.421904822274071e-05
4.446151865075297e-05
4.469969855472458e-05
4.493331980571499e-05
4.516223431623906e-05
4.53865034758403e-05
4.560551578334967e-05
4.581941258888201e-05
4.602801650107258e-05
4.623106227955839e-05
4.642846332259865e-05
4.6619852888425e-05
4.680530650112285e-05
4.698440415848497e-05
4.71571145515831e-05
4.732312773877626e-05
4.748240946727671e-05
4.763449038551064e-05
4.777938786459804e-05
4.791687118376191e-05
4.804661656206951e-05
4.816852682236665e-05
4.828235842035023e-05
4.838788002093551e-05
4.848480754499282e-05
4.857310450449774e-05
4.86523338624977e-05
4.872253503242427e-05
4.87832977366078e-05
4.883435836075664e-05
4.887567052846588e-05
4.890687800220475e-05
4.89278330989194e-05
4.893838543399928e-05
4.893812993148021e-05
4.892696775987163e-05
4.890472527742768e-05
4.887119064527185e-05
4.882609785681001e-05
4.876933771478528e-05
4.870065517308716e-05
4.861982517026581e-05
4.852673949395343e-05
4.842116464596694e-05
4.830304695661206e-05
4.817219275912295e-05
4.802838992921475e-05
4.787156000800746e-05
4.770158658722273e-05
4.751839360564847e-05
4.732177483872101e-05
4.711167404082533e-05
4.688802223005261e-05
4.665083181388101e-05
4.640005075788852e-05
4.613563300789582e-05
4.585742179863105e-05
4.556569810475021e-05
4.526032589896849e-05
4.494142759655764e-05
4.460899808507375e-05
4.426321764365701e-05
4.390411198749381e-05
4.353184542202045e-05
4.31467365325037e-05
4.274869301610122e-05
4.233811527952291e-05
4.19151363418888e-05
4.148010449884495e-05
4.103320997414349e-05
4.057476358988705e-05
4.010519460287854e-05
3.962472022515484e-05
3.913384933388415e-05
3.863286526777733e-05
3.812223013510165e-05
3.760238806877131e-05
3.707376663892632e-05
3.653699990548371e-05
3.599237962990834e-05
3.544046730292387e-05
3.488202141734557e-05
3.431729122413827e-05
3.37469788931755e-05
3.31716751014638e-05
3.259177250137702e-05
3.200807097305356e-05
3.142102477594483e-05
3.08313472911262e-05
3.023951303436371e-05
2.964605396214857e-05
2.905154507432206e-05
2.845664824927898e-05
2.78618044613055e-05
2.726753203285529e-05
2.667439002813255e-05
2.608276521937711e-05
2.549314596509503e-05
2.49059325603526e-05
2.432163296463096e-05
2.374027128720154e-05
2.316247280989385e-05
2.258847860115242e-05
2.201843090689161e-05
2.145247321517563e-05
2.089080790848355e-05
2.033357958048344e-05
1.97808450205112e-05
1.923258957481176e-05
1.868882884998707e-05
1.814941291498946e-05
1.761430741209027e-05
1.708342055615854e-05
1.655646316099812e-05
1.603332905957428e-05
1.551375100228796e-05
1.499747074051321e-05
1.448427221417796e-05
1.39738222816945e-05
1.346584200824512e-05
1.296006145580243e-05
1.245616072442545e-05
1.19538847754579e-05
1.145302583977711e-05
1.09532753404268e-05
1.045449512641649e-05
9.956446553937322e-06
9.459080606770167e-06
8.962219901096274e-06
8.46586808676979e-06
7.970097424342882e-06
7.474947846031955e-06
6.98052840410367e-06
6.487123560194696e-06
5.994928594927193e-06
5.504306708706562e-06
5.015696126167634e-06
4.529574056893123e-06
4.046515553952023e-06
3.567129951610916e-06
3.092018716560965e-06
2.622060647551085e-06
2.157861771413317e-06
1.70053007591422e-06
1.250780383371805e-06
8.096244920359355e-07
3.780513466502817e-07
-4.294059072787416e-08
-4.522512639812892e-07
-8.489713476590342e-07
-1.231905817123975e-06
-1.600014407048266e-06
-1.952185321679725e-06
-2.287517994621358e-06
-2.604812240319577e-06
-2.903027598321702e-06
-3.181304929765756e-06
-3.438653531994872e-06
-3.674076080865494e-06
-3.886794736584332e-06
-4.076006426558239e-06
-4.240846397428598e-06
-4.38073836236796e-06
-4.495023610188217e-06
-4.583028799137723e-06
-4.644382909925655e-06
-4.678645957228799e-06
-4.685471602511207e-06
-4.664589521851482e-06
-4.615719969288637e-06
-4.53884253428434e-06
-4.433863607888249e-06
-4.300812881255386e-06
-4.139892227422623e-06
-3.951256093326453e-06
-3.735092675609663e-06
-3.491742526217078e-06
-3.221646269902829e-06
-2.92534848656437e-06
-2.603326927689241e-06
-2.256108814520613e-06
-1.884434114149397e-06
-1.488959380207096e-06
-1.070498440541027e-06
-6.298477729844466e-07
-1.678569530529528e-07
3.145779862477409e-07
8.16526182222685e-07
1.337032453140358e-06
1.875095130997079e-06
2.429700530764487e-06
2.99977193861717e-06
3.584249294390922e-06
4.18220454070234e-06
4.792343251500673e-06
5.413806232943581e-06
6.045338320364847e-06
6.686005332638787e-06
7.33463637346338e-06
7.990205131004349e-06
8.651725226370543e-06
9.318086571057798e-06
9.988308259646623e-06
1.066144533672992e-05
1.133642170226935e-05
1.201245746939794e-05
1.268849991805523e-05
1.336375734493041e-05
1.403740467563309e-05
1.470855996207291e-05
1.537653810784355e-05
1.604051545331001e-05
1.669991521601567e-05
1.735397613483519e-05
1.800214063112576e-05
1.86438340942743e-05
1.92784741074953e-05
1.990558360579926e-05
2.052475502613757e-05
2.113559927054853e-05
2.173763562385815e-05
2.23306908262348e-05
2.291435542774682e-05
2.348841686969748e-05
2.405277305039981e-05
2.460712132716297e-05
2.515147319682035e-05
2.568557896179548e-05
2.620952930777477e-05
2.672324875124062e-05
2.722676097847057e-05
2.772016950253089e-05
2.820357842022293e-05
2.867705223379949e-05
2.91407330624771e-05
2.959485301449636e-05
3.003963831152391e-05
3.047536723925623e-05
3.090212307375748e-05
3.132041634410269e-05
3.173048489313663e-05
3.213262373240761e-05
3.252731384421797e-05
3.29148460416458e-05
3.329564892990254e-05
3.367012213279965e-05
3.403878819056653e-05
3.440199388141243e-05
3.476030530067458e-05
3.511420385956744e-05
3.546408383183858e-05
3.581056102539766e-05
3.615418535672734e-05
3.649534127067237e-05
3.683472476654067e-05
3.717282409417694e-05
3.751015424814593e-05
3.784732227008307e-05
3.818485215803474e-05
3.852332780316833e-05
3.886344306238443e-05
3.920564046704907e-05
3.955048619117303e-05
3.989859487867876e-05
4.025061306452756e-05
4.060700184002482e-05
4.096841702621508e-05
4.133540752588846e-05
4.170850044118086e-05
4.208835225538319e-05
4.247541960630675e-05
4.287039036729376e-05
4.327371229305481e-05
4.36859067579142e-05
4.410758235340832e-05
4.453930989767263e-05
4.498145215048332e-05
4.543470132186073e-05
4.589940170310431e-05
4.637623839050733e-05
4.686549250160907e-05
4.736775383631224e-05
4.788341114696873e-05
4.841297202912898e-05
4.895680344344209e-05
4.951535689901181e-05
5.008912078376247e-05
5.067823681293164e-05
5.128329126026534e-05
5.190458749754661e-05
5.254234503981505e-05
5.319702433356798e-05
5.386881075940606e-05
5.455802694211946e-05
5.526489558761964e-05
5.598957969439764e-05
5.673234745858126e-05
5.749332581623464e-05
5.8272662698755e-05
5.907050531246348e-05
5.988676455011167e-05
6.072170508870712e-05
6.157518139260751e-05
6.244721280987058e-05
6.333769222454818e-05
6.42466294088927e-05
6.51737578791348e-05
6.611885836378202e-05
6.708177381361062e-05
6.806218435688154e-05
6.905968477763597e-05
7.007390931362803e-05
7.110442317455849e-05
7.215065221956646e-05
7.321206256548506e-05
7.428793136114197e-05
7.53776128346031e-05
7.648028535474558e-05
7.759508625900912e-05
7.872098896666504e-05
7.985708790408662e-05
8.100216590190378e-05
8.215495767408902e-05
8.331424232928784e-05
8.447852694393864e-05
8.564640173484801e-05
8.681615563013675e-05
8.798609641888543e-05
8.91543656785944e-05
9.031898815686242e-05
9.147781669150802e-05
9.262873811230819e-05
9.376930378251048e-05
9.489710101557089e-05
9.600946973054727e-05
9.710366417980895e-05
9.81767696572086e-05
9.922580748323167e-05
0.000100247470666234
0.0001012386051784269
0.0001021956039111292
0.0001031148828248677
0.000103992644402107
0.0001048250793349918
0.0001056080073478408
0.0001063373929496929
0.0001070088996927474
0.0001076180403917038
0.0001081602869178549
0.0001086311796708113
0.0001090258002757217
0.0001093393777788454
0.0001095670972258422
0.0001097039723867672
0.0001097451484726557
0.0001096855898857989
0.0001095203564298622
0.0001092445358603822
0.0001088533493579914
0.0001083419095541863
0.0001077056704078744
0.0001069400663493758
0.0001060407730724302
0.0001050037486704034
0.0001038249861096678
0.0001025011273229012
0.0001010287027088269
9.940482433886029e-05
9.762709219110423e-05
9.56932870259647e-05
9.360182346711904e-05
9.13515598670845e-05
8.894193693837465e-05
8.637288127497171e-05
8.364495491647796e-05
8.075933808231433e-05
7.771780086285658e-05
7.452283458688496e-05
7.117754466848666e-05
6.768580759642577e-05
6.405203610198418e-05
6.028145245747641e-05
5.637989175134471e-05
5.235392465150225e-05
4.821072980908526e-05
4.395807440217168e-05
3.960425419424971e-05
3.515828743633681e-05
3.062963804086295e-05
2.602820461685416e-05
2.136434424189856e-05
1.664873248693067e-05
1.189230001173249e-05
7.106311136638646e-06
2.302163046705056e-06
-2.508578577045504e-06
-7.314554479735265e-06
-1.210418651235909e-05
-1.686614341947424e-05
-2.158907093006594e-05
-2.626220860283534e-05
-3.087475243588136e-05
-3.541649913880829e-05
-3.987752692660112e-05
-4.424845849937338e-05
-4.852043029442184e-05
-5.268500006703751e-05
-5.673463715209595e-05
-6.066203899281944e-05
-6.44609269701827e-05
-6.812529592462148e-05
-7.165024396158049e-05
-7.503118116511834e-05
-7.826448505723542e-05
-8.134696044391722e-05
-8.42762488690448e-05
-8.705067436100485e-05
-8.966909587063173e-05
-9.21308522165337e-05
-9.443620212229965e-05
-9.658573638807123e-05
-9.858063891457117e-05
-0.0001004224799041007
-0.0001021133921818499
-0.0001036559138822004
-0.0001050529201004102
-0.000106307688023197
-0.0001074237288673087
-0.0001084049251525361
-0.0001092553915289698
-0.000109979208505894
-0.000110580986175338
-0.0001110651459995926
-0.0001114365301461389
-0.0001116997786299827
-0.000111859609141016
-0.0001119210140836122
-0.0001118887911254344
-0.000111767632597815
-0.0001115623980582107
-0.0001112777738231616
-0.000110918450946506
-0.000110488833381078
-0.0001099935307819787
-0.0001094367797131762
-0.0001088229343765945
-0.0001081560245033061
-0.0001074400442052211
-0.0001066787141317359
-0.000105875975182445
-0.0001050352036822269
-0.0001041598579670045
-0.0001032531959504712
-0.0001023183722699769
-0.0001013583691502742
-0.0001003760547865343
-9.937407491199885e-05
-9.835492387665323e-05
-9.732124065555973e-05
-9.627513988321127e-05
-9.521889055845334e-05
-9.415448750987983e-05
-9.308381442533418e-05
-9.200884298112715e-05
-9.093114688655794e-05
-8.985227720435353e-05
-8.877372699085328e-05
-8.769697667359579e-05
-8.662329797762324e-05
-8.55537694589908e-05
-8.448967544548411e-05
-8.343191766237282e-05
-8.238139874986515e-05
-8.133915335526348e-05
-8.030585955440158e-05
-7.928232542032355e-05
-7.82691595565912e-05
-7.726704238482826e-05
-7.627650390303802e-05
-7.529805555581866e-05
-7.433207355212102e-05
-7.337900171019621e-05
-7.243920463749899e-05
-7.15130165536205e-05
-7.060064507454639e-05
-6.970245976385545e-05
-6.881855950757656e-05
-6.794908213776657e-05
-6.709426378358272e-05
-6.625414980952131e-05
-6.542889736052012e-05
-6.46183731332776e-05
-6.382289012558397e-05
-6.304225111302113e-05
-6.227655186790277e-05
-6.152577682602879e-05
-6.078984389603975e-05
-6.006866380690547e-05
-5.936212827864691e-05
-5.86703147730436e-05
-5.79930736779619e-05
-5.733013073736198e-05
-5.66816479580306e-05
-5.604729611080774e-05
-5.542695547337419e-05
-5.482048285265385e-05
-5.422780916580899e-05
-5.364862881930107e-05
-5.308288424773415e-05
-5.253045997350729e-05
-5.199103343132919e-05
-5.146455740883532e-05
-5.095078333861063e-05
-5.044941259031452e-05
-4.996047474113319e-05
-4.948368671083551e-05
-4.901886136895291e-05
-4.856571397204878e-05
-4.812418144040118e-05
-4.769400766229813e-05
-4.727495498067537e-05
-4.686682811950095e-05
-4.64695164899962e-05
-4.608282446436481e-05
-4.570650968064945e-05
-4.534014361460799e-05
-4.498403954503501e-05
-4.463758903894337e-05
-4.430071189975855e-05
-4.397328113477406e-05
-4.365505717263382e-05
-4.334587218459285e-05
-4.304548395359335e-05
-4.275375459625349e-05
-4.247044638219523e-05
-4.219546400223047e-05
-4.192851376812233e-05
-4.166941251734683e-05
-4.141808976168097e-05
-4.117448372966271e-05
-4.09381432241035e-05
-4.07089642207281e-05
-4.048682157881338e-05
-4.027172482263473e-05
-4.00632007715126e-05
-3.986126790787988e-05
-3.966577365531923e-05
-3.947644115281268e-05
-3.929326771896346e-05
-3.911592029682485e-05
-3.8944429432759e-05
-3.877852553957407e-05
-3.86182123859922e-05
-3.846321636557284e-05
-3.831344891703858e-05
-3.816865320933416e-05
-3.802874705409031e-05
-3.789384468602056e-05
-3.77634978348463e-05
-3.763757261808872e-05
-3.751622097373941e-05
-3.7399060412817e-05
-3.72860838534089e-05
-3.71772011736184e-05
-3.707216876006942e-05
-3.697102235679438e-05
-3.687350778892455e-05
-3.677953162295342e-05
-3.668910583859566e-05
-3.660210879026843e-05
-3.651829638066275e-05
-3.643760090844313e-05
-3.635998778308769e-05
-3.628522114236239e-05
-3.621359310195931e-05
-3.614446559000137e-05
-3.607818838775024e-05
-3.601443098917061e-05
-3.595315427176976e-05
-3.589420215779625e-05
-3.583763865126408e-05
-3.578331210773585e-05
-3.573108888490971e-05
-3.568097302766247e-05
-3.563271366194715e-05
-3.558640297417927e-05
-3.554203018585472e-05
-3.549935599803192e-05
-3.545826717252904e-05
-3.541897402747882e-05
-3.538108669400911e-05
-3.534467889011075e-05
-3.530954941107479e-05
-3.527593394406743e-05
-3.524345055542499e-05
-3.521228604794633e-05
-3.518217713441483e-05
-3.515321004171111e-05
-3.512508839673557e-05
-3.509817168070422e-05
-3.507198657339559e-05
-3.504666444291145e-05
-3.502220455055835e-05
-3.499844047634369e-05
-3.497533227200269e-05
-3.495291303228908e-05
-3.493106196829991e-05
-3.49097012150804e-05
-3.488886550605776e-05
-3.48683285311219e-05
-3.484838814391981e-05
-3.482871018564582e-05
-3.480926210074279e-05
-3.479015690419746e-05
-3.477116999332273e-05
-3.475239993772463e-05
-3.473376777223485e-05
-3.471521557262089e-05
-3.46967971104678e-05
-3.467834402889279e-05
-3.465978082349924e-05
-3.464116454942188e-05
-3.462253129974383e-05
-3.460373488443615e-05
-3.458473560919296e-05
-3.456557770653917e-05
-3.454621386973181e-05
-3.452645760432962e-05
-3.450660958489611e-05
-3.448621890826781e-05
-3.446554207794735e-05
-3.444457826775425e-05
-3.442313968432694e-05
-3.440126716377107e-05
-3.437891284834333e-05
-3.435599736208183e-05
-3.433255559697957e-05
-3.430880245373834e-05
-3.428420855660603e-05
-3.425901370188396e-05
-3.423334931865016e-05
-3.420696110212839e-05
-3.417997583522731e-05
-3.415224596497238e-05
-3.412382800558689e-05
0
