-0.001095013744369917
-0.001095606499802036
-0.001095773212274295
-0.001095524978060894
-0.001094873941168197
-0.001093833307726311
-0.001092417353393812
-0.00109064142384482
-0.00108852192820236
-0.001086076325843573
-0.001083323106348278
-0.001080281762979215
-0.00107697276003557
-0.001073417494275308
-0.001069638250659027
-0.001065658153073142
-0.00106150111022295
-0.001057191756942064
-0.001052755392084058
-0.00104821791242558
-0.001043605743834623
-0.001038945770024783
-0.00103426525893423
-0.001029591787697692
-0.001024953166462163
-0.001020377361415861
-0.001015892417472637
-0.001011526381325451
-0.001007307224621971
-0.001003262768591484
-0.0009994206093870569
-0.0009958080454973419
-0.0009924520067581492
-0.0009893789858862561
-0.0009866149723056505
-0.0009841853891128503
-0.0009821150325332367
-0.0009804280152248682
-0.0009791477124529283
-0.000978296712376291
-0.0009778967696233826
-0.0009779687630434184
-0.0009785326572456204
-0.0009796074682262639
-0.0009812112330628894
-0.0009833609836539534
-0.0009860727246545596
-0.0009893614153783856
-0.0009932409559109926
-0.0009977241769518058
-0.001002822833908234
-0.001008547604476067
-0.001014908090178993
-0.001021912821398452
-0.001029569265784714
-0.001037883840185569
-0.00104686192556147
-0.001056507884931543
-0.001066825084192514
-0.001077815915440482
-0.001089481823061338
-0.001101823331705595
-0.001114840076610345
-0.001128530835891082
-0.001142893564237904
-0.001157925428565514
-0.001173622844648314
-0.001189981515257378
-0.001206996469064732
-0.001224662100494618
-0.001242972210300588
-0.001261920046597956
-0.001281498346271541
-0.001301699376673348
-0.001322514977382125
-0.001343936601911864
-0.001365955359301809
-0.001388562055410156
-0.001411747233910216
-0.001435501216720439
-0.001459814143881354
-0.001484676012883671
-0.001510076717193819
-0.001536006083920135
-0.00156245391082082
-0.001589410002190349
-0.001616864203888101
-0.001644806437432312
-0.001673226732808179
-0.001702115260377471
-0.001731462361729668
-0.001761258579203798
-0.001791494684487033
-0.001822161705767497
-0.001853250954011957
-0.001884754047831777
-0.001916662937293783
-0.001948969926469224
-0.001981667694862895
-0.002014749317628166
-0.002048208284595918
-0.002082038518170876
-0.002116234390152493
-0.002150790737240074
-0.002185702875678794
-0.00222096661456486
-0.002256578268188359
-0.002292534667453278
-0.002328833169992119
-0.002365471669344926
-0.002402448603470378
-0.002439762961716829
-0.002477414291349856
-0.002515402702903659
-0.002553728874605888
-0.002592394056218783
-0.002631400071592767
-0.002670749320732916
-0.002710444780907478
-0.002750490006967129
-0.002790889130838177
-0.002831646860537248
-0.002872768477990239
-0.002914259836553352
-0.002956127357483285
-0.002998378026079607
-0.003041019386760204
-0.003084059537737442
-0.00312750712486344
-0.003171371334901015
-0.003215661888117445
-0.003260389030213235
-0.003305563523542724
-0.003351196637816521
-0.003397300139914952
-0.003443886283270017
-0.003490967796340005
-0.003538557870555744
-0.003586670147428445
-0.003635318705009966
-0.003684518043479566
-0.003734283070122391
-0.003784629083326877
-0.003835571755696949
-0.003887127116616213
-0.00393931153342573
-0.003992141691995056
-0.004045634576063135
-0.004099807445714415
-0.004154677814481798
-0.00421026342554087
-0.004266582226489261
-0.004323652342898633
-0.00438149205047473
-0.004440119745788068
-0.004499553915419483
-0.004559813103621831
-0.004620915878156708
-0.004682880794478156
-0.004745726357909265
-0.004809470983953412
-0.004874132956543596
-0.004939730384016384
-0.00500628115287201
-0.005073802879183653
-0.005142312857466224
-0.005211828006904114
-0.005282364814896809
-0.005353939277730909
-0.005426566838393599
-0.005500262321141441
-0.005575039862961859
-0.00565091284185668
-0.005727893801585088
-0.005805994372837305
-0.005885225191020272
-0.005965595810192723
-0.006047114613255931
-0.006129788718308759
-0.006213623881208847
-0.006298624394025065
-0.006384792979672521
-0.006472130682605762
-0.006560636755500128
-0.00665030854206951
-0.006741141356216721
-0.006833128357364448
-0.006926260422364245
-0.007020526013987974
-0.007115911046478365
-0.007212398748154642
-0.007309969521681041
-0.007408600802262228
-0.007508266914262164
-0.007608938926772097
-0.007710584508923432
-0.00781316778511963
-0.007916649191666432
-0.008020985335117027
-0.008126128853380734
-0.008232028280801169
-0.008338627918193831
-0.008445867708978061
-0.008553683122807637
-0.008662005048179586
-0.008770759695385846
-0.008879868511186618
-0.008989248107270973
-0.009098810203974671
-0.009208461590798786
-0.009318104106130412
-0.00942763463730851
-0.009536945143485451
-0.009645922702716782
-0.009754449585424489
-0.00986240335564271
-0.009969657002139313
-0.01007607910064225
-0.01018153400882428
-0.01028588209526969
-0.01038898000327751
-0.01049068095081622
-0.01059083506648954
-0.01068928976230388
-0.01078589014300137
-0.01088047945104411
-0.01097289954714336
-0.0110629914242095
-0.011150595753551
-0.01123555346071677
-0.01131770632853171
-0.01139689762406039
-0.01147297274586897
-0.01154577988751299
-0.01161517071284715
-0.01168100103826543
-0.01174313151652401
-0.01180142831686642
-0.01185576379559564
-0.01190601715122149
-0.01195207505832683
-0.01199383227400506
-0.01203119221109684
-0.01206406747261664
-0.01209238034177956
-0.01211606322244981
-0.01213505902570996
-0.01214932149789697
-0.01215881548686146
-0.01216351714353658
-0.01216341405628372
-0.01215850531693596
-0.01214880151716584
-0.01213432467606075
-0.01211510809888706
-0.01209119616931647
-0.0120626440766381
-0.01202951748197765
-0.01199189212602234
-0.01194985338355617
-0.01190349576858468
-0.01185292239598047
-0.01179824440464504
-0.01173958034802343
-0.01167705555827103
-0.01161080148934967
-0.01154095504594716
-0.01146765790316838
-0.01139105582367446
-0.01131129797691306
-0.01122853626645317
-0.01114292466955322
-0.01105461859401027
-0.01096377425602608
-0.01087054808286517
-0.01077509614314569
-0.01067757360783921
-0.0105781342438295
-0.01047692994184232
-0.01037411028013777
-0.01026982212451714
-0.0101642092653607
-0.01005741209159615
-0.009949567301294057
-0.009840807648281529
-0.009731261723947598
-0.009621053773141083
-0.009510303542523357
-0.009399126160394303
-0.009287632045693569
-0.009175926845076551
-0.009064111395825419
-0.008952281712594304
-0.008840528996592417
-0.008728939664890059
-0.008617595397983201
-0.008506573203889934
-0.008395945496953581
-0.008285780189611007
-0.008176140795274952
-0.008067086541095532
-0.00795867248872833
-0.007850949661943572
-0.007743965179788715
-0.007637762393942761
-0.007532381028960679
-0.007427857325124193
-0.007324224182018176
-0.007221511302701293
-0.007119745337317516
-0.007018950025751512
-0.006919146338495182
-0.006820352615471586
-0.006722584702138004
-0.006625856082503293
-0.006530178009028193
-0.006435559628742967
-0.006342008105668719
-0.00624952873927345
-0.006158125078664518
-0.006067799032844974
-0.005978550976645371
-0.005890379852275736
-0.005803283266720716
-0.005717257584930642
-0.005632298018828816
-0.005548398712007725
-0.005465552820675515
-0.00538375259046435
-0.005302989429301432
-0.005223253976775513
-0.005144536169661078
-0.005066825304029321
-0.004990110093873261
-0.004914378726605716
-0.004839618915251892
-0.004765817947804164
-0.004692962733574108
-0.004621039846695197
-0.004550035567237516
-0.004479935919621528
-0.004410726708585867
-0.004342393553095275
-0.004274921917859766
-0.004208297142843429
-0.00414250447098791
-0.004077529073716925
-0.004013356075161664
-0.003949970574216424
-0.003887357665477131
-0.003825502458362449
-0.003764390094944369
-0.003704005766583675
-0.003644334729069351
-0.003585362316816268
-0.003527073955695602
-0.003469455175048368
-0.003412491618723633
-0.003356169054876297
-0.003300473385273735
-0.003245390653621697
-0.003190907053102366
-0.003137008933112173
-0.003083682805642326
-0.003030915350625326
-0.002978693420874621
-0.002927004046632715
-0.002875834439240567
-0.00282517199457812
-0.002775004296053074
-0.002725319116976971
-0.00267610442268578
-0.002627348372256724
-0.002579039320012676
-0.002531165816300088
-0.00248371660850098
-0.002436680641422948
-0.002390047057433232
-0.002343805196526738
-0.002297944596010722
-0.002252454990104381
-0.002207326309342347
-0.002162548679498606
-0.002118112420920805
-0.002074008047211726
-0.002030226263967874
-0.00198675796744465
-0.001943594242905103
-0.001900726363195265
-0.001858145786908968
-0.00181584415654472
-0.001773813296719033
-0.001732045212109548
-0.001690532085651311
-0.001649266276139895
-0.001608240316327773
-0.001567446910762811
-0.001526878933493013
-0.001486529425859953
-0.00144639159416634
-0.00140645880757847
-0.001366724595630573
-0.001327182645875527
-0.001287826801762031
-0.001248651060066199
-0.001209649568669245
-0.001170816624149312
-0.001132146669496931
-0.001093634291607365
-0.00105527421916947
-0.001017061320108754
-0.000978990599513478
-0.0009410571970877137
-0.0009032563849231425
-0.0008655835652848567
-0.0008280342684087536
-0.000790604149946317
-0.0007532889891571461
-0.000716084686415126
-0.0006789872610517712
-0.0006419928493844769
-0.0006050977023236391
-0.0005682981835084548
-0.0005315907670370402
-0.000494972035491831
-0.0004584386777905767
-0.0004219874874403584
-0.0003856153602682551
-0.0003493192926250675
-0.0003130963794613934
-0.0002769438121997202
-0.0002408588773368157
-0.0002048389540743368
-0.0001688815128426278
-0.0001329841134053698
-9.714440311354251e-05
-6.136011513109985e-05
-2.562906680677051e-05
1.005084205937899e-05
4.568163081365012e-05
8.126523963680526e-05
0.0001168035310810972
0.0001522982916911803
0.0001877512334385371
0.0002231639953089201
0.0002585381448465198
0.0002938751794783058
0.0003291765280361921
0.0003644435521289989
0.0003996775475349509
0.000434879745598325
0.0004700513144362962
0.0005051933604265197
0.0005403069293542844
0.0005753930075995252
0.0006104525237151915
0.0006454863492082223
0.000680495299975207
0.0007154801374643515
0.0007504415697533966
0.0007853802526413917
0.0008202967909032315
0.000855191739168015
0.000890065603131229
0.0009249188405338033
0.0009597518621291421
0.0009945650328321695
0.001029358672538741
0.001064133057145277
0.001098888419537673
0.001133624950440394
0.001168342799337225
0.001203042075420245
0.001237722848387539
0.001272385149279192
0.001307028971437594
0.001341654271112753
0.001376260968517779
0.001410848948475525
0.00144541806111673
0.001479968122793336
0.001514498916830337
0.001549010193992668
0.001583501673510946
0.001617973043637826
0.001652423962278545
0.001686854057775113
0.00172126292954252
0.001755650148646795
0.001790015258455686
0.001824357775401114
0.001858677189246401
0.001892972964111127
0.001927244538829384
0.001961491327366568
0.001995712719685456
0.002029908082240449
0.002064076758252935
0.00209821806856405
0.002132331312031707
0.002166415765942151
0.002200470686580051
0.002234495309859161
0.002268488851618725
0.002302450508051008
0.002336379456421384
0.002370274855280278
0.002404135844971184
0.002437961548169706
0.002471751070133975
0.002505503499257245
0.002539217907476121
0.002572893350618256
0.002606528868727492
0.002640123486676069
0.002673676214343529
0.002707186047125892
0.002740651966093493
0.002774072938595088
0.002807447918603777
0.002840775846695746
0.002874055651008446
0.002907286247009896
0.002940466538013772
0.002973595415707591
0.003006671760218604
0.003039694440472927
0.003072662314629856
0.003105574230117153
0.003138429024208088
0.003171225524246189
0.003203962547733199
0.003236638902817394
0.00326925338855834
0.003301804795021077
0.003334291903737061
0.003366713487843616
0.00339906831235926
0.003431355134546342
0.003463572703907949
0.003495719762684312
0.003527795046013013
0.003559797282056987
0.003591725192318591
0.003623577491899432
0.003655352889657705
0.003687050088445193
0.003718667785348671
0.00375020467179719
0.003781659433927557
0.003813030752704857
0.003844317304029037
0.003875517759143272
0.003906630784600464
0.003937655042579738
0.003968589191165332
0.003999431884242389
0.00403018177190138
0.004060837500705201
0.004091397713466064
0.004121861049957981
0.004152226146500986
0.00418249163665959
0.00421265615104088
0.004242718317619391
0.004272676761954042
0.004302530106996675
0.004332276973767345
0.004361915981084263
0.004391445745851029
0.004420864883312835
0.004450172006949645
0.00447936572889888
0.00450844465983725
0.004537407409361691
0.004566252585860778
0.004594978796872487
0.004623584649132932
0.004652068748589495
0.004680429700712957
0.004708666110492047
0.004736776582675822
0.004764759721749732
0.004792614132119928
0.004820338418242438
0.004847931184698374
0.004875391036386266
0.004902716578472502
0.004929906416737142
0.004956959157424046
0.004983873407519883
0.005010647774779869
0.005037280867876816
0.005063771296462088
0.00509011767124861
0.005116318604181246
0.005142372708504651
0.005168278598690132
0.005194034890879466
0.005219640202622899
0.005245093153157423
0.005270392363434745
0.005295536456271351
0.005320524056338172
0.005345353790286145
0.005370024286911282
0.005394534177042856
0.005418882093782627
0.005443066672534651
0.005467086551062468
0.005490940369625399
0.005514626770986113
0.005538144400468948
0.005561491906095157
0.005584667938659802
0.005607671151680767
0.005630500201631661
0.005653153747871138
0.005675630452804698
0.005697928981897694
0.005720048003733156
0.005741986190042769
0.005763742215924423
0.005785314759701806
0.005806702503081265
0.005827904131228312
0.005848918332740221
0.005869743799818691
0.005890379228196553
0.005910823317334269
0.005931074770276453
0.00595113229389058
0.005970994598898309
0.005990660399640055
0.006010128414662636
0.006029397366253545
0.006048465980702398
0.006067332988390858
0.006085997123781371
0.006104457125347061
0.006122711735858269
0.006140759702220887
0.006158599775553335
0.006176230711306837
0.006193651269295037
0.006210860213598342
0.006227856312715431
0.006244638339596546
0.006261205071708266
0.006277555290894974
0.006293687783625437
0.006309601340931519
0.006325294758324216
0.006340766836176086
0.006356016379358845
0.006371042197383327
0.006385843104636963
0.006400417920113062
0.006414765467651198
0.006428884575893806
0.00644277407826337
0.006456432813055393
0.006469859623478342
0.006483053357532064
0.00649601286821676
0.00650873701353586
0.006521224656325738
0.006533474664434471
0.006545485910806347
0.006557257273312015
0.006568787634905138
0.006580075883633862
0.00659112091255115
0.006601921619869841
0.006612476908961891
0.006622785688124655
0.006632846871086277
0.006642659376477993
0.006652222128259675
0.006661534055600677
0.006670594092793362
0.006679401179309108
0.006687954259981866
0.006696252284864665
0.006704294209111978
0.006712078993263794
0.00671960560320127
0.006726873010049777
0.006733880190154406
0.006740626125197943
0.006747109802283329
0.006753330213701938
0.006759286357280694
0.006764977235940908
0.006770401858188095
0.00677555923783815
0.006780448393974849
0.006785068351178813
0.006789418139475168
0.006793496794184468
0.006797303356079782
0.00680083687138681
0.006804096391716595
0.006807080974213901
0.006809789681394842
0.006812221581285729
0.006814375747365642
0.00681625125860915
0.006817847199483073
0.006819162659999571
0.006820196735608039
0.006820948527416773
0.006821417141958936
0.006821601691381534
0.006821501293432902
0.006821115071356899
0.006820442154153828
0.006819481676368814
0.006818232778025783
0.006816694605160876
0.006814866309146813
0.006812747047244746
0.006810335982380703
0.006807632283270863
0.006804635124296406
0.006801343685737156
0.006797757153625245
0.006793874719972597
0.006789695582471941
0.006785218944858431
0.006780444016810748
0.006775370014041707
0.006769996158167667
0.006764321676897008
0.006758345804178377
0.006752067780033614
0.006745486850578664
0.006738602268418869
0.00673141329227649
0.006723919187344176
0.006716119225214688
0.006708012683945261
0.006699598848266431
0.006690877009362356
0.006681846465285133
0.006672506520760427
0.006662856487529113
0.006652895684089394
0.006642623436145027
0.00663203907647954
0.006621141945159691
0.006609931389505851
0.006598406764458816
0.006586567432424193
0.006574412763560651
0.006561942135838739
0.006549154935217019
0.006536050555797713
0.006522628399893093
0.00650888787825547
0.006494828410167558
0.006480449423838339
0.006465750356222883
0.006450730653462231
0.006435389771066698
0.006419727173998264
0.006403742337016793
0.006387434744839994
0.006370803892339844
0.006353849284839373
0.006336570438468374
0.006318966880181296
0.006301038148265331
0.006282783792512681
0.006264203374629891
0.006245296468368502
0.006226062659987896
0.006206501548767852
0.006186612746928346
0.006166395880359102
0.006145850588964217
0.006124976526963052
0.006103773363327785
0.006082240782293951
0.006060378483817509
0.006038186183924794
0.006015663615316234
0.005992810527937494
0.005969626689325145
0.005946111885332994
0.005922265920689319
0.005898088619506464
0.005873579825872966
0.005848739404790967
0.00582356724248081
0.005798063247186284
0.005772227350205953
0.005746059506141305
0.005719559693997269
0.005692727917919048
0.005665564208049682
0.005638068621345381
0.005610241242482886
0.005582082184871212
0.005553591591440915
0.005524769635891411
0.005495616523487336
0.005466132492260041
0.00543631781404477
0.005406172795777362
0.005375697780424101
0.005344893148377851
0.005313759318738355
0.005282296750514212
0.005250505944063737
0.005218387442410669
0.005185941832758113
0.005153169747858947
0.005120071867736757
0.005086648921042857
0.005052901686898064
0.005018830996383459
0.004984437734297315
0.004949722841168793
0.004914687314728272
0.004879332212045808
0.004843658651467452
0.004807667814419326
0.004771360947649329
0.004734739365356294
0.004697804451090208
0.004660557660284748
0.004623000522361862
0.004585134643196122
0.004546961707334252
0.004508483480632514
0.004469701812676335
0.004430618639401745
0.00439123598570164
0.00435155596811245
0.004311580797696363
0.004271312782634188
0.004230754331291327
0.004189907955046105
0.004148776271366443
0.004107362006650466
0.004065667999629419
0.004023697204188935
0.003981452692868665
0.003938937659821248
0.00389615542434645
0.003853109434016466
0.003809803268218504
0.003766240641466098
0.0037224254068296
0.003678361559481081
0.003634053240192158
0.003589504738724707
0.003544720497429786
0.003499705114899853
0.003454463349218178
0.003409000121923704
0.003363320521115589
0.003317429805132252
0.003271333406117733
0.003225036933309616
0.003178546176565608
0.0031318671095699
0.003085005893266928
0.003037968878926085
0.00299076261131602
0.002943393831699966
0.002895869480803017
0.002848196701423744
0.002800382841195649
0.002752435455006939
0.002704362307249265
0.002656171373996574
0.002607870844839474
0.002559469124555555
0.002510974834467654
0.002462396813761161
0.002413744120088251
0.002365026030323055
0.002316252040758706
0.002267431866812514
0.002218575442699992
0.00216969292040917
0.002120794668393963
0.00207189126986364
0.002022993520374449
0.001974112425151022
0.001925259195849027
0.001876445246652026
0.001827682189850645
0.001778981830915118
0.001730356162843831
0.001681817359776708
0.001633377770199878
0.001585049909122066
0.001536846449882373
0.001488780214999905
0.001440864166250931
0.001393111394080844
0.001345535106204231
0.001298148615433757
0.001250965326586897
0.001203998722693217
0.001157262350277427
0.00111076980401017
0.001064534710272357
0.001018570710308869
0.0009728914419586511
0.0009275105213509228
0.0008824415233225475
0.0008376979613181636
0.0007932932665520014
0.0007492407665892439
0.0007055536632102587
0.000662245009803929
0.0006193276884321635
0.0005768143860998775
0.0005347175711073585
0.0004930494688773885
0.0004518220378409675
0.0004110469450305416
0.0003707355419386286
0.0003308988405453829
0.0002915474894536569
0.0002526917507583827
0.0002143414771891548
0.0001765060902165516
0.0001391945589262096
0.0001024153798495401
6.617655825010655e-05
3.04855904765481e-05
-4.650552152925952e-06
-3.922543736556601e-05
-7.323318463847185e-05
-0.0001066684756084006
-0.0001395265622244034
-0.0001718032728312358
-0.0002034950155713165
-0.0002345987792916442
-0.0002651121316509094
-0.0002950332144800406
-0.0003243607362150673
-0.0003530939614027921
-0.0003812326970500284
-0.0004087772760553113
-0.0004357285376301572
-0.0004620878046839817
-0.0004878568582870647
-0.0005130379093893495
-0.000537633567882426
-0.000561646808894832
-0.0005850809373405116
-0.0006079395499014859
-0.0006302264954950662
-0.0006519458343009817
-0.0006731017957003734
-0.0006936987354925752
-0.0007137410927855669
-0.0007332333471496912
-0.0007521799763017356
-0.0007705854149182142
-0.0007884540150714455
-0.0008057900087573931
-0.0008225974728830235
-0.0008388802976375719
-0.0008546421580683905
-0.0008698864899724882
-0.0008846164701653476
-0.0008988350015186873
-0.0009125447032895958
-0.0009257479069703623
-0.0009384466578633735
-0.0009506427225604284
-0.0009623376026419782
-0.0009735325542036695
-0.0009842286136716363
-0.0009944266295074211
-0.001004127299654261
-0.001013331214475195
-0.001022038904865524
-0.00103025089514261
-0.001037967760098856
-0.001045190185728408
-0.001051919033218953
-0.001058155405204396
-0.001063900713747252
-0.001069156749472533
-0.001073925750916236
-0.001078210473257987
-0.001082014256007018
-0.001085341088546061
-0.001088195673165141
-0.001090583484476511
-0.001092510825091231
-0.001093984876395233
-8.096244920363692e-07
-3.780513466503359e-07
4.294059072800969e-08
4.522512639811265e-07
8.489713476587902e-07
1.231905817123866e-06
1.600014407047954e-06
1.952185321680132e-06
2.287517994622131e-06
2.604812240319685e-06
2.903027598321878e-06
3.181304929766088e-06
3.438653531994836e-06
3.67407608086526e-06
3.886794736584677e-06
4.076006426557887e-06
4.24084639742872e-06
4.380738362368028e-06
4.49502361018781e-06
4.583028799137696e-06
4.644382909925601e-06
4.678645957229585e-06
4.685471602510746e-06
4.66458952185075e-06
4.615719969289288e-06
4.538842534284557e-06
4.433863607888791e-06
4.300812881255468e-06
4.139892227421511e-06
3.951256093325721e-06
3.735092675609365e-06
3.49174252621575e-06
3.221646269903182e-06
2.925348486563503e-06
2.603326927689404e-06
2.256108814520911e-06
1.884434114147961e-06
1.488959380207855e-06
1.070498440540268e-06
6.298477729849887e-07
1.678569530529799e-07
-3.145779862477951e-07
-8.165261822222784e-07
-1.337032453138895e-06
-1.875095130996645e-06
-2.429700530765246e-06
-2.999771938616832e-06
-3.584249294391267e-06
-4.182204540702323e-06
-4.792343251500957e-06
-5.413806232944295e-06
-6.04533832036677e-06
-6.686005332640572e-06
-7.334636373462838e-06
-7.990205131007026e-06
-8.651725226371492e-06
-9.318086571057202e-06
-9.98830825964669e-06
-1.066144533672755e-05
-1.133642170227073e-05
-1.201245746939675e-05
-1.268849991805643e-05
-1.336375734493298e-05
-1.403740467563304e-05
-1.470855996207304e-05
-1.537653810784352e-05
-1.604051545331039e-05
-1.66999152160148e-05
-1.735397613483619e-05
-1.800214063112625e-05
-1.864383409427308e-05
-1.927847410749625e-05
-1.990558360579614e-05
-2.052475502613684e-05
-2.113559927055021e-05
-2.17376356238594e-05
-2.23306908262358e-05
-2.291435542774783e-05
-2.348841686969521e-05
-2.405277305040003e-05
-2.460712132716083e-05
-2.515147319682057e-05
-2.568557896180028e-05
-2.620952930777322e-05
-2.672324875123587e-05
-2.722676097847011e-05
-2.772016950252967e-05
-2.820357842022106e-05
-2.867705223380098e-05
-2.91407330624755e-05
-2.959485301449365e-05
-3.003963831152602e-05
-3.047536723925652e-05
-3.090212307375867e-05
-3.132041634410271e-05
-3.173048489314096e-05
-3.213262373240683e-05
-3.252731384421922e-05
-3.291484604164466e-05
-3.329564892990275e-05
-3.367012213279884e-05
-3.403878819057264e-05
-3.440199388141219e-05
-3.476030530067592e-05
-3.511420385956828e-05
-3.546408383183919e-05
-3.581056102540158e-05
-3.615418535673019e-05
-3.649534127067309e-05
-3.68347247665378e-05
-3.717282409417725e-05
-3.751015424814681e-05
-3.784732227008119e-05
-3.818485215803222e-05
-3.852332780316314e-05
-3.886344306238116e-05
-3.920564046705018e-05
-3.955048619117341e-05
-3.98985948786779e-05
-4.025061306452626e-05
-4.06070018400228e-05
-4.096841702621248e-05
-4.133540752588649e-05
-4.170850044118102e-05
-4.208835225538671e-05
-4.247541960630169e-05
-4.287039036729452e-05
-4.327371229305194e-05
-4.368590675791853e-05
-4.410758235340855e-05
-4.453930989767529e-05
-4.498145215048164e-05
-4.543470132185856e-05
-4.589940170310463e-05
-4.637623839050732e-05
-4.686549250160952e-05
-4.736775383631349e-05
-4.788341114697374e-05
-4.841297202912455e-05
-4.895680344344041e-05
-4.951535689901265e-05
-5.008912078376453e-05
-5.067823681293476e-05
-5.12832912602634e-05
-5.190458749755123e-05
-5.254234503981675e-05
-5.31970243335651e-05
-5.386881075940297e-05
-5.455802694211885e-05
-5.526489558761819e-05
-5.598957969440231e-05
-5.673234745857771e-05
-5.749332581623606e-05
-5.827266269875752e-05
-5.907050531246523e-05
-5.988676455011101e-05
-6.072170508870654e-05
-6.157518139260754e-05
-6.24472128098707e-05
-6.333769222454488e-05
-6.424662940889208e-05
-6.51737578791361e-05
-6.611885836378143e-05
-6.708177381360906e-05
-6.80621843568805e-05
-6.905968477764207e-05
-7.007390931362901e-05
-7.110442317456202e-05
-7.215065221956467e-05
-7.321206256548703e-05
-7.428793136114384e-05
-7.537761283460158e-05
-7.648028535474244e-05
-7.759508625900904e-05
-7.872098896666798e-05
-7.985708790408575e-05
-8.100216590190041e-05
-8.215495767408898e-05
-8.331424232928707e-05
-8.447852694393953e-05
-8.564640173484657e-05
-8.681615563013793e-05
-8.798609641888268e-05
-8.915436567859299e-05
-9.031898815686391e-05
-9.147781669151138e-05
-9.262873811231149e-05
-9.376930378250987e-05
-9.489710101557197e-05
-9.600946973054669e-05
-9.710366417981374e-05
-9.817676965720767e-05
-9.92258074832298e-05
-0.0001002474706662319
-0.0001012386051784278
-0.0001021956039111291
-0.0001031148828248655
-0.0001039926444021063
-0.0001048250793349848
-0.0001056080073478423
-0.0001063373929496956
-0.0001070088996927491
-0.0001076180403917024
-0.000108160286917857
-0.0001086311796708083
-0.0001090258002757231
-0.0001093393777788447
-0.0001095670972258398
-0.0001097039723867703
-0.0001097451484726574
-0.0001096855898857978
-0.0001095203564298617
-0.0001092445358603826
-0.0001088533493579959
-0.0001083419095541897
-0.0001077056704078737
-0.000106940066349375
-0.0001060407730724307
-0.0001050037486704031
-0.0001038249861096678
-0.0001025011273229014
-0.0001010287027088259
-9.940482433885947e-05
-9.762709219110485e-05
-9.569328702596438e-05
-9.360182346711745e-05
-9.13515598670837e-05
-8.894193693837555e-05
-8.63728812749723e-05
-8.364495491647708e-05
-8.075933808231403e-05
-7.771780086285719e-05
-7.452283458688496e-05
-7.117754466848485e-05
-6.768580759642558e-05
-6.405203610198523e-05
-6.028145245747642e-05
-5.637989175134556e-05
-5.235392465150251e-05
-4.821072980908468e-05
-4.395807440217153e-05
-3.960425419424995e-05
-3.515828743633747e-05
-3.062963804086315e-05
-2.60282046168542e-05
-2.136434424189783e-05
-1.664873248693059e-05
-1.189230001173302e-05
-7.106311136639037e-06
-2.302163046704917e-06
2.508578577045578e-06
7.314554479735209e-06
1.210418651235902e-05
1.686614341947445e-05
2.158907093006605e-05
2.626220860283467e-05
3.087475243588136e-05
3.541649913880791e-05
3.987752692659963e-05
4.424845849937292e-05
4.852043029442206e-05
5.268500006703857e-05
5.67346371520955e-05
6.066203899281887e-05
6.446092697018162e-05
6.812529592462232e-05
7.165024396158011e-05
7.503118116511697e-05
7.826448505723581e-05
8.134696044391661e-05
8.427624886904437e-05
8.705067436100327e-05
8.966909587063203e-05
9.213085221653416e-05
9.443620212230106e-05
9.658573638807196e-05
9.858063891457242e-05
0.0001004224799041005
0.0001021133921818491
0.0001036559138821998
0.000105052920100409
0.0001063076880231975
0.0001074237288673112
0.0001084049251525359
0.0001092553915289704
0.0001099792085058931
0.0001105809861753371
0.0001110651459995944
0.0001114365301461435
0.0001116997786299841
0.0001118596091410119
0.0001119210140836125
0.0001118887911254383
0.0001117676325978136
0.0001115623980582097
0.0001112777738231616
0.000110918450946509
0.0001104888333810781
0.0001099935307819759
0.0001094367797131747
0.0001088229343765954
0.0001081560245033018
0.0001074400442052218
0.0001066787141317378
0.0001058759751824429
0.0001050352036822243
0.0001041598579670012
0.0001032531959504742
0.0001023183722699776
0.0001013583691502728
0.0001003760547865319
9.937407491199961e-05
9.835492387665727e-05
9.732124065555921e-05
9.627513988321087e-05
9.52188905584509e-05
9.415448750987719e-05
9.308381442533734e-05
9.200884298112837e-05
9.093114688655564e-05
8.985227720435376e-05
8.877372699085526e-05
8.769697667359482e-05
8.662329797761963e-05
8.555376945899272e-05
8.448967544548554e-05
8.343191766237301e-05
8.238139874986643e-05
8.133915335526172e-05
8.030585955440215e-05
7.928232542032552e-05
7.826915955658995e-05
7.726704238482604e-05
7.627650390304428e-05
7.529805555581766e-05
7.433207355212016e-05
7.337900171020114e-05
7.243920463750425e-05
7.151301655362153e-05
7.060064507454465e-05
6.970245976385637e-05
6.881855950757759e-05
6.794908213776267e-05
6.709426378358256e-05
6.625414980952071e-05
6.542889736051686e-05
6.461837313327288e-05
6.382289012558386e-05
6.304225111302428e-05
6.227655186790158e-05
6.15257768260296e-05
6.078984389604165e-05
6.006866380690461e-05
5.936212827864468e-05
5.867031477303883e-05
5.799307367795783e-05
5.733013073735906e-05
5.668164795803293e-05
5.604729611081018e-05
5.542695547337809e-05
5.482048285265138e-05
5.422780916581265e-05
5.364862881929982e-05
5.30828842477368e-05
5.253045997350597e-05
5.199103343132865e-05
5.146455740883142e-05
5.095078333861277e-05
5.044941259031664e-05
4.996047474113276e-05
4.948368671083982e-05
4.901886136895295e-05
4.856571397204679e-05
4.812418144039969e-05
4.769400766229701e-05
4.727495498066962e-05
4.686682811950044e-05
4.646951648999895e-05
4.608282446436909e-05
4.570650968065231e-05
4.53401436146081e-05
4.498403954503729e-05
4.463758903893857e-05
4.430071189975529e-05
4.397328113477771e-05
4.365505717263693e-05
4.334587218459609e-05
4.304548395359476e-05
4.275375459625441e-05
4.247044638219478e-05
4.219546400222841e-05
4.192851376812327e-05
4.166941251734264e-05
4.141808976168046e-05
4.117448372965962e-05
4.093814322410434e-05
4.070896422072786e-05
4.048682157881216e-05
4.027172482263265e-05
4.006320077151268e-05
3.986126790787742e-05
3.966577365531717e-05
3.947644115280869e-05
3.929326771896739e-05
3.911592029682374e-05
3.894442943276209e-05
3.877852553957307e-05
3.86182123859921e-05
3.846321636557262e-05
3.831344891703896e-05
3.816865320933281e-05
3.802874705409188e-05
3.789384468602411e-05
3.776349783484584e-05
3.763757261808978e-05
3.751622097374131e-05
3.73990604128154e-05
3.728608385340922e-05
3.717720117361675e-05
3.707216876006907e-05
3.697102235679752e-05
3.687350778892355e-05
3.677953162295334e-05
3.66891058385946e-05
3.660210879026746e-05
3.651829638066462e-05
3.643760090844367e-05
3.635998778308763e-05
3.628522114236185e-05
3.621359310195869e-05
3.614446559000169e-05
3.607818838775124e-05
3.601443098917193e-05
3.595315427177019e-05
3.589420215779625e-05
3.583763865126329e-05
3.578331210773663e-05
3.573108888491107e-05
3.568097302766212e-05
3.563271366194889e-05
3.55864029741809e-05
3.554203018585493e-05
3.549935599803095e-05
3.545826717252871e-05
3.541897402747825e-05
3.538108669400949e-05
3.534467889011075e-05
3.530954941107466e-05
3.527593394406784e-05
3.524345055542453e-05
3.521228604794582e-05
3.518217713441502e-05
3.515321004171176e-05
3.512508839673606e-05
3.509817168070468e-05
3.507198657339553e-05
3.504666444291139e-05
3.502220455055795e-05
3.499844047634394e-05
3.497533227200323e-05
3.495291303228952e-05
3.493106196829997e-05
3.490970121507972e-05
3.488886550605762e-05
3.486832853112225e-05
3.484838814392082e-05
3.482871018564522e-05
3.480926210074257e-05
3.479015690419752e-05
3.477116999332262e-05
3.475239993772452e-05
3.473376777223566e-05
3.471521557262171e-05
3.469679711046785e-05
3.467834402889314e-05
3.465978082349913e-05
3.464116454942191e-05
3.46225312997441e-05
3.460373488443656e-05
3.458473560919302e-05
3.456557770653909e-05
3.454621386973216e-05
3.45264576043297e-05
3.450660958489586e-05
3.448621890826727e-05
3.446554207794749e-05
3.444457826775379e-05
3.442313968432699e-05
3.440126716377091e-05
3.437891284834344e-05
3.435599736208159e-05
3.433255559697924e-05
3.430880245373821e-05
3.428420855660586e-05
3.425901370188367e-05
3.423334931865012e-05
3.420696110212835e-05
3.417997583522723e-05
3.415224596497241e-05
3.412382800571426e-05
3.40945925131774e-05
3.40646351629152e-05
3.403401987322814e-05
3.400246800500643e-05
3.397016534264743e-05
3.393693575837479e-05
3.390288731650937e-05
3.386804108325675e-05
3.383231141049686e-05
3.379567579677947e-05
3.375818212444732e-05
3.371967222922242e-05
3.368005980264584e-05
3.363968284221803e-05
3.359827042323601e-05
3.355594129512449e-05
3.351245210727119e-05
3.346791384012438e-05
3.34223951417662e-05
3.337580824445472e-05
3.332823789985391e-05
3.327967501510865e-05
3.322971931965887e-05
3.317894901746987e-05
3.312691543478738e-05
3.307377492806497e-05
3.301960368621647e-05
3.296404628910575e-05
3.290744779685633e-05
3.284982238942938e-05
3.279083094450937e-05
3.273066721314677e-05
3.266949553873783e-05
3.26069218488073e-05
3.254313768147915e-05
3.247814540072288e-05
3.241199035172926e-05
3.234457290345979e-05
3.227587390428509e-05
3.220596136086348e-05
3.213479794246616e-05
3.206230193390189e-05
3.198852566724281e-05
3.191349814354116e-05
3.183717967850648e-05
3.175964008560316e-05
3.168067656777713e-05
3.160046764675452e-05
3.151892674717772e-05
3.143611300491695e-05
3.135201076952592e-05
3.126638272248475e-05
3.117965814478203e-05
3.10914234109388e-05
3.100196785823105e-05
3.091120781988321e-05
3.081889343689053e-05
3.072541625472944e-05
3.063043766890524e-05
3.053431816166381e-05
3.043653290232285e-05
3.03376052427488e-05
3.023721906729969e-05
3.013551967475954e-05
3.003233725707422e-05
2.992793382522451e-05
2.982199936275945e-05
2.971487271599819e-05
2.960610548782188e-05
2.949620250763045e-05
2.938465074109676e-05
2.927194540956282e-05
2.915780175927716e-05
2.904220895258872e-05
2.892522779604921e-05
2.880691910880812e-05
2.868721667284637e-05
2.85660926122291e-05
2.844341603083877e-05
2.831954094866726e-05
2.819411690963238e-05
2.80674407612382e-05
2.793937228006042e-05
2.780982341270822e-05
2.767883624889898e-05
2.754654824641332e-05
2.741285906811857e-05
2.727778644855187e-05
2.714123831024673e-05
2.70034082892843e-05
2.686404034729519e-05
2.672333897638614e-05
2.658134163549197e-05
2.643785492242312e-05
2.629299399636892e-05
2.614679214492704e-05
2.599914089426375e-05
2.585015565436413e-05
2.569976353004049e-05
2.554791511035665e-05
2.539474122832481e-05
2.524028449406983e-05
2.508432885448308e-05
2.492703983245132e-05
2.476830679283798e-05
2.460841556487264e-05
2.444688423800484e-05
2.428411803724415e-05
2.412001888831541e-05
2.395446877015845e-05
2.378759836883661e-05
2.361953998569171e-05
2.344982720477798e-05
2.327895524110668e-05
2.310657041686785e-05
2.293298632768049e-05
2.275809380080712e-05
2.258175811801798e-05
2.240413246348366e-05
2.222515349545338e-05
2.204486867099163e-05
2.186324924815058e-05
2.168026264957731e-05
2.149615280888292e-05
2.131038138511695e-05
2.112350412707554e-05
2.093528659135745e-05
2.074577190347098e-05
2.055488884559407e-05
2.036289778909774e-05
2.016938843922746e-05
1.99746776780676e-05
1.977864479138291e-05
1.958130711235333e-05
1.938281588109334e-05
1.918292385630924e-05
1.898174785299644e-05
1.87794743089553e-05
1.857588166421768e-05
1.837091907016142e-05
1.816473301648606e-05
1.795731619791004e-05
1.77485783119111e-05
1.753866693992787e-05
1.732762854974305e-05
1.711523405014369e-05
1.690158996378108e-05
1.668670801724438e-05
1.647071052828631e-05
1.625340008206048e-05
1.603492187991556e-05
1.581514432976659e-05
1.559426386991608e-05
1.537218937702243e-05
1.514892445799769e-05
1.492432757613647e-05
1.469878579252802e-05
1.447191099061978e-05
1.424390683853384e-05
1.401468938715049e-05
1.378435516445322e-05
1.355281177415856e-05
1.332019466541401e-05
1.308632435962492e-05
1.285131589116658e-05
1.261523727610005e-05
1.237804675214017e-05
1.213965096590912e-05
1.190017925365802e-05
1.165947344577189e-05
1.141779608335793e-05
1.117498655395696e-05
1.093089943838294e-05
1.068596827416318e-05
1.043983555019091e-05
1.019260188655566e-05
9.944316054005407e-06
9.694817962049119e-06
9.444363595458212e-06
9.192874809983855e-06
8.940248936724295e-06
8.686493080189056e-06
8.431881070037066e-06
8.176167940587771e-06
7.91927769703681e-06
7.661350775755969e-06
7.402527741458547e-06
7.142659678914895e-06
6.881705320027376e-06
6.619793572429665e-06
6.356840520045523e-06
6.092986393849462e-06
5.827961282020019e-06
5.561975188441727e-06
5.295050583029189e-06
5.027176387781284e-06
4.75825188716645e-06
4.488204150621133e-06
4.217583523708347e-06
3.945716285834835e-06
3.672968391602342e-06
3.399174776929487e-06
3.124461504330024e-06
2.848955490483918e-06
2.572380686672644e-06
2.294855237118011e-06
2.016433367936808e-06
1.737167039487792e-06
1.456960476229388e-06
1.175728321777631e-06
8.937837274496574e-07
6.108754332084104e-07
3.269550068879252e-07
4.231585688698868e-08
-2.43386540410578e-07
-5.29799501475123e-07
-8.17147695760667e-07
-1.105238146608171e-06
-1.394452512202426e-06
-1.684218966669889e-06
-1.97510047003036e-06
-2.266708124465025e-06
-2.559085063569565e-06
-2.852343124608363e-06
-3.146500454605396e-06
-3.441352651658495e-06
-3.73711258685368e-06
-4.03347911917388e-06
-4.330875166482341e-06
-4.629039310925418e-06
-4.927906108439395e-06
-5.227483251316306e-06
-5.528007144194828e-06
-5.82933965027118e-06
-6.131161708244491e-06
-6.43400996155121e-06
-6.737574603579764e-06
-7.041738028153703e-06
-7.346701532224002e-06
-7.652448553184857e-06
-7.958931906637843e-06
-8.266073552162996e-06
-8.573925878400073e-06
-8.88253942774565e-06
-9.191771803431929e-06
-9.501777610187995e-06
-9.812392711076732e-06
-1.012373667458604e-05
-1.043572547070206e-05
-1.074843473783139e-05
-1.106176701474011e-05
-1.137579831069776e-05
-1.169035299138121e-05
-1.200564436855774e-05
-1.232148132040493e-05
-1.263801885296374e-05
-1.295511763403889e-05
-1.327278927881191e-05
-1.359104444784571e-05
-1.391000714758246e-05
-1.422950655413619e-05
-1.454942887131891e-05
-1.48700400152261e-05
-1.519124426596149e-05
-1.551289576192589e-05
-1.583516195641494e-05
-1.615779387689143e-05
-1.648111880693636e-05
-1.680484829100028e-05
-1.712910633427739e-05
-1.7453755999658e-05
-1.777903046335586e-05
-1.810468920377324e-05
-1.843075946311315e-05
-1.875719333402355e-05
-1.908408554498248e-05
-1.941157628812835e-05
-1.97391572587086e-05
-2.006729014556067e-05
-2.039587904956029e-05
-2.072470718211596e-05
-2.105385475277092e-05
-2.138338412606389e-05
-2.171318794093708e-05
-2.204325673065138e-05
-2.237362845319787e-05
-2.270425367584439e-05
-2.303507535819712e-05
-2.33662779998993e-05
-2.369751653173737e-05
-2.402899059680722e-05
-2.436069765489333e-05
-2.469258085567893e-05
-2.502440379192321e-05
-2.535645808729261e-05
-2.56887174482232e-05
-2.60207260425217e-05
-2.635293532840345e-05
-2.668515661949853e-05
-2.701736487008733e-05
-2.734953891441272e-05
-2.768160687029969e-05
-2.801359055750824e-05
-2.834535880329303e-05
-2.867720612614302e-05
-2.900862443129519e-05
-2.933995573324545e-05
-2.967097904758205e-05
-3.000177633847778e-05
-3.033209539550751e-05
-3.066214632247079e-05
-3.099185119139176e-05
-3.132103760421279e-05
-3.164979611424105e-05
-3.197797006696665e-05
-3.230564250096757e-05
-3.263261956843952e-05
-3.295905838475698e-05
-3.32847572516767e-05
-3.360970682758311e-05
-3.393374946968686e-05
-3.425700855407247e-05
-3.457938870644134e-05
-3.490073928662834e-05
-3.522110769999938e-05
-3.554043857339351e-05
-3.585839729013178e-05
-3.617538737701911e-05
-3.649106866278025e-05
-3.680519570015435e-05
-3.711810038356671e-05
-3.742944533897022e-05
-3.773926473495131e-05
-3.804735917902762e-05
-3.835380341014289e-05
-3.865838839981351e-05
-3.896109962739074e-05
-3.926180332397609e-05
-3.95604700615404e-05
-3.985703031719349e-05
-4.015118156002446e-05
-4.044305429131659e-05
-4.073248939240844e-05
-4.101933858425901e-05
-4.130342544555093e-05
-4.158492997404501e-05
-4.186338599988153e-05
-4.213890927201206e-05
-4.241118795231702e-05
-4.268028600451994e-05
-4.294593701923517e-05
-4.320813800509838e-05
-4.34666112149121e-05
-4.372135212007684e-05
-4.397227402157461e-05
-4.421904822274065e-05
-4.446151865075508e-05
-4.46996985547152e-05
-4.493331980571732e-05
-4.516223431624226e-05
-4.538650347584258e-05
-4.560551578334891e-05
-4.581941258888e-05
-4.602801650107431e-05
-4.623106227956045e-05
-4.642846332260521e-05
-4.661985288842402e-05
-4.680530650112474e-05
-4.698440415848676e-05
-4.715711455158071e-05
-4.732312773877761e-05
-4.748240946727861e-05
-4.763449038551481e-05
-4.77793878646007e-05
-4.791687118375795e-05
-4.804661656206464e-05
-4.816852682236803e-05
-4.828235842035432e-05
-4.838788002093627e-05
-4.848480754499258e-05
-4.857310450449037e-05
-4.865233386250036e-05
-4.872253503241839e-05
-4.878329773660238e-05
-4.883435836075577e-05
-4.887567052846761e-05
-4.890687800220293e-05
-4.892783309891964e-05
-4.893838543400112e-05
-4.893812993148115e-05
-4.892696775987629e-05
-4.890472527742551e-05
-4.887119064527271e-05
-4.882609785680912e-05
-4.87693377147824e-05
-4.870065517308802e-05
-4.861982517026477e-05
-4.852673949395338e-05
-4.842116464596863e-05
-4.830304695661582e-05
-4.817219275912617e-05
-4.802838992921128e-05
-4.787156000800888e-05
-4.770158658721983e-05
-4.751839360565258e-05
-4.732177483872219e-05
-4.711167404082891e-05
-4.688802223005362e-05
-4.665083181388159e-05
-4.640005075789047e-05
-4.613563300789861e-05
-4.585742179863243e-05
-4.556569810475135e-05
-4.52603258989653e-05
-4.494142759655661e-05
-4.460899808507508e-05
-4.426321764365647e-05
-4.390411198749246e-05
-4.35318454220218e-05
-4.314673653250614e-05
-4.274869301610176e-05
-4.233811527951895e-05
-4.191513634188945e-05
-4.14801044988469e-05
-4.103320997414262e-05
-4.057476358988727e-05
-4.010519460287859e-05
-3.962472022515364e-05
-3.913384933388459e-05
-3.863286526777689e-05
-3.812223013510436e-05
-3.760238806876958e-05
-3.707376663892535e-05
-3.653699990548311e-05
-3.599237962990649e-05
-3.544046730292381e-05
-3.488202141734532e-05
-3.431729122413781e-05
-3.374697889317387e-05
-3.317167510146467e-05
-3.259177250137821e-05
-3.20080709730529e-05
-3.142102477594425e-05
-3.083134729112425e-05
-3.023951303436389e-05
-2.964605396214968e-05
-2.905154507432392e-05
-2.845664824928098e-05
-2.78618044613045e-05
-2.726753203285551e-05
-2.667439002813359e-05
-2.608276521937754e-05
-2.549314596509442e-05
-2.490593256035222e-05
-2.432163296463109e-05
-2.374027128720005e-05
-2.316247280989331e-05
-2.258847860115297e-05
-2.201843090689153e-05
-2.14524732151758e-05
-2.089080790848439e-05
-2.033357958048396e-05
-1.97808450205106e-05
-1.92325895748122e-05
-1.868882884998604e-05
-1.814941291499011e-05
-1.761430741209006e-05
-1.708342055615908e-05
-1.655646316099809e-05
-1.60333290595733e-05
-1.551375100228831e-05
-1.499747074051411e-05
-1.448427221417779e-05
-1.397382228169366e-05
-1.346584200824626e-05
-1.296006145580285e-05
-1.24561607244257e-05
-1.195388477545764e-05
-1.145302583977808e-05
-1.095327534042747e-05
-1.045449512641601e-05
-9.956446553936763e-06
-9.459080606770016e-06
-8.962219901096398e-06
-8.465868086769625e-06
-7.970097424342829e-06
-7.47494784603167e-06
-6.980528404103538e-06
-6.487123560194757e-06
-5.994928594927308e-06
-5.504306708706562e-06
-5.01569612616739e-06
-4.529574056893137e-06
-4.046515553952063e-06
-3.567129951610848e-06
-3.092018716560911e-06
-2.622060647551247e-06
-2.157861771413507e-06
-1.700530075914519e-06
-1.250780383426232e-06
0
