-0.001465507574055966
-0.001499610640802887
-0.001533713886535885
-0.00156781616965367
-0.00160191633248234
-0.001636013201752796
-0.001670105589081905
-0.001704192291395286
-0.001738272091403789
-0.001772343758014724
-0.001806406046778275
-0.001840457700285272
-0.00187449744857024
-0.001908524009531931
-0.001942536089304642
-0.00197653238262726
-0.002010511573252897
-0.00204447233425885
-0.002078413328453606
-0.002112333208693909
-0.002146230618224827
-0.002180104191021484
-0.002213952552124848
-0.002247774317933205
-0.00228156809652813
-0.002315332487980983
-0.002349066084649095
-0.002382767471462854
-0.002416435226216243
-0.002450067919836055
-0.002483664116669338
-0.002517222374745234
-0.002550741246028786
-0.002584219276682893
-0.00261765500731847
-0.00265104697324546
-0.002684393704702827
-0.002717693727096251
-0.002750945561234715
-0.002784147723542044
-0.002817298726300264
-0.002850397077835817
-0.002883441282761761
-0.002916429842153285
-0.002949361253778415
-0.002982234012282551
-0.003015046609385776
-0.00304779753406654
-0.00308048527275946
-0.003113108309540711
-0.003145665126284735
-0.003178154202862922
-0.003210574017308049
-0.003242923045976586
-0.003275199763720277
-0.003307402644054382
-0.003339530159288531
-0.003371580780722758
-0.00340355297876519
-0.003435445223100223
-0.003467255982822424
-0.003498983726591887
-0.003530626922766061
-0.003562184039540118
-0.003593653545076468
-0.003625033907657027
-0.003656323595779063
-0.003687521078316775
-0.003718624824616059
-0.003749633304640831
-0.003780544989083425
-0.00381135834947322
-0.00384207185830554
-0.003872683989147743
-0.003903193216752469
-0.003933598017156972
-0.003963896867806714
-0.003994088247647484
-0.0040241706372235
-0.004054142518790527
-0.004084002376411999
-0.004113748696034537
-0.004143379965625202
-0.004172894675217188
-0.00420229131702264
-0.004231568385537742
-0.004260724377589256
-0.004289757792468069
-0.004318667131975891
-0.00434745090051897
-0.004376107605196473
-0.004404635755870615
-0.004433033865251548
-0.004461300448957273
-0.004489434025613749
-0.004517433116908783
-0.004545296247664247
-0.004573021945912602
-0.004600608742964817
-0.004628055173474511
-0.004655359775503938
-0.004682521090594745
-0.004709537663818051
-0.00473640804385511
-0.004763130783030784
-0.004789704437401448
-0.004816127566801141
-0.004842398734891072
-0.004868516509221572
-0.004894479461288326
-0.004920286166589912
-0.004945935204658521
-0.004971425159133813
-0.004996754617810985
-0.005021922172672198
-0.005046926419939038
-0.005071765960141781
-0.005096439398134019
-0.005120945343142234
-0.005145282408838564
-0.005169449213339252
-0.005193444379265528
-0.005217266533801479
-0.005240914308700417
-0.005264386340346373
-0.005287681269770719
-0.005310797742714479
-0.005333734409633391
-0.005356489925763206
-0.005379062951118808
-0.005401452150556183
-0.005423656193776138
-0.005445673755391656
-0.005467503514912443
-0.005489144156807166
-0.005510594370515267
-0.00553185285047359
-0.00555291829615558
-0.005573789412070878
-0.005594464907818552
-0.005614943498078573
-0.005635223902676294
-0.005655304846556213
-0.005675185059831122
-0.005694863277794335
-0.005714338240943504
-0.005733608694990727
-0.005752673390881877
-0.00577153108481997
-0.005790180538272055
-0.005808620517989567
-0.005826849796014848
-0.005844867149704188
-0.005862671361732557
-0.005880261220119944
-0.00589763551821637
-0.005914793054733744
-0.005931732633750257
-0.005948453064717778
-0.00596495316246353
-0.005981231747215558
-0.005997287644589261
-0.006013119685609837
-0.00602872670670656
-0.006044107549722443
-0.006059261061911717
-0.006074186095965644
-0.006088881509985575
-0.006103346167504827
-0.006117578937479365
-0.006131578694309914
-0.006145344317811984
-0.006158874693232869
-0.00617216871126256
-0.00618522526800575
-0.006198043265005062
-0.006210621609224738
-0.006222959213057832
-0.006235054994308349
-0.006246907876208872
-0.006258516787405534
-0.006269880661941302
-0.006280998439280932
-0.006291869064289947
-0.00630249148721968
-0.006312864663714531
-0.006322987554816176
-0.006332859126930667
-0.006342478351847151
-0.006351844206716396
-0.006360955674048983
-0.006369811741714901
-0.006378411402934018
-0.006386753656249621
-0.006394837505559674
-0.006402661960071842
-0.006410226034325641
-0.006417528748162028
-0.006424569126738847
-0.006431346200505278
-0.006437859005205972
-0.00644410658187528
-0.00645008797682454
-0.006455802241640109
-0.006461248433175701
-0.006466425613560197
-0.006471332850167266
-0.006475969215638587
-0.006480333787864039
-0.006484425649981033
-0.006488243890379186
-0.006491787602692955
-0.006495055885800717
-0.006498047843825669
-0.006500762586139536
-0.006503199227368153
-0.006505356887386649
-0.006507234691317547
-0.006508831769559539
-0.006510147257780154
-0.00651118029691009
-0.006511930033184749
-0.006512395618128984
-0.006512576208588612
-0.006512470966729607
-0.006512079060063118
-0.006511399661464093
-0.006510431949193218
-0.006509175106924657
-0.006507628323755175
-0.006505790794242239
-0.006503661718451698
-0.00650124030195068
-0.006498525755886929
-0.00649551729700385
-0.006492214147677727
-0.006488615535990293
-0.006484720695749202
-0.006480528866558396
-0.006476039293869147
-0.006471251229039163
-0.00646616392940105
-0.006460776658326528
-0.006455088685308728
-0.006449099286033636
-0.00644280774246318
-0.006436213342930021
-0.006429315382221353
-0.006422113161692312
-0.006414605989350586
-0.006406793180004514
-0.006398674055335306
-0.006390247944059664
-0.006381514182034474
-0.006372472112415754
-0.006363121085792704
-0.006353460460349843
-0.006343489602018366
-0.006333207884654531
-0.006322614690219518
-0.006311709408962625
-0.006300491439625718
-0.006288960189636981
-0.006277115075355824
-0.006264955522265681
-0.006252480965241034
-0.006239690848781336
-0.006226584627284234
-0.006213161765316411
-0.006199421737894718
-0.006185364030796964
-0.006170988140859543
-0.006156293576322145
-0.006141279857171708
-0.006125946515471213
-0.006110293095771388
-0.006094319155470845
-0.006078024265234187
-0.006061408009417362
-0.006044469986499681
-0.00602720980954622
-0.006009627106691907
-0.005991721521638042
-0.005973492714160936
-0.0059549403606698
-0.005936064154746292
-0.005916863807749313
-0.005897339049414089
-0.005877489628467635
-0.00585731531331808
-0.005836815892692459
-0.005815991176395799
-0.005794840995997591
-0.005773365205617165
-0.005751563682714924
-0.005729436328908077
-0.005706983070822095
-0.005684203860975016
-0.005661098678683061
-0.00563766753102965
-0.005613910453819752
-0.005589827512613265
-0.005565418803777261
-0.005540684455570018
-0.005515624629272242
-0.005490239520352881
-0.005464529359675728
-0.005438494414747563
-0.00541213499100676
-0.005385451433156264
-0.005358444126545382
-0.005331113498575565
-0.005303460020200051
-0.00527548420740143
-0.005247186622789037
-0.005218567877186451
-0.005189628631314206
-0.005160369597487682
-0.005130791541412763
-0.005100895283968595
-0.005070681703107273
-0.005040151735796739
-0.005009306379969531
-0.004978146696607164
-0.004946673811812394
-0.004914888918998628
-0.004882793281080893
-0.004850388232783366
-0.004817675182974802
-0.004784655617061977
-0.004751331099478779
-0.00471770327620089
-0.00468377387733019
-0.004649544719780425
-0.004615017709975505
-0.004580194846646058
-0.004545078223661287
-0.004509670032963976
-0.004473972567536687
-0.004437988224427133
-0.004401719507881792
-0.00436516903247439
-0.004328339526362636
-0.004291233834531265
-0.004253854922192586
-0.004216205878130626
-0.004178289918190079
-0.004140110388775967
-0.004101670770403767
-0.004062974681324065
-0.004024025881153529
-0.003984828274600269
-0.003945385915168284
-0.003905703008948139
-0.003865783918401616
-0.003825633166194064
-0.003785255439051052
-0.003744655591603446
-0.003703838650267976
-0.003662809817118799
-0.003621574473767455
-0.00358013818520094
-0.003538506703651441
-0.003496685972382643
-0.003454682129473035
-0.003412501511549204
-0.003370150657449158
-0.003327636311820434
-0.003284965428651041
-0.003242145174685738
-0.003199182932749131
-0.003156086304954538
-0.00311286311576096
-0.003069521414894477
-0.003026069480078082
-0.002982515819622647
-0.002938869174765015
-0.002895138521812649
-0.002851333074055398
-0.002807462283377082
-0.002763535841638999
-0.002719563681700727
-0.002675555978161508
-0.002631523147720043
-0.002587475849174643
-0.002543424983001953
-0.002499381690522634
-0.002455357352627665
-0.002411363587980282
-0.002367412250745562
-0.002323515427759056
-0.002279685435157058
-0.002235934814362047
-0.002192276327485081
-0.002148722952076189
-0.002105287875135885
-0.002061984486477611
-0.002018826371305165
-0.0019758273020434
-0.001933001229338234
-0.001890362272266091
-0.001847924707657905
-0.001805702958573862
-0.001763711581853076
-0.001721965254758628
-0.001680478760664872
-0.001639266973796079
-0.001598344842996256
-0.001557727374493199
-0.0015174296136954
-0.001477466625971848
-0.00143785347643958
-0.001398605208763819
-0.001359736822955865
-0.001321263252222165
-0.001283199338831898
-0.001245559809087626
-0.001208359247366976
-0.0011716120693422
-0.001135332494345219
-0.001099534517009309
-0.001064231878192159
-0.001029438035245488
-0.0009951661317647315
-0.0009614289668536617
-0.0009282389639699434
-0.0008956081395603555
-0.0008635480714526164
-0.0008320698672587435
-0.0008011841328044384
-0.0007709009407964101
-0.0007412297998396242
-0.0007121796239588376
-0.0006837587027611761
-0.0006559746724707893
-0.0006288344878975401
-0.0006023443956253973
-0.0005765099085297048
-0.0005513357818185613
-0.0005268259907915789
-0.0005029837104877279
-0.0004798112974012574
-0.0004573102734589012
-0.00043548131240929
-0.0004143242287922393
-0.0003938379696730608
-0.0003740206092341164
-0.0003548693464190782
-0.0003363805056918164
-0.000318549541038559
-0.0003013710433066134
-0.0002848387509058505
-0.000268945563938197
-0.000253683561759142
-0.0002390440239613614
-0.0002250174547319891
-0.0002115936105276574
-0.0001987615309659799
-0.0001865095727963412
-0.0001748254467922664
-0.0001636962574106497
-0.0001531085449427028
-0.0001430483299783153
-0.0001335011598560896
-0.0001244521568451798
-0.0001158860677064472
-0.0001077873143475391
-0.000100140045147452
-9.292818665666142e-05
-8.613549524523131e-05
-7.974560834963975e-05
-7.374209491211193e-05
-6.810850466078527e-05
-6.282841585810751e-05
-5.788548110148388e-05
-5.326347094823918e-05
-4.894631491989465e-05
-4.491813967468861e-05
-4.116330402509534e-05
-3.7666430615324e-05
-3.441243396367082e-05
-3.138654480671615e-05
-2.85743305217528e-05
-2.596171157893685e-05
-2.353497391923841e-05
-2.128077732825714e-05
-1.918615968564841e-05
-1.723853729003163e-05
-1.54257012371828e-05
-1.373581003861557e-05
-1.21573786247218e-05
-1.067926389973462e-05
-9.29064706581094e-06
-7.981013006538179e-06
-6.740126873644816e-06
-5.558008288077598e-06
-4.424903350342497e-06
-3.331254801982545e-06
-2.267670661279357e-06
-1.224891654724638e-06
-1.937577653217393e-07
8.34825771972407e-07
1.869922657088581e-06
2.920599601809182e-06
3.995959952593671e-06
5.105176500381191e-06
6.257523207991653e-06
7.462405518245466e-06
8.729388923009104e-06
1.006822556015585e-05
1.148887849152045e-05
1.300154350855273e-05
1.461666810863857e-05
1.634496753276544e-05
1.819743763083626e-05
2.018536437961333e-05
2.232032994606108e-05
2.461421517125305e-05
2.707919841547302e-05
2.97277506823931e-05
3.257262708979201e-05
3.562685462284339e-05
3.890371628040073e-05
4.241673171806329e-05
4.617963446639037e-05
5.020634591759634e-05
5.451094627129376e-05
5.910764264386963e-05
6.401073459125044e-05
6.92345773006869e-05
7.479354277869967e-05
8.070197930289125e-05
8.697416946629698e-05
9.362428717348686e-05
0.0001006663538860517
0.000108114194489875
0.0001159813930919013
0.0001242812491424501
0.0001330267341229851
0.0001422304491911931
0.0001519045840637154
0.0001620608773855742
0.0001727105789137264
0.0001838644137264686
0.000195532548665711
0.000207724561246409
0.0002204494112019086
0.0002337154147739034
0.0002475302219168774
0.0002619007964859248
0.0002768333995047364
0.0002923335755122989
0.0003084061420679084
0.0003250551823634736
0.0003422840409709332
0.00036009532262536
0.000378490894040605
0.0003974718886338453
0.0004170387140864356
0.0004371910626372495
0.0004579279239878883
0.0004792476006719769
0.0005011477257735944
0.0005236252828523828
0.0005466766278900345
0.0005702975131534269
0.0005944831127820049
0.0006192280499500895
0.0006445264254474215
0.0006703718475421063
0.0006967574629049523
0.0007236759885356986
0.000751119744463599
0.0007790806871108532
0.0008075504431834246
0.0008365203439370042
0.0008659814597057431
0.0008959246345483758
0.0009263405209208077
0.0009572196142513881
0.0009885522873044009
0.001020328824256729
0.001052539454373952
0.001085174385221157
0.001118223835326611
0.001151678066202396
0.00118552741369922
0.001219762318585875
0.001254373356365327
0.001289351266202043
0.001324686978989204
0.001360371644459873
0.001396396657369212
0.001432753682658374
0.001469434679632458
0.001506431925094522
0.001543738035448785
0.001581345987734437
0.001619249139617227
0.001657441248304109
0.001695916488395858
0.001734669468673681
0.001773695247841857
0.00181298934918677
0.001852547774231118
0.001892367015327586
0.001932444067246516
0.001972776437760458
0.002013362157214959
0.002054199787175462
0.002095288428060102
0.002136627725876758
0.002178217878024009
0.002220059638205396
0.002262154320441407
0.002304503802247723
0.00234711052694641
0.002389977505190446
0.002433108315643701
0.002476507104910162
0.002520178586683411
0.002564128040149546
0.002608361307654185
0.002652884791653837
0.002697705450965736
0.002742830796329183
0.002788268885273668
0.00283402831632113
0.002880118222547638
0.0029265482644487
0.002973328622195597
0.003020469987203313
0.003067983553084432
0.003115881005928657
0.003164174513927746
0.003212876716361057
0.003262000711884128
0.003311560046145928
0.003361568698716218
0.003412041069280296
0.003462991963120176
0.003514436575817279
0.003566390477194419
0.003618869594412856
0.00367189019426295
0.003725468864529664
0.003779622494469607
0.003834368254302152
0.003889723573696154
0.003945706119198441
0.004002333770529696
0.00405962459571807
0.004117596825009274
0.004176268823433511
0.004235659062046102
0.004295786087692263
0.004356668491266527
0.004418324874363024
0.004480773814235858
0.004544033826992915
0.004608123328897294
0.004673060595751755
0.004738863720156045
0.004805550566669136
0.0048731387246493
0.004941645458746213
0.005011087656902221
0.005081481775767425
0.005152843783390032
0.005225189099108393
0.00529853253051344
0.005372888207356215
0.005448269512326433
0.005524689008564817
0.005602158363842955
0.005680688271270301
0.005760288366480364
0.005840967141202519
0.005922731853149388
0.006005588432157311
0.006089541382566819
0.006174593681769544
0.006260746674988377
0.006347999966228101
0.006436351305513901
0.006525796472448796
0.006616329156208906
0.00670794083212713
0.006800620635017886
0.006894355229543835
0.006989128677781257
0.007084922304449074
0.007181714560066514
0.00727948088258943
0.007378193557945502
0.007477821580133368
0.007578330511497394
0.00767968234392875
0.007781835361817608
0.007884744007649365
0.007988358751255802
0.008092625963786685
0.008197487797584337
0.008302882073214451
0.008408742175027122
0.008514996956642241
0.008621570657928386
0.00872838283503378
0.008835348305145926
0.008942377107690254
0.009049374483756121
0.009156240875505423
0.009262871947429439
0.009369158631195014
0.009474987195929997
0.009580239345620443
0.009684792345298489
0.009788519177574359
0.009891288730903525
0.009992966020850631
0.01009341244539306
0.01019248607505836
0.01029004197846257
0.01038593258346222
0.01048000807384783
0.01057211682111
0.01066210585041315
0.01074982133953965
0.01083510914910502
0.01091781538184413
0.01099778696842115
0.01107487227670025
0.01114892174090864
0.01121978850683748
0.01128732908865394
0.01135140403264516
0.01141187858284107
0.01146862334312901
0.01152151493036468
0.01157043661270789
0.01161527892742715
0.01165594027235729
0.01169232746526622
0.01172435626562137
0.01175195185341698
0.01177504926007828
0.01179359374696853
0.01180754112731098
0.0118168580281454
0.01182152208937786
0.01182152209772618
0.01181685805409499
0.0118075411736004
0.01179359381827594
0.01177504936316841
0.01175195199737688
0.01172435646217135
0.01169232772913627
0.01165594062178011
0.01161527938472501
0.01157043720499214
0.01152151569039484
0.0114686243102902
0.0114118798043222
0.01135140556481499
0.01128733099865633
0.01121979087444352
0.01114892466065607
0.01107487586036543
0.01099779134785042
0.01091782071219701
0.0108351156125513
0.01074982914945243
0.01066211525614006
0.01057212811334268
0.01048002159066659
0.01038594871712077
0.01029006118298982
0.0101925088747038
0.01009343944402974
0.009992997912383512
0.00989132631075355
0.009788563355329065
0.00968484415857546
0.009580299975227368
0.009475057982394012
0.009369241092721031
0.00926296779934385
0.009156352051256969
0.009049503157516375
0.008942525718614596
0.008835519583319277
0.008728579829145709
0.008621796764699412
0.008515255952026041
0.008409038247182719
0.008303219857260128
0.008197872412106202
0.008093063049096128
0.007988854509345278
0.007885305243811553
0.007782469527850142
0.007680397582897375
0.007579135703922444
0.007478726391559479
0.007379208487738048
0.007280617313892108
0.007182984810765479
0.0070863396790041
0.006990707519810305
0.006896110974945222
0.006802569865538217
0.006710101329135175
0.00661871995455327
0.00652843791414609
0.006439265093134403
0.006351209215732812
0.006264275967836994
0.006178469116073757
0.006093790623071605
0.006010240758851218
0.005927818208250321
0.005846520174318534
0.005766342477711086
0.005687279652008165
0.005609325035069962
0.005532470856389145
0.005456708320543405
0.005382027686798504
0.005308418344955814
0.005235868887512811
0.005164367178236617
0.005093900417282054
0.00502445520291894
0.004956017590000213
0.004888573145276427
0.004822106999700228
0.004756603897772148
0.004692048244114618
0.004628424147316727
0.004565715461241389
0.004503905823824689
0.004442978693539991
0.00438291738358415
0.004323705093937443
0.004265324941355438
0.004207759987415925
0.004150993264702471
0.004095007801224783
0.004039786643173848
0.003985312876055523
0.003931569644343325
0.003878540169681899
0.003826207767730677
0.00377455586374854
0.003723568006931129
0.003673227883622053
0.003623519329412223
0.003574426340263408
0.003525933082600742
0.003478023902541767
0.00343068333424928
0.003383896107450135
0.00333764715424193
0.003291921615126999
0.00324670484440889
0.003201982414932426
0.00315774012224574
0.00311396398818297
0.003070640263947875
0.003027755432668111
0.002985296211537125
0.002943249553487152
0.00290160264847711
0.002860342924402992
0.002819458047658856
0.002778935923366156
0.002738764695307018
0.002698932745564986
0.002659428693919679
0.002620241396978768
0.002581359947108831
0.002542773671133315
0.002504472128850226
0.002466445111383823
0.002428682639360264
0.002391174960939626
0.002353912549709255
0.002316886102460338
0.002280086536851657
0.002243504988961186
0.002207132810764243
0.002170961567508029
0.002134983035034557
0.002099189197035178
0.002063572242218223
0.002028124561483354
0.001992838745001066
0.001957707579282817
0.001922724044223587
0.001887881310098918
0.001853172734570861
0.001818591859651466
0.001784132408694572
0.001749788283329503
0.001715553560450665
0.001681422489171368
0.001647389487797453
0.001613449140808009
0.001579596195855367
0.001545825560768708
0.001512132300590118
0.001478511634610224
0.001444958933440769
0.001411469716124472
0.00137803964723481
0.001344664534037544
0.001311340323653168
0.001278063100292451
0.001244829082460654
0.001211634620254805
0.001178476192665201
0.001145350404911198
0.001112253985816635
0.00107918378523378
0.001046136771476143
0.001013110028819048
0.0009801007550135155
0.0009471062588516949
0.0009141239577752352
0.0008811513754933198
0.0008481861396798058
0.0008152259796755604
0.0007822687242469159
0.0007493122993781319
0.0007163547260999907
0.0006833941183614564
0.0006504286809310396
0.000617456707348093
0.0005844765779052484
0.0005514867576616534
0.0005184857945100879
0.0004854723172572914
0.0004524450337738302
0.0004194027291470753
0.0003863442638825819
0.0003532685721484019
0.0003201746600493176
0.0002870616039283534
0.000253928548706925
0.0002207747062749604
0.0001875993538776877
0.0001544018325734201
0.0001211815456932525
8.793795736401159e-05
5.467059102523108e-05
2.137902801017597e-05
-1.193709387363288e-05
-4.527808168614585e-05
-7.864418873471547e-05
-0.0001120356158737521
-0.0001454525127732838
-0.0001788949792196374
-0.0002123630663002363
-0.0002458567776447264
-0.0002793760705871035
-0.0003129208573173963
-0.0003464910060187636
-0.0003800863419600206
-0.0004137066485826037
-0.0004473516685510955
-0.0004810211047809212
-0.0005147146214570519
-0.0005484318450118797
-0.0005821723650852604
-0.0006159357354836221
-0.0006497214750803642
-0.0006835290687346512
-0.0007173579681557518
-0.0007512075927824653
-0.0007850773306040831
-0.0008189665390033465
-0.0008528745455406524
-0.0008868006487536041
-0.0009207441189247561
-0.0009547041988176254
-0.0009886801044303589
-0.001022671025704351
-0.001056676127220221
-0.001090694548892614
-0.001124725406626681
-0.001158767792993088
-0.001192820777841639
-0.001226883408953253
-0.001260954712626351
-0.001295033694298305
-0.001329119339110958
-0.001363210612482565
-0.001397306460682528
-0.001431405811351577
0
