0.002132314262877977
0.002098200952627553
0.002064059575106167
0.002029890831478603
0.001995695400958358
0.001961473940201028
0.001927227082853864
0.001892955438946211
0.001858659594415031
0.001824340110466186
0.001789997523050616
0.001755632342274933
0.001721245051777906
0.001686836108169207
0.00165240594035859
0.001617954948957556
0.00158348350561429
0.001548991952393252
0.00151448060104709
0.001479949732373808
0.001445399595509768
0.001410830407196136
0.001376242351099679
0.001341635577007033
0.001307010200130449
0.001272366300280631
0.001237703921141775
0.001203023069398832
0.001168323713979234
0.001133605785189229
0.001098869173839924
0.00106411373042989
0.001029339264218514
0.0009945455423410274
0.0009597322888729213
0.0009248991838862161
0.000890045862524797
0.0008551719139708511
0.0008202768804707284
0.0007853602563645298
0.0007504214869591683
0.0007154599675248293
0.0006804750422158652
0.0006454660029527956
0.0006104320883084128
0.0005753724823649467
0.0005402863135225889
0.0005051726533667903
0.0004700305154084338
0.0004348588538490544
0.000399656562359207
0.0003644224727445935
0.0003291553537032474
0.0002938539094262723
0.0002585167782999606
0.0002231425314720633
0.0001877296714909999
0.0001522766308482233
0.0001167817705177629
8.124337849636277e-05
4.565966824379101e-05
1.002877721624702e-05
-2.565123478817058e-05
-6.138238713089311e-05
-9.71667800298591e-05
-0.0001330065961639126
-0.0001689041023420255
-0.0002048616512429378
-0.0002408816831260966
-0.0002769667275864565
-0.0003131194053466288
-0.0003493424300609933
-0.0003856386102079717
-0.0004220108508782504
-0.000458462155743682
-0.0004949956289581538
-0.0005316144771203273
-0.0005683220112367584
-0.0006051216487435328
-0.0006420169155530505
-0.0006790114480865549
-0.0007161089953818252
-0.000753313421198781
-0.0007906287061588534
-0.0008280589498955563
-0.0008656083732339539
-0.0009032813204190142
-0.0009410822613249907
-0.0009790157936599418
-0.001017086645326478
-0.001055299676603277
-0.001093659882481392
-0.001132172394985472
-0.001170842485474468
-0.001209675566992901
-0.001248677196593325
-0.001287853077694421
-0.001327209062418286
-0.001366751153974414
-0.001406485508953959
-0.001446418439753496
-0.001486556416816335
-0.001526906071062646
-0.001567474196097752
-0.001608267750572205
-0.001649293860436875
-0.001690559821155637
-0.00173207309995297
-0.001773841337937095
-0.001815872352242126
-0.00185817413812993
-0.001900754870958503
-0.001943622908163128
-0.001986786791132331
-0.002030255247017879
-0.002074037190450496
-0.002118141725140483
-0.002162578145421353
-0.002207355937645988
-0.00225248478142489
-0.00229797455083392
-0.002343835315305215
-0.002390077340550345
-0.002436711089138339
-0.002483747220968863
-0.002531196593538751
-0.002579070261955464
-0.002627379478726937
-0.00267613569328228
-0.002725350551217238
-0.002775035893266745
-0.00282520375389103
-0.002875866359594853
-0.002927036126794785
-0.002978725659379423
-0.003030947745732748
-0.003083715355432815
-0.003137041635319527
-0.003190939905186815
-0.003245423652771844
-0.003300506528295189
-0.003356202338254886
-0.003412525038578033
-0.003469488727080042
-0.003527107635135139
-0.003585396118503237
-0.003644368647327967
-0.003704039795184607
-0.003764424227162897
-0.003825536686862767
-0.00388739198234088
-0.00395000497082739
-0.004013390542199922
-0.004077563601153139
-0.004142539047966488
-0.004208331757741061
-0.004274956558108948
-0.004342428205256232
-0.004410761358209659
-0.004479970551217407
-0.00455007016425162
-0.004621074391386962
-0.004692997207003891
-0.004765852329778271
-0.004839653184185243
-0.004914412859523177
-0.004990144066344995
-0.005066859090029614
-0.005144569741548232
-0.005223287305169244
-0.005303022483047954
-0.00538378533655305
-0.005465585224138025
-0.005548430735798566
-0.005632329623822444
-0.00571728872979624
-0.00580331390776925
-0.005890409943496182
-0.005978580469534239
-0.006067827876333375
-0.006158153219037179
-0.006249556120136045
-0.006342034667814838
-0.006435585310047089
-0.006530202744453676
-0.00662587980400966
-0.006722607338593638
-0.006820374092649404
-0.006919166578963513
-0.00701896894892531
-0.00711976285939499
-0.007221527336632262
-0.007324238637543072
-0.007427870108779638
-0.007532392044146153
-0.007637771540951859
-0.007743972355933522
-0.007850954761550316
-0.007958675403413221
-0.008067087159853862
-0.008176139004631273
-0.008285775873867855
-0.008395938538484431
-0.008506563483360027
-0.008617582794716305
-0.008728924057204398
-0.008840510262174792
-0.008952259728988304
-0.009064086040898239
-0.009175897997527542
-0.009287599585581868
-0.00939908996984007
-0.009510263506279402
-0.009621009779254905
-0.009731213664568496
-0.009840755420326985
-0.009949510807304666
-0.01005735124052002
-0.01016414397336159
-0.01026975231587538
-0.01037403588811835
-0.01047685090953601
-0.01057805052501169
-0.01067748516788695
-0.01077500295979367
-0.01087045014706897
-0.01096367157270406
-0.01105451118274682
-0.01114281256531299
-0.01122841952011772
-0.01131117665578278
-0.01139093001188817
-0.01146752770205956
-0.01154082057416394
-0.01161066288303003
-0.01167691297090641
-0.0117394339504008
-0.0117980943844069
-0.01185276895730273
-0.01190333913148762
-0.01194969378325072
-0.01199172981203894
-0.01202935271710523
-0.01206247713590188
-0.01209102733865033
-0.01211493767388237
-0.01213415296040274
-0.01214862882125224
-0.01215833195617382
-0.01216324034951076
-0.01216334341126405
-0.0121586420497059
-0.01214914867479297
-0.01213488713227103
-0.01211589256928497
-0.0120922112329469
-0.01206390020412339
-0.01203102706939899
-0.01199366953469701
-0.01195191498490754
-0.01190585999394504
-0.01185560979051713
-0.01180127768498285
-0.01174298446302248
-0.01168085775194547
-0.0116150313656894
-0.01154564463433669
-0.01147284172422185
-0.01139677095411272
-0.01131758411318105
-0.0112354357858155
-0.01115048268817576
-0.01106288302108696
-0.01097279584313639
-0.01088038046777071
-0.01078579588743097
-0.01068920022754037
-0.01059075023241113
-0.01049060078501568
-0.01038890446178702
-0.01028581112343202
-0.0101814675422063
-0.01007601706579827
-0.009969599317548594
-0.009862349932522984
-0.009754400328544192
-0.009645877511227936
-0.009536903911671505
-0.009427597255373607
-0.009318070460868395
-0.009208431566285646
-0.009098783682202363
-0.008989224968749933
-0.008879848635477347
-0.008770742961655567
-0.008661991335638093
-0.008553672311118934
-0.00844585967874781
-0.008338622551244644
-0.008232025460466018
-0.00812612846484108
-0.008020987265662602
-0.007916653330857755
-0.007813174024969113
-0.007710592744119008
-0.007608949054746153
-0.007508278835277288
-0.007408614419579558
-0.007309984741545362
-0.007212415479836828
-0.007115929202344032
-0.00702054550945645
-0.006926281175935389
-0.006833150290593868
-0.006741164393665026
-0.00665033261128208
-0.006560661786949983
-0.006472156609649564
-0.006384819738441205
-0.006298651923420892
-0.006213652122807944
-0.006129817616270289
-0.006047144114245535
-0.005965625863327418
-0.005885255747744378
-0.005806025386871141
-0.005727925228844122
-0.005650944640354306
-0.005575071992703286
-0.005500294744101826
-0.005426599518416425
-0.00535397218038761
-0.005282397907462087
-0.005211861258303238
-0.005142346238142389
-0.005073836361065191
-0.005006314709277244
-0.004939763989609049
-0.004874166587264773
-0.004809504616921155
-0.004745759971391095
-0.004682914367842826
-0.004620949391797492
-0.004559846538879937
-0.00449958725458535
-0.004440152972003083
-0.004381525147724411
-0.004323685295917021
-0.004266615020765099
-0.004210296047246242
-0.004154710250441344
-0.004099839683378382
-0.004045666603463356
-0.003992173497673797
-0.003939343106491398
-0.003887158446628361
-0.003835602832688066
-0.003784659897737686
-0.003734313612848498
-0.003684548305730113
-0.003635348678369464
-0.003586699823843985
-0.003538587242257589
-0.003490996855871098
-0.00344391502344786
-0.00339732855382655
-0.003351224718772151
-0.003305591265114196
-0.00326041642615868
-0.003215688932440509
-0.003171398021764871
-0.003127533448636699
-0.003084085492940512
-0.003041044968088604
-0.002998403228369529
-0.002956152175725485
-0.00291428426588077
-0.002872792513690351
-0.002831670497978338
-0.002790912365529626
-0.002750512834502705
-0.002710467197064445
-0.002670771321324444
-0.002631421652553312
-0.002592415213582333
-0.002553749604504351
-0.00251542300152618
-0.002477434155047282
-0.002439782386855647
-0.002402467586520699
-0.002365490206869411
-0.002328851258595901
-0.002292552303900883
-0.002256595449246826
-0.002220983337078597
-0.002185719136631776
-0.002150806533638506
-0.002116249719068409
-0.002082053376780841
-0.002048222670128306
-0.002014763227393187
-0.001981681126244388
-0.001948982876906632
-0.001916675404315304
-0.001884766029035509
-0.001853262447069644
-0.00182217270841426
-0.001791505194527391
-0.001761268594531233
-0.001731471880259394
-0.001702124280167559
-0.001673235251956035
-0.001644814454123349
-0.00161687171635216
-0.001589417008714581
-0.001562460409829311
-0.001536012073893425
-0.001510082196674896
-0.001484680980504833
-0.001459818598333733
-0.001435505156788296
-0.001411750658471447
-0.001388564963402549
-0.001365957749760484
-0.001343938473968721
-0.001322516330249251
-0.001301700209650452
-0.001281498658748799
-0.001261919838074684
-0.001242971480388395
-0.001224660848888723
-0.001206994695574092
-0.001189979219814525
-0.001173620027271752
-0.001157922089411815
-0.001142889703610679
-0.001128526454197307
-0.001114835174432171
-0.001101817909711489
-0.001089475882131547
-0.001077809456572261
-0.001066818108541825
-0.001056500393879798
-0.001046853920611575
-0.001037875323048873
-0.001029560238377136
-0.001021903285833381
-0.001014898048806985
-0.001008537059834672
-0.001002811788792878
-0.0009977126344161511
-0.0009932289192558013
-0.0009893488882013017
-0.000986059710800998
-0.0009833474873100967
-0.0009811972587049833
-0.000979593020674293
-0.0009785177416555295
-0.0009779533849480441
-0.0009778809349473483
-0.0009782804274553218
-0.0009791309840490314
-0.0009804108505355432
-0.0009820974392884983
-0.0009841673754835932
-0.000986596547055546
-0.0009893601582789636
-0.0009924327867442354
-0.0009957884435802949
-0.0009994006367577361
-0.001003242437121389
-0.001007286546949325
-0.001011505370816956
-0.001015871088382003
-0.001020355728736507
-0.001024931246117166
-0.001029569596490683
-0.001034242814626107
-0.001038923091355786
-0.001043582850503532
-0.00104819482515663
-0.001052732132656458
-0.001057168348105714
-0.001061477575793051
-0.00106563451792793
-0.001069614540620796
-0.001073393736190066
-0.001076948981712846
-0.00108025799310399
-0.001083299374480008
-0.001086052662315425
-0.001088498364036765
-0.001090617990706195
-0.001092394083457963
-0.001093810233539353
-0.001094851095572676
-0.001095502394049258
-0.001095750922837814
-0.001095584537768907
-0.001094992142312158
-0.00109396366637333
-0.001092490038610824
-0.001090563152223156
-0.001088175824871553
-0.001085321752884245
-0.001081995460334201
-0.001078192243570037
-0.001073908111619245
-0.001069139723277383
-0.001063884321558757
-0.001058139666007887
-0.001051903963980908
-0.001045175801258246
-0.001037954073046219
-0.001030237915941541
-0.001022026641619037
-0.001013319673010942
-0.001004116483508275
-0.0009944165398901536
-0.0009842192495251741
-0.000973523912247606
-0.0009623296774277793
-0.0009506355065045571
-0.0009384401413566473
-0.0009257420785083572
-0.0009125395495058848
-0.0008988305073298784
-0.0008846126188943688
-0.000869883263460965
-0.0008546395368152146
-0.0008388782609592797
-0.0008225959990100593
-0.0008057890749727393
-0.0007884535978937048
-0.0007705854901725664
-0.0007521805193085526
-0.0007332343328543597
-0.0007137424958415569
-0.0006937005304103547
-0.0006731039569822898
-0.0006519483365139012
-0.0006302293133956336
-0.0006079426585577866
-0.0005850843121540175
-0.0005616504257262359
-0.0005376374031253357
-0.0005130419400870365
-0.0004878610620501107
-0.0004620921598926441
-0.0004357330234192854
-0.0004087818723272187
-0.0003812373845497475
-0.0003530987217290728
-0.0003243655518140711
-0.0002950380686820428
-0.0002651170087200026
-0.0002346036643533327
-0.0002034998946460814
-0.0001718081328186262
-0.0001395313909184812
-0.000106673261664773
-7.323791758440156e-05
-3.92301075226309e-05
-4.6551506868379e-06
3.048107162194206e-05
6.617212642911975e-05
0.0001024110415850422
0.0001391903200696804
0.0001765019559652939
0.0002143374520646815
0.0002526878386488111
0.0002915436936806134
0.000330895163834661
0.0003707319865331644
0.0004110435126211012
0.000451818729683547
0.0004930462857607471
0.0005347145133859756
0.0005768114537770177
0.000619324881122547
0.0006622423268156925
0.0007055511034883492
0.0007492383288563032
0.000793290949229701
0.0008376957625694629
0.0008824394411224726
0.0009275085534666482
0.000972889585967801
0.001018568963641616
0.001064533070237219
0.001110768267689172
0.001157260914755125
0.001203997384910278
0.00125096408341823
0.001298147463656869
0.001345534042540832
0.001393110415223504
0.001440863268867788
0.001488779395724069
0.001536845705326388
0.001585049235863299
0.001633377164871829
0.001681816819010898
0.001730355683245564
0.001778981409141783
0.001827681822542519
0.001876444930532812
0.001925258927679968
0.001974112201705381
0.002022993338470757
0.002071891126392768
0.002120794560281616
0.002169692844600788
0.002218575396246463
0.002267431846812224
0.002316252044341065
0.002365026054711629
0.002413744162514232
0.002462396871577627
0.002510974905087987
0.002559469205397706
0.002607870933455097
0.00265617146794727
0.002704362404188511
0.002752435552632919
0.002800382937297765
0.002848196793844256
0.0028958695674356
0.002943393910516038
0.002990762680309839
0.003037968936208289
0.003085005936987721
0.003131867137925108
0.0031785461878062
0.003225036925775224
0.00327133337817685
0.003317429755220897
0.003363320447713416
0.003409000023592133
0.00345446322454595
0.003499704962470118
0.003544720316017175
0.003589504527017052
0.003634052997025521
0.003678361283671588
0.003722425097237524
0.003766240297031445
0.003809802887937426
0.003853109016883888
0.003896154969412945
0.003938937166203237
0.003981452159669645
0.004023696630593323
0.004065667384811291
0.004107361349894739
0.004148775571922459
0.004189907212260848
0.004230753544477697
0.004271311951164584
0.004311579920982045
0.004351555045601681
0.00439123501682539
0.004430617623676403
0.004469700749627199
0.004508482369787914
0.004546960548266832
0.004585133435501267
0.004622999265665449
0.004660556354197102
0.004697803095288925
0.00473473795953108
0.004771359491537536
0.004807666307679826
0.004843657093874873
0.004879330603370683
0.004914685654706072
0.004949721129631926
0.004984435971072401
0.00501882918124883
0.005052899819750224
0.005086647001730903
0.005120069896100087
0.00515316772379592
0.005185939756152939
0.005218385313211833
0.005250503762176813
0.005282294515882195
0.005313757031287811
0.005344890808075739
0.005375695387239681
0.005406170349701925
0.00543631531507169
0.005466129940332988
0.005495613918642579
0.005524766978139776
0.005553588880805712
0.005582079421351744
0.005610238426155476
0.00563806575222082
0.00566556128619604
0.005692724943380747
0.005719556666829522
0.005746056426422049
0.00577222421801985
0.005798060062608718
0.00582356400552734
0.00584873611562048
0.005873576484566016
0.005898085226104389
0.005922262475361362
0.005946108388161919
0.005969623140384971
0.00599280692735187
0.006015659963219682
0.006038182480403458
0.006060374729018249
0.006082236976338758
0.006103769506311474
0.006124972619005164
0.00614584663022103
0.006166391870934476
0.006186608686942026
0.006206497438387565
0.006226058499366462
0.006245292257562722
0.006264199113828732
0.006282779481871836
0.006301033787876347
0.006318962470200308
0.006336565979042696
0.00635384477611691
0.006370799334417301
0.006387430137897105
0.006403737681211502
0.006419722469451774
0.006435385017906691
0.006450725851853206
0.006465745506288583
0.006480444525741428
0.006494823464066819
0.006508882884219956
0.006522623358126424
0.006536045466436495
0.006549149798400582
0.006561936951690326
0.006574407532222758
0.006586562154037672
0.006598401439167253
0.006609926017444659
0.006621136526442944
0.006632033611293589
0.006642617924609392
0.006652890126322626
0.006662850883659375
0.006672500870966141
0.006681840769636114
0.006690871268022262
0.006699593061350316
0.006708006851622123
0.006716113347564061
0.006723913264514117
0.006731407324393443
0.006738596255596685
0.006745480792952565
0.0067520616776818
0.006758339657294307
0.006764315485548354
0.006769989922455156
0.006775363734133949
0.0067804376928252
0.006785212576856648
0.006789689170571156
0.006793868264307565
0.006797750654340875
0.00680133714287171
0.006804628537978405
0.006807625653601423
0.006810329309489866
0.006812740331205818
0.006814859550052182
0.006816687803116816
0.006818225933160389
0.006819474788706819
0.006820435223872334
0.006821108098507049
0.0068214942780677
0.006821594633636909
0.00682141004189433
0.006820941385138061
0.006820189551205145
0.006819155433519619
0.006817839931030798
0.006816243948247607
0.006814368395181175
0.006812214187357608
0.006809782245783771
0.006807073497003966
0.006804088872963795
0.006800829311148332
0.00679729575444095
0.006793489151215741
0.006789410455245345
0.00678506062574598
0.006780440627352355
0.006775551430110443
0.006770394009451693
0.006764969346207992
0.006759278426584794
0.006753322242161977
0.006747101789869299
0.006740618072009836
0.006733872096200037
0.006726864875415926
0.006719597427940452
0.006712070777360283
0.00670428595258266
0.00669624398779343
0.006687945922436813
0.006679392801284684
0.006670585674297758
0.006661525596708996
0.006652213628982794
0.006642650836808977
0.006632838291055285
0.006622777067808529
0.006612468248318971
0.006601912918995298
0.00659111217140137
0.006580067102228485
0.006568778813268637
0.006557248411447404
0.006545477008730775
0.006533465722160068
0.006521215673846103
0.006508727990884751
0.006496003805394592
0.006483044254495654
0.006469850480244637
0.006456423629654491
0.006442764854666373
0.006428875312102225
0.006414756163658721
0.006400408575900154
0.006385833720194264
0.006371032772721642
0.006356006914430239
0.00634075733100726
0.006325285212877572
0.006309591755131062
0.006293678157524799
0.006277545624451973
0.006261195364891151
0.006244628592408473
0.006227846525082244
0.006210850385503335
0.006193641400718442
0.006176220802225582
0.006158589825887368
0.006140749711945438
0.006122701704973199
0.006104447053810451
0.006085987011518291
0.006067322835411322
0.00604845578691509
0.006029387131608679
0.006010118139133255
0.005990650083165362
0.005970984241379868
0.005951121895360156
0.005931064330628325
0.005910812836514444
0.005890368706173304
0.005869733236487868
0.005848907728069026
0.005827893485129004
0.005806691815517089
0.005785304030587319
0.005763731445190141
0.005741975377632727
0.0057200371495399
0.005697918085884294
0.005675619514875246
0.005653142767950628
0.005630489179628087
0.005607660087526958
0.005584656832263652
0.005561480757392538
0.005538133209344421
0.005514615537367828
0.005490929093433299
0.005467075232179066
0.005443055310860113
0.005418870689239514
0.005394522729527534
0.005370012796331025
0.005345342256554145
0.005320512479297143
0.005295524835839612
0.005270380699512868
0.005245081445622633
0.005219628451384808
0.005194023095835137
0.005168266759715089
0.00514236082546006
0.005116306676993447
0.005090105699754801
0.005063759280546822
0.0050372688074227
0.005010635669659663
0.004983861257604302
0.004956946962594334
0.004929894176852221
0.004902704293405295
0.004875378705979184
0.004847918808837418
0.00482032599676991
0.004792601664919691
0.004764747208666966
0.004736764023567262
0.004708653505208075
0.004680417049072431
0.004652056050473118
0.004623571904396416
0.004594966005375493
0.004566239747412243
0.004537394523809955
0.004508431727028389
0.00447935274864987
0.004450158979117786
0.004420851807699928
0.004391432622333756
0.004361902809448098
0.004332263753864712
0.004302516838640646
0.004272663444935611
0.004242704951834706
0.00421264273623676
0.004182478172659846
0.004152212633138957
0.004121847487024668
0.004091384100820057
0.004060823838081673
0.00403016805916719
0.003999418121131066
0.003968575377526069
0.003937641178219762
0.003906616869259318
0.003875503792650511
0.00384430328618442
0.003813016683264645
0.003781645312706985
0.003750190498546292
0.003718653559852244
0.003687035810505147
0.003655338559027974
0.003623563108353236
0.003591710755630956
0.003559782791985257
0.003527780502335676
0.00349570516516196
0.003463558052262249
0.00343134042855374
0.003399053551798861
0.003366698672426308
0.003334277033238326
0.003301789869183615
0.003269238407120959
0.00323662386552771
0.003203947454290259
0.003171210374403131
0.003138413817717007
0.003105558966666614
0.003072646993947211
0.003039679062333542
0.003006656324282974
0.002973579921702463
0.00294045098564029
0.002907270635956526
0.002874039981042492
0.002840760117508081
0.002807432129822413
0.002774057089990578
0.002740636057292235
0.002707170077842673
0.002673660184301425
0.002640107395505651
0.002606512716104826
0.002572877136202886
0.002539201630984869
0.002505487160318777
0.002471734668398983
0.002437945083309877
0.002404119316653424
0.002370258263126548
0.002336362800088343
0.002302433787178139
0.002268472065819113
0.002234478458812051
0.002200453769878367
0.002166398783181414
0
