-4.712874204958672e-07
-1.418016848573364e-06
-2.377225682423183e-06
-3.357285405315892e-06
-4.366644816586407e-06
-5.413859842206913e-06
-6.507622341856486e-06
-7.656787608828182e-06
-8.870400061538437e-06
-1.015771726146843e-05
-1.15282315386921e-05
-1.299168943936948e-05
-1.455810830772088e-05
-1.623779020033247e-05
-1.804133273818705e-05
-1.997963666140821e-05
-2.206391021491137e-05
-2.430567001186843e-05
-2.671673844148903e-05
-2.930923746247095e-05
-3.209557891844183e-05
-3.508845124139645e-05
-3.830080269743515e-05
-4.174582118795719e-05
-4.543691082785581e-05
-4.938766530893286e-05
-5.361183837494885e-05
-5.812331151801417e-05
-6.293605913946783e-05
-6.806411150025754e-05
-7.352151570366619e-05
-7.932229495196926e-05
-8.548040643832047e-05
-9.200969830000538e-05
-9.892386574197149e-05
-0.0001062364067973387
-0.0001139605781342861
-0.0001221093509881847
-0.0001306953678996978
-0.000139730900122745
-0.0001492278064633644
-0.0001591974934747387
-0.0001696508774872247
-0.0001805983485461981
-0.000192049736664117
-0.0002040142804254855
-0.0002165005982289747
-0.0002295166622349751
-0.0002430697751234054
-0.0002571665499542294
-0.0002718128929690053
-0.0002870139893816005
-0.0003027742924964342
-0.0003190975157364774
-0.0003359866279066537
-0.0003534438513675127
-0.000371470663342336
-0.0003900678000928358
-0.0004092352639029988
-0.0004289723328320472
-0.0004492775730974867
-0.0004701488538825798
-0.0004915833646419107
-0.0005135776344331986
-0.0005361275535296227
-0.000559228396787223
-0.0005828748489035249
-0.0006070610312025938
-0.0006317805299493164
-0.0006570264259428962
-0.0006827913252308699
-0.0007090673908638446
-0.0007358463755178044
-0.0007631196547837832
-0.0007908782609928836
-0.000819112917634817
-0.0008478140738553057
-0.0008769719393720366
-0.0009065765192251512
-0.0009366176486573633
-0.0009670850277745725
-0.0009979682559435894
-0.001029256865878179
-0.001060940357232651
-0.001093008229794853
-0.001125450015963511
-0.001158255312735465
-0.001191413812809897
-0.001224915335038024
-0.001258749853994402
-0.00129290752880161
-0.001327378730849648
-0.001362154070764912
-0.001397224424366745
-0.001432580957534639
-0.001468215150221079
-0.001504118819326257
-0.001540284140542471
-0.00157670366920837
-0.001613370360038354
-0.001650277585840064
-0.001687419155127748
-0.001724789328745945
-0.001762382835326195
-0.001800194885859356
-0.001838221187098652
-0.001876457953935692
-0.001914901920903307
-0.001953550352482034
-0.001992401052615449
-0.002031452373081612
-0.002070703221047252
-0.002110153065640232
-0.002149801943524632
-0.002189650463755414
-0.002229699811564902
-0.002269951751419001
-0.002310408629124319
-0.002351073373215328
-0.002391949495488196
-0.002433041090670009
-0.00247435283541238
-0.002515889986506732
-0.002557658378290533
-0.002599664419388146
-0.002641915088691304
-0.002684417930654793
-0.002727181049800492
-0.002770213104710329
-0.002813523301151044
-0.002857121384542432
-0.002901017631887118
-0.002945222842811285
-0.002989748330051538
-0.003034605909268421
-0.003079807888028977
-0.003125367054233965
-0.003171296663806083
-0.003217610427479817
-0.003264322497148095
-0.003311447451152881
-0.003359000279005037
-0.003406996365126582
-0.003455451471931677
-0.003504381721837733
-0.003553803578558795
-0.003603733827423991
-0.003654189554506181
-0.00370518812513234
-0.00375674716094896
-0.003808884516063805
-0.003861618251986764
-0.003914966611323937
-0.003968947990246317
-0.004023580909475033
-0.004078883983990742
-0.004134875891253723
-0.004191575337698275
-0.004249001023834135
-0.004307171607452739
-0.004366105665092017
-0.004425821651636881
-0.004486337857930288
-0.004547672366312615
-0.004609843004028712
-0.004672867294383162
-0.004736762405502516
-0.004801545096706711
-0.004867231662304525
-0.004933837872773117
-0.005001378913147033
-0.005069869318614642
-0.005139322907205878
-0.005209752709368584
-0.005281170894488531
-0.00535358869422339
-0.005427016322580947
-0.005501462892588313
-0.005576936329689333
-0.005653443281590822
-0.005730989024726514
-0.005809577367196973
-0.005889210548284445
-0.005969889134472381
-0.00605161191206045
-0.006134375776543768
-0.006218175618681081
-0.006303004207560794
-0.006388852070706632
-0.006475707371610839
-0.006563555784745875
-0.006652380368586269
-0.006742161436842341
-0.006832876428376722
-0.006924499776375935
-0.007017002777196909
-0.00711035345957986
-0.007204516454914367
-0.007299452869359122
-0.007395120158530709
-0.007491472005880241
-0.007588458205633825
-0.007686024551418673
-0.00778411273180823
-0.007882660233969165
-0.007981600256804278
-0.008080861634975924
-0.008180368775339827
-0.008280041607285364
-0.008379795548535459
-0.00847954148827524
-0.008579185788914624
-0.008678630308598622
-0.008777772445689067
-0.008876505207305268
-0.008974717303131955
-0.009072293266403937
-0.009169113603195974
-0.009265054971451558
-0.009359990390974269
-0.009453789485196229
-0.009546318755577873
-0.009637441889051189
-0.009727020098826644
-0.009814912498346417
-0.009900976508014169
-0.009985068293877682
-0.01006704323704073
-0.01014675643235114
-0.01022406321398387
-0.01029881970599935
-0.01037088339462355
-0.010440113718899
-0.01050637267650355
-0.01056952544013311
-0.01062944098023714
-0.01068599268951658
-0.01073905900389874
-0.01078852401506943
-0.01083427806898407
-0.01087621834512138
-0.01091424941088766
-0.01094828374601913
-0.01097824223155905
-0.01100405459859715
-0.01102565983215068
-0.01104300652578179
-0.01105605318327632
-0.01106476846411935
-0.01106913136991964
-0.01106913136991962
-0.01106476846411935
-0.01105605318327633
-0.0110430065257818
-0.01102565983215067
-0.01100405459859713
-0.01097824223155906
-0.01094828374601913
-0.01091424941088766
-0.01087621834512137
-0.01083427806898408
-0.01078852401506941
-0.01073905900389873
-0.01068599268951657
-0.01062944098023714
-0.01056952544013314
-0.01050637267650356
-0.01044011371889902
-0.01037088339462354
-0.01029881970599937
-0.01022406321398386
-0.01014675643235117
-0.01006704323704073
-0.009985068293877705
-0.009900976508014169
-0.009814912498346397
-0.009727020098826662
-0.009637441889051197
-0.009546318755577874
-0.00945378948519621
-0.009359990390974272
-0.009265054971451567
-0.009169113603195979
-0.009072293266403951
-0.008974717303131919
-0.008876505207305284
-0.008777772445689063
-0.008678630308598655
-0.008579185788914655
-0.008479541488275247
-0.008379795548535482
-0.008280041607285392
-0.008180368775339817
-0.008080861634975936
-0.007981600256804298
-0.007882660233969182
-0.007784112731808237
-0.007686024551418667
-0.007588458205633817
-0.007491472005880236
-0.007395120158530701
-0.007299452869359135
-0.007204516454914368
-0.007110353459579822
-0.007017002777196923
-0.006924499776375931
-0.006832876428376732
-0.006742161436842363
-0.006652380368586291
-0.006563555784745878
-0.006475707371610814
-0.00638885207070665
-0.006303004207560777
-0.0062181756186811
-0.006134375776543779
-0.006051611912060443
-0.005969889134472363
-0.005889210548284427
-0.005809577367196979
-0.005730989024726492
-0.005653443281590832
-0.005576936329689343
-0.005501462892588308
-0.005427016322580959
-0.005353588694223393
-0.005281170894488521
-0.005209752709368558
-0.005139322907205863
-0.005069869318614655
-0.005001378913147022
-0.004933837872773121
-0.004867231662304548
-0.004801545096706722
-0.004736762405502521
-0.004672867294383159
-0.004609843004028733
-0.004547672366312605
-0.004486337857930279
-0.004425821651636893
-0.00436610566509201
-0.004307171607452744
-0.004249001023834157
-0.004191575337698311
-0.004134875891253736
-0.004078883983990752
-0.00402358090947504
-0.003968947990246319
-0.003914966611323957
-0.003861618251986775
-0.003808884516063803
-0.003756747160948949
-0.003705188125132318
-0.003654189554506173
-0.003603733827424003
-0.003553803578558812
-0.003504381721837732
-0.003455451471931712
-0.00340699636512656
-0.003359000279005008
-0.003311447451152868
-0.003264322497148126
-0.003217610427479838
-0.003171296663806071
-0.003125367054233942
-0.003079807888028942
-0.003034605909268417
-0.002989748330051527
-0.002945222842811274
-0.002901017631887075
-0.002857121384542424
-0.002813523301151036
-0.002770213104710358
-0.002727181049800516
-0.002684417930654804
-0.002641915088691302
-0.002599664419388117
-0.002557658378290546
-0.002515889986506728
-0.002474352835412352
-0.002433041090670014
-0.002391949495488156
-0.002351073373215338
-0.002310408629124301
-0.002269951751419006
-0.002229699811564884
-0.002189650463755442
-0.002149801943524635
-0.002110153065640238
-0.002070703221047231
-0.002031452373081628
-0.001992401052615482
-0.001953550352482018
-0.001914901920903297
-0.001876457953935703
-0.001838221187098637
-0.001800194885859331
-0.001762382835326186
-0.001724789328745934
-0.001687419155127767
-0.001650277585840058
-0.001613370360038318
-0.001576703669208368
-0.001540284140542495
-0.001504118819326266
-0.001468215150221056
-0.001432580957534625
-0.001397224424366732
-0.001362154070764921
-0.001327378730849657
-0.001292907528801626
-0.001258749853994411
-0.001224915335038027
-0.001191413812809889
-0.001158255312735488
-0.001125450015963516
-0.001093008229794819
-0.001060940357232659
-0.001029256865878161
-0.0009979682559435902
-0.0009670850277745694
-0.0009366176486573638
-0.0009065765192251404
-0.0008769719393720257
-0.0008478140738553243
-0.000819112917634817
-0.0007908782609928849
-0.0007631196547837771
-0.0007358463755177962
-0.0007090673908638151
-0.0006827913252308651
-0.0006570264259428836
-0.0006317805299492843
-0.0006070610312026081
-0.0005828748489035101
-0.0005592283967872248
-0.0005361275535296149
-0.0005135776344332081
-0.0004915833646418908
-0.0004701488538825811
-0.0004492775730975088
-0.0004289723328320433
-0.0004092352639030188
-0.000390067800092834
-0.0003714706633422956
-0.0003534438513675209
-0.0003359866279066303
-0.0003190975157364804
-0.0003027742924964329
-0.000287013989381565
-0.0002718128929689967
-0.0002571665499542753
-0.0002430697751233586
-0.0002295166622349604
-0.0002165005982290129
-0.0002040142804254563
-0.0001920497366641016
-0.0001805983485461784
-0.0001696508774872412
-0.0001591974934746932
-0.0001492278064633588
-0.000139730900122778
-0.0001306953678996694
-0.0001221093509881956
-0.0001139605781343253
-0.000106236406797349
-9.892386574198093e-05
-9.200969829998803e-05
-8.548040643831408e-05
-7.932229495197603e-05
-7.3521515703677e-05
-6.806411150027053e-05
-6.29360591394961e-05
-5.812331151799801e-05
-5.361183837495291e-05
-4.938766530893622e-05
-4.543691082785004e-05
-4.174582118796327e-05
-3.830080269743978e-05
-3.50884512414283e-05
-3.209557891844313e-05
-2.930923746248992e-05
-2.671673844149391e-05
-2.430567001188676e-05
-2.206391021492308e-05
-1.997963666140593e-05
-1.804133273822055e-05
-1.623779020032672e-05
-1.455810830771438e-05
-1.299168943936406e-05
-1.152823153871725e-05
-1.015771726145965e-05
-8.870400061558766e-06
-7.656787608843144e-06
-6.507622341842554e-06
-5.413859842230088e-06
-4.36664481659921e-06
-3.357285405327032e-06
-2.37722568245018e-06
-1.418016848620798e-06
-4.71287420513106e-07
4.712874204948914e-07
1.418016848574828e-06
2.37722568242481e-06
3.357285405315214e-06
4.366644816583922e-06
5.413859842209813e-06
6.507622341860931e-06
7.656787608829429e-06
8.870400061536594e-06
1.01577172614687e-05
1.15282315386908e-05
1.299168943936585e-05
1.455810830772014e-05
1.623779020032907e-05
1.804133273818599e-05
1.997963666140539e-05
2.206391021491013e-05
2.430567001187169e-05
2.671673844148752e-05
2.930923746247111e-05
3.209557891844107e-05
3.508845124139469e-05
3.830080269743479e-05
4.174582118795318e-05
4.543691082785654e-05
4.938766530892809e-05
5.361183837494549e-05
5.812331151801363e-05
6.293605913946436e-05
6.80641115002583e-05
7.35215157036625e-05
7.932229495196514e-05
8.548040643831722e-05
9.200969829999952e-05
9.892386574196933e-05
0.0001062364067973376
0.0001139605781342833
0.0001221093509881804
0.0001306953678996943
0.0001397309001227448
0.0001492278064633631
0.0001591974934747366
0.0001696508774872178
0.0001805983485461942
0.0001920497366641135
0.0002040142804254795
0.0002165005982289756
0.0002295166622349742
0.0002430697751234006
0.000257166549954225
0.0002718128929690053
0.0002870139893815966
0.0003027742924964333
0.0003190975157364787
0.0003359866279066515
0.0003534438513675101
0.0003714706633423338
0.0003900678000928353
0.0004092352639030019
0.0004289723328320481
0.000449277573097488
0.000470148853882578
0.0004915833646419085
0.0005135776344331977
0.0005361275535296166
0.000559228396787217
0.0005828748489035227
0.0006070610312025951
0.0006317805299493129
0.0006570264259428927
0.000682791325230866
0.0007090673908638412
0.0007358463755178005
0.0007631196547837828
0.0007908782609928836
0.0008191129176348109
0.0008478140738553039
0.0008769719393720292
0.0009065765192251495
0.0009366176486573599
0.0009670850277745699
0.0009979682559435933
0.001029256865878174
0.001060940357232642
0.001093008229794847
0.001125450015963505
0.001158255312735462
0.001191413812809903
0.001224915335038024
0.001258749853994403
0.001292907528801617
0.00132737873084965
0.001362154070764907
0.001397224424366745
0.001432580957534631
0.001468215150221076
0.001504118819326254
0.001540284140542468
0.001576703669208364
0.001613370360038352
0.001650277585840062
0.001687419155127743
0.001724789328745947
0.001762382835326198
0.001800194885859357
0.001838221187098654
0.001876457953935688
0.001914901920903303
0.001953550352482031
0.001992401052615449
0.002031452373081614
0.002070703221047252
0.002110153065640233
0.002149801943524632
0.002189650463755414
0.002229699811564899
0.002269951751418999
0.002310408629124319
0.002351073373215324
0.002391949495488198
0.00243304109067001
0.002474352835412377
0.002515889986506728
0.002557658378290532
0.002599664419388144
0.002641915088691302
0.002684417930654793
0.0027271810498005
0.002770213104710332
0.00281352330115104
0.002857121384542437
0.002901017631887116
0.002945222842811283
0.00298974833005154
0.00303460590926842
0.003079807888028975
0.003125367054233961
0.00317129666380609
0.003217610427479816
0.003264322497148099
0.003311447451152876
0.003359000279005033
0.003406996365126582
0.003455451471931686
0.003504381721837733
0.003553803578558795
0.003603733827423989
0.003654189554506179
0.003705188125132342
0.003756747160948964
0.003808884516063807
0.003861618251986772
0.003914966611323931
0.003968947990246315
0.004023580909475037
0.004078883983990742
0.004134875891253723
0.004191575337698277
0.004249001023834137
0.004307171607452739
0.004366105665092016
0.004425821651636882
0.00448633785793029
0.004547672366312618
0.004609843004028712
0.004672867294383163
0.004736762405502512
0.004801545096706715
0.00486723166230453
0.004933837872773116
0.005001378913147034
0.005069869318614645
0.005139322907205883
0.00520975270936859
0.005281170894488527
0.005353588694223393
0.005427016322580944
0.005501462892588318
0.005576936329689334
0.005653443281590823
0.005730989024726514
0.005809577367196971
0.005889210548284449
0.005969889134472382
0.006051611912060452
0.006134375776543768
0.00621817561868108
0.006303004207560791
0.006388852070706637
0.006475707371610838
0.006563555784745875
0.00665238036858627
0.006742161436842345
0.006832876428376725
0.006924499776375938
0.007017002777196914
0.00711035345957986
0.007204516454914363
0.007299452869359123
0.007395120158530706
0.007491472005880238
0.007588458205633824
0.00768602455141867
0.007784112731808232
0.00788266023396917
0.007981600256804281
0.008080861634975928
0.008180368775339827
0.008280041607285371
0.008379795548535466
0.008479541488275238
0.008579185788914626
0.008678630308598625
0.00877777244568907
0.008876505207305267
0.008974717303131955
0.009072293266403939
0.009169113603195975
0.009265054971451556
0.009359990390974276
0.009453789485196231
0.009546318755577864
0.009637441889051187
0.009727020098826644
0.009814912498346417
0.009900976508014168
0.009985068293877682
0.01006704323704072
0.01014675643235114
0.01022406321398387
0.01029881970599935
0.01037088339462354
0.010440113718899
0.01050637267650355
0.01056952544013311
0.01062944098023715
0.01068599268951658
0.01073905900389874
0.01078852401506943
0.01083427806898407
0.01087621834512138
0.01091424941088766
0.01094828374601914
0.01097824223155906
0.01100405459859716
0.01102565983215068
0.0110430065257818
0.01105605318327633
0.01106476846411935
0.01106913136991964
0.01106913136991961
0.01106476846411935
0.01105605318327634
0.0110430065257818
0.01102565983215067
0.01100405459859714
0.01097824223155906
0.01094828374601914
0.01091424941088767
0.01087621834512137
0.01083427806898407
0.01078852401506941
0.01073905900389874
0.01068599268951657
0.01062944098023713
0.01056952544013315
0.01050637267650357
0.01044011371889903
0.01037088339462355
0.01029881970599936
0.01022406321398386
0.01014675643235117
0.01006704323704073
0.009985068293877703
0.009900976508014171
0.009814912498346403
0.009727020098826663
0.009637441889051203
0.009546318755577874
0.00945378948519621
0.009359990390974279
0.009265054971451574
0.009169113603195984
0.009072293266403962
0.008974717303131924
0.008876505207305291
0.008777772445689076
0.008678630308598655
0.008579185788914661
0.008479541488275252
0.00837979554853548
0.008280041607285401
0.008180368775339817
0.008080861634975942
0.007981600256804304
0.007882660233969184
0.007784112731808237
0.007686024551418672
0.007588458205633824
0.00749147200588024
0.007395120158530709
0.007299452869359136
0.007204516454914372
0.007110353459579825
0.007017002777196924
0.006924499776375936
0.006832876428376731
0.006742161436842371
0.00665238036858629
0.006563555784745883
0.006475707371610823
0.006388852070706658
0.006303004207560782
0.006218175618681107
0.006134375776543782
0.006051611912060452
0.005969889134472366
0.00588921054828443
0.005809577367196981
0.005730989024726496
0.005653443281590831
0.005576936329689346
0.005501462892588312
0.005427016322580968
0.005353588694223399
0.005281170894488527
0.005209752709368565
0.00513932290720586
0.005069869318614658
0.005001378913147024
0.004933837872773131
0.004867231662304554
0.004801545096706722
0.004736762405502525
0.004672867294383159
0.004609843004028735
0.00454767236631261
0.004486337857930276
0.004425821651636892
0.004366105665092012
0.004307171607452743
0.004249001023834161
0.004191575337698318
0.004134875891253739
0.004078883983990757
0.004023580909475041
0.003968947990246318
0.003914966611323959
0.003861618251986773
0.003808884516063809
0.003756747160948951
0.003705188125132318
0.003654189554506178
0.003603733827424007
0.003553803578558816
0.00350438172183774
0.003455451471931713
0.003406996365126559
0.003359000279005011
0.003311447451152865
0.003264322497148133
0.003217610427479839
0.003171296663806071
0.003125367054233946
0.003079807888028948
0.003034605909268421
0.002989748330051531
0.002945222842811272
0.002901017631887071
0.002857121384542425
0.002813523301151033
0.002770213104710356
0.002727181049800519
0.002684417930654803
0.002641915088691301
0.002599664419388122
0.002557658378290547
0.002515889986506719
0.002474352835412353
0.002433041090670017
0.00239194949548816
0.00235107337321534
0.002310408629124302
0.002269951751419005
0.00222969981156489
0.002189650463755445
0.002149801943524636
0.002110153065640247
0.002070703221047232
0.002031452373081632
0.001992401052615482
0.001953550352482022
0.001914901920903294
0.001876457953935703
0.00183822118709864
0.001800194885859327
0.001762382835326183
0.001724789328745935
0.001687419155127768
0.001650277585840058
0.001613370360038311
0.001576703669208365
0.001540284140542493
0.00150411881932626
0.00146821515022106
0.001432580957534627
0.001397224424366734
0.001362154070764921
0.001327378730849652
0.001292907528801627
0.001258749853994408
0.001224915335038026
0.001191413812809892
0.001158255312735489
0.001125450015963511
0.001093008229794816
0.001060940357232661
0.001029256865878163
0.0009979682559435907
0.0009670850277745733
0.0009366176486573616
0.0009065765192251348
0.0008769719393720275
0.0008478140738553239
0.0008191129176348139
0.0007908782609928854
0.0007631196547837798
0.0007358463755177966
0.0007090673908638134
0.0006827913252308612
0.0006570264259428884
0.0006317805299492821
0.0006070610312026064
0.000582874848903508
0.0005592283967872209
0.000536127553529614
0.0005135776344332064
0.0004915833646418834
0.0004701488538825798
0.0004492775730975057
0.0004289723328320394
0.0004092352639030131
0.0003900678000928292
0.0003714706633422943
0.0003534438513675205
0.0003359866279066277
0.0003190975157364795
0.0003027742924964364
0.0002870139893815645
0.0002718128929689975
0.0002571665499542723
0.0002430697751233573
0.000229516662234956
0.0002165005982290129
0.0002040142804254539
0.0001920497366640992
0.000180598348546174
0.0001696508774872425
0.0001591974934746913
0.0001492278064633627
0.0001397309001227708
0.0001306953678996694
0.0001221093509881945
0.0001139605781343284
0.0001062364067973427
9.892386574198006e-05
9.200969829998814e-05
8.548040643831473e-05
7.932229495197324e-05
7.352151570367793e-05
6.806411150027077e-05
6.293605913949607e-05
5.812331151799693e-05
5.361183837495514e-05
4.938766530893188e-05
4.543691082785101e-05
4.174582118795893e-05
3.830080269744606e-05
3.508845124142526e-05
3.209557891844031e-05
2.930923746249621e-05
2.671673844148914e-05
2.430567001188567e-05
2.206391021492135e-05
1.997963666140702e-05
1.804133273821795e-05
1.623779020032802e-05
1.455810830771178e-05
1.299168943936667e-05
1.152823153871573e-05
1.0157717261459e-05
8.870400061557031e-06
7.656787608842711e-06
6.507622341841686e-06
5.413859842229437e-06
4.366644816598993e-06
3.357285405322912e-06
2.377225682450614e-06
1.418016848623183e-06
4.712874205114797e-07
-9.438191536473997e-07
-9.521531741038527e-07
-9.688075851956613e-07
-9.938686870442443e-07
-1.027453214836132e-06
-1.069668792682404e-06
-1.120639081973474e-06
-1.180587817139374e-06
-1.24964732633386e-06
-1.328101226722925e-06
-1.416200833236937e-06
-1.514181578397256e-06
-1.6223110299613e-06
-1.740891415183876e-06
-1.870231482771489e-06
-2.01066844189327e-06
-2.162422424462838e-06
-2.325917076921905e-06
-2.501345276603243e-06
-2.689091349330309e-06
-2.889348852407389e-06
-3.10245355757561e-06
-3.328651744287316e-06
-3.568159109989876e-06
-3.821179417541075e-06
-4.087899146044041e-06
-4.368435309606188e-06
-4.662949721148503e-06
-4.971438890902913e-06
-5.293985448705336e-06
-5.630629085390089e-06
-5.981251035858702e-06
-6.345776665604416e-06
-6.724108914436418e-06
-7.11607629379275e-06
-7.521419282538688e-06
-7.939905368974217e-06
-8.371182757587399e-06
-8.814981641515084e-06
-9.270799253412325e-06
-9.738338129133126e-06
-1.021702132178811e-05
-1.070635082599274e-05
-1.120580044430972e-05
-1.171484585744893e-05
-1.223278355843839e-05
-1.275905697589049e-05
-1.329297227757072e-05
-1.38338526501446e-05
-1.438095976984019e-05
-1.493368180517562e-05
-1.549121149712411e-05
-1.605280371594234e-05
-1.661775943071826e-05
-1.718532266757757e-05
-1.775471957736382e-05
-1.832520139990741e-05
-1.889609997154422e-05
-1.946662859165767e-05
-2.003602758261999e-05
-2.060366210212557e-05
-2.116885928637946e-05
-2.173089042718715e-05
-2.22891097591006e-05
-2.284288928392125e-05
-2.339165375028194e-05
-2.393483912354717e-05
-2.447187523212753e-05
-2.500216499404196e-05
-2.552533716221846e-05
-2.60408823084847e-05
-2.654835170483867e-05
-2.704739865187049e-05
-2.753763865101103e-05
-2.801872898252034e-05
-2.849037305362904e-05
-2.895235910489786e-05
-2.940444204158051e-05
-2.984642526290788e-05
-3.027814864041491e-05
-3.069953220289587e-05
-3.111043807257095e-05
-3.151086836147595e-05
-3.190079447865341e-05
-3.228019214143846e-05
-3.26491603241878e-05
-3.300778431223901e-05
-3.335609607170891e-05
-3.369433541941987e-05
-3.40226069601983e-05
-3.434111719150274e-05
-3.465013823159737e-05
-3.494988653280013e-05
-3.524064010380501e-05
-3.552269175583859e-05
-3.579640051327254e-05
-3.606210587253971e-05
-3.632013471886612e-05
-3.657091597749587e-05
-3.681486481530452e-05
-3.705239897687197e-05
-3.728396755217446e-05
-3.751001028832274e-05
-3.773099024338e-05
-3.794748871235294e-05
-3.815991378341222e-05
-3.836879550385965e-05
-3.857468316308003e-05
-3.877809665445785e-05
-3.897959409202536e-05
-3.917970867267585e-05
-3.937899338198882e-05
-3.957805955345441e-05
-3.97774430029153e-05
-3.997771348499685e-05
-4.017945727515792e-05
-4.038325874822486e-05
-4.058970648452732e-05
-4.079937322647455e-05
-4.101285320099247e-05
-4.123073500063892e-05
-4.145355924898584e-05
-4.168195718741562e-05
-4.191644318081732e-05
-4.215765258387581e-05
-4.240611903300955e-05
-4.266243261413979e-05
-4.292714246245536e-05
-4.320077910241829e-05
-4.348388786912053e-05
-4.377705320855431e-05
-4.408071800073733e-05
-4.439548317924463e-05
-4.472181697169117e-05
-4.506022128365858e-05
-4.541116730581265e-05
-4.577514814838828e-05
-4.615266245689957e-05
-4.654408212901441e-05
-4.694990312672826e-05
-4.737052917154733e-05
-4.780633255025275e-05
-4.825773742779877e-05
-4.872511048460911e-05
-4.920875312807758e-05
-4.970904971436171e-05
-5.022632809226658e-05
-5.076081569594905e-05
-5.131283220864237e-05
-5.188258743627858e-05
-5.247033880301026e-05
-5.307625243175558e-05
-5.370051203606976e-05
-5.434323959294475e-05
-5.500453934429566e-05
-5.568452334976801e-05
-5.638323261876783e-05
-5.710063644173911e-05
-5.78367445127341e-05
-5.859149217509848e-05
-5.936477933125167e-05
-6.015645309792804e-05
-6.096635852051004e-05
-6.179421856886172e-05
-6.263977111775802e-05
-6.350271642900792e-05
-6.438263685239415e-05
-6.527912304600815e-05
-6.619164890112804e-05
-6.711968675878224e-05
-6.806256822212009e-05
-6.901966552826093e-05
-6.999023173888153e-05
-7.097342514831873e-05
-7.196831342452628e-05
-7.297394674008103e-05
-7.398927971477909e-05
-7.501314975391946e-05
-7.604432992912987e-05
-7.708151325274911e-05
-7.812325228650138e-05
-7.916803586767181e-05
-8.021422043680489e-05
-8.126011452013856e-05
-8.230386775874779e-05
-8.334353531418051e-05
-8.437705665041627e-05
-8.540220392672501e-05
-8.641678334860749e-05
-8.741822929007871e-05
-8.840407559783964e-05
-8.937161977713311e-05
-9.03180478989702e-05
-9.124044771600115e-05
-9.213568192463368e-05
-9.300057139482133e-05
-9.383180498356851e-05
-9.462592591792859e-05
-9.537929114686579e-05
-9.608824638356814e-05
-9.674888926880316e-05
-9.735732559646983e-05
-9.790946207471898e-05
-9.840118833862376e-05
-9.882822043335245e-05
-9.91862246470418e-05
-9.947079976875344e-05
-9.967750943845954e-05
-9.980182667001722e-05
-9.983923346804549e-05
-9.978520947423607e-05
-9.963520408909201e-05
-9.938476234744626e-05
-9.902942355261987e-05
-9.85648332796791e-05
-9.798677063319092e-05
-9.729112350076144e-05
-9.647391145557065e-05
-9.553141532605907e-05
-9.446011011761811e-05
-9.325668188913382e-05
-9.191821811661498e-05
-9.044203533330793e-05
-8.8825845018312e-05
-8.706775546920717e-05
-8.516623570256968e-05
-8.31203106535699e-05
-8.092942901764423e-05
-7.859357411068277e-05
-7.611321645698536e-05
-7.348945442335169e-05
-7.072398608461554e-05
-6.78189438353785e-05
-6.477732951381868e-05
-6.160254816875945e-05
-5.829876209277549e-05
-5.487068929832932e-05
-5.132367013515799e-05
-4.766365046039492e-05
-4.389725021253471e-05
-4.003156486562245e-05
-3.60742114696145e-05
-3.203339613761859e-05
-2.79177546258353e-05
-2.373636840943077e-05
-1.949867440718623e-05
-1.521441668088658e-05
-1.089368420128848e-05
-6.546759015888764e-06
-2.18400302549952e-06
2.184003024251593e-06
6.546759018439969e-06
1.089368420188331e-05
1.521441668021565e-05
1.94986744071337e-05
2.373636840981001e-05
2.791775462367945e-05
3.203339613711431e-05
3.607421146959195e-05
4.003156486775467e-05
4.38972502099919e-05
4.766365046254381e-05
5.132367013425231e-05
5.487068929955391e-05
5.829876208974174e-05
6.160254817057467e-05
6.477732951337016e-05
6.781894383586831e-05
7.072398608455683e-05
7.34894544227363e-05
7.61132164581541e-05
7.859357410877483e-05
8.092942901702978e-05
8.312031065317083e-05
8.516623570318567e-05
8.706775547055718e-05
8.882584501896026e-05
9.044203533339199e-05
9.191821811555423e-05
9.325668188956614e-05
9.446011011750695e-05
9.553141532490686e-05
9.64739114575122e-05
9.729112349955634e-05
9.798677063449169e-05
9.856483327742451e-05
9.90294235544247e-05
9.938476234542482e-05
9.963520409134405e-05
9.978520947273252e-05
9.983923346816813e-05
9.980182667022171e-05
9.967750944042428e-05
9.947079976838053e-05
9.918622464641201e-05
9.882822043280007e-05
9.840118833781078e-05
9.790946207658542e-05
9.735732559461744e-05
9.674888926991002e-05
9.60882463833103e-05
9.537929114625319e-05
9.462592591779562e-05
9.383180498347777e-05
9.300057139718403e-05
9.213568192523665e-05
9.124044771415191e-05
9.031804789779707e-05
8.937161977934053e-05
8.840407559642094e-05
8.741822928966749e-05
8.641678335047725e-05
8.540220392699841e-05
8.437705665064255e-05
8.334353531224663e-05
8.230386776066523e-05
8.12601145208363e-05
8.021422043636805e-05
7.916803586703337e-05
7.812325228805867e-05
7.708151325084648e-05
7.604432992993688e-05
7.501314975235342e-05
7.398927971626431e-05
7.297394673965162e-05
7.196831342445481e-05
7.097342514860669e-05
6.999023173724902e-05
6.901966552750352e-05
6.806256822269109e-05
6.711968676120848e-05
6.619164890036412e-05
6.527912304647887e-05
6.438263685168334e-05
6.350271643080348e-05
6.263977111871346e-05
6.179421856639499e-05
6.096635852125062e-05
6.015645309843932e-05
5.936477932945535e-05
5.859149217633119e-05
5.783674451229108e-05
5.710063644152744e-05
5.638323261783374e-05
5.568452335010166e-05
5.500453934673016e-05
5.434323959151505e-05
5.370051203819275e-05
5.307625243135482e-05
5.247033880279892e-05
5.18825874369001e-05
5.131283220684274e-05
5.076081569863016e-05
5.022632809306713e-05
4.970904971285965e-05
4.920875312686605e-05
4.872511048570315e-05
4.825773742765703e-05
4.780633255098837e-05
4.737052917186792e-05
4.694990312544403e-05
4.654408212973625e-05
4.615266245717827e-05
4.577514814645442e-05
4.541116730695928e-05
4.506022128384712e-05
4.472181696911404e-05
4.439548317969708e-05
4.4080718001012e-05
4.377705321140725e-05
4.348388786808708e-05
4.320077910242626e-05
4.292714246306072e-05
4.266243261564192e-05
4.240611903080077e-05
4.215765258389379e-05
4.191644317930707e-05
4.168195718781197e-05
4.145355924934713e-05
4.123073500128851e-05
4.101285320120015e-05
4.079937322524521e-05
4.05897064839755e-05
4.038325875078281e-05
4.0179457274115e-05
3.997771348532211e-05
3.97774430039507e-05
3.957805955230593e-05
3.937899338239657e-05
3.917970867178633e-05
3.897959409145217e-05
3.877809665657443e-05
3.857468316062239e-05
3.836879550367601e-05
3.815991378404537e-05
3.794748871460526e-05
3.773099024128942e-05
3.751001028885191e-05
3.728396755243618e-05
3.705239897751276e-05
3.681486481371995e-05
3.657091597912408e-05
3.63201347187209e-05
3.606210587099319e-05
3.579640051161883e-05
3.552269175665481e-05
3.524064010466709e-05
3.494988653399234e-05
3.465013823070618e-05
3.43411171912312e-05
3.402260695976087e-05
3.369433541974465e-05
3.335609607047221e-05
3.300778431296518e-05
3.264916032423715e-05
3.228019214069978e-05
3.190079447979709e-05
3.151086836114737e-05
3.111043807147684e-05
3.069953220216516e-05
3.027814864013941e-05
2.984642526530525e-05
2.94044420413014e-05
2.895235910590699e-05
2.849037305230655e-05
2.80187289821724e-05
2.753763865162445e-05
2.704739865054418e-05
2.654835170382127e-05
2.604088231068173e-05
2.552533716107063e-05
2.500216499419862e-05
2.447187523253621e-05
2.393483912265769e-05
2.33916537491757e-05
2.284288928473477e-05
2.228910975965901e-05
2.173089042615787e-05
2.116885928783168e-05
2.060366210057648e-05
2.003602758297545e-05
1.946662859287219e-05
1.889609997160913e-05
1.832520140069381e-05
1.775471957706645e-05
1.718532266555686e-05
1.661775943122208e-05
1.60528037162641e-05
1.549121149540224e-05
1.49336818066172e-05
1.438095976984057e-05
1.383385265135324e-05
1.32929722764786e-05
1.275905697624037e-05
1.223278355696195e-05
1.171484585855711e-05
1.120580044564049e-05
1.070635082507396e-05
1.02170213212745e-05
9.738338128351917e-06
9.27079925316733e-06
8.814981642124887e-06
8.371182758049506e-06
7.939905369664635e-06
7.521419281521038e-06
7.116076293174228e-06
6.724108915310881e-06
6.345776665205748e-06
5.981251034913311e-06
5.630629088377452e-06
5.293985447187425e-06
4.971438891950944e-06
4.662949721742469e-06
4.36843530851727e-06
4.087899146829722e-06
3.821179416207425e-06
3.568159110190725e-06
3.328651744564682e-06
3.102453558530562e-06
2.889348852316858e-06
2.68909134758103e-06
2.501345278334727e-06
2.325917077375373e-06
2.162422425769939e-06
2.01066844080736e-06
1.870231483583299e-06
1.740891413669828e-06
1.622311029688176e-06
1.514181577845749e-06
1.41620083531434e-06
1.328101226443924e-06
1.249647327222869e-06
1.180587816729072e-06
1.120639080462857e-06
1.06966879419059e-06
1.027453214881625e-06
9.938686870038798e-07
9.688075861967329e-07
9.521531724056474e-07
9.438191540715472e-07
9.438191536473124e-07
9.521531741040569e-07
9.688075851954518e-07
9.938686870439919e-07
1.027453214836154e-06
1.069668792682493e-06
1.120639081973555e-06
1.180587817139343e-06
1.249647326333359e-06
1.328101226722735e-06
1.416200833236775e-06
1.514181578397296e-06
1.622311029961612e-06
1.74089141518393e-06
1.87023148277134e-06
2.01066844189285e-06
2.162422424462784e-06
2.325917076921485e-06
2.501345276603392e-06
2.689091349330445e-06
2.889348852407254e-06
3.102453557575475e-06
3.328651744287722e-06
3.568159109988413e-06
3.821179417540628e-06
4.087899146043838e-06
4.368435309605104e-06
4.662949721149058e-06
4.971438890903211e-06
5.293985448705986e-06
5.630629085390482e-06
5.981251035858546e-06
6.345776665604369e-06
6.724108914436808e-06
7.116076293793248e-06
7.521419282538184e-06
7.939905368973429e-06
8.371182757588053e-06
8.814981641514901e-06
9.270799253409354e-06
9.738338129131527e-06
1.021702132178689e-05
1.070635082599303e-05
1.120580044431097e-05
1.171484585744827e-05
1.22327835584385e-05
1.275905697588965e-05
1.329297227757022e-05
1.383385265014457e-05
1.438095976983972e-05
1.493368180517684e-05
1.549121149712463e-05
1.605280371594131e-05
1.661775943071804e-05
1.718532266757866e-05
1.775471957736355e-05
1.832520139990671e-05
1.889609997154292e-05
1.94666285916568e-05
2.003602758261983e-05
2.060366210212537e-05
2.116885928638026e-05
2.173089042718699e-05
2.22891097591014e-05
2.284288928392128e-05
2.339165375028217e-05
2.393483912354441e-05
2.447187523212831e-05
2.500216499404368e-05
2.552533716221852e-05
2.604088230848377e-05
2.6548351704839e-05
2.704739865187285e-05
2.753763865101463e-05
2.801872898251879e-05
2.849037305363019e-05
2.895235910489826e-05
2.940444204158211e-05
2.984642526290774e-05
3.027814864041478e-05
3.06995322028956e-05
3.111043807257627e-05
3.151086836147538e-05
3.190079447865206e-05
3.228019214143697e-05
3.264916032418401e-05
3.300778431224024e-05
3.335609607170665e-05
3.369433541942136e-05
3.402260696019977e-05
3.434111719150166e-05
3.465013823159781e-05
3.494988653279668e-05
3.524064010380371e-05
3.552269175583556e-05
3.57964005132706e-05
3.606210587254098e-05
3.632013471886617e-05
3.657091597749469e-05
3.681486481530497e-05
3.705239897687216e-05
3.728396755217358e-05
3.751001028832087e-05
3.773099024338109e-05
3.794748871235384e-05
3.815991378341225e-05
3.836879550386057e-05
3.857468316307977e-05
3.87780966544604e-05
3.897959409202759e-05
3.917970867267822e-05
3.937899338198903e-05
3.957805955345782e-05
3.977744300291774e-05
3.997771348499429e-05
4.017945727515574e-05
4.03832587482208e-05
4.058970648453069e-05
4.079937322647529e-05
4.10128532009917e-05
4.123073500064024e-05
4.145355924898968e-05
4.168195718741018e-05
4.191644318081618e-05
4.215765258387745e-05
4.240611903301396e-05
4.266243261413728e-05
4.292714246245368e-05
4.320077910241145e-05
4.348388786911912e-05
4.377705320855215e-05
4.408071800073625e-05
4.439548317924426e-05
4.472181697169127e-05
4.506022128366102e-05
4.541116730581335e-05
4.57751481483886e-05
4.615266245689908e-05
4.654408212901739e-05
4.694990312673175e-05
4.737052917155036e-05
4.780633255024958e-05
4.825773742779814e-05
4.872511048461192e-05
4.920875312807604e-05
4.970904971436157e-05
5.022632809226245e-05
5.076081569595553e-05
5.131283220864297e-05
5.188258743627939e-05
5.247033880301581e-05
5.307625243176241e-05
5.370051203606775e-05
5.434323959294942e-05
5.500453934429567e-05
5.568452334976178e-05
5.638323261876705e-05
5.710063644174004e-05
5.783674451273269e-05
5.859149217510171e-05
5.936477933124865e-05
6.015645309792338e-05
6.096635852050544e-05
6.179421856885794e-05
6.263977111776526e-05
6.350271642900651e-05
6.438263685239353e-05
6.527912304600669e-05
6.619164890112633e-05
6.711968675878125e-05
6.806256822211887e-05
6.901966552825926e-05
6.999023173888397e-05
7.097342514831681e-05
7.196831342452751e-05
7.297394674007831e-05
7.398927971478141e-05
7.501314975391801e-05
7.604432992912833e-05
7.708151325275168e-05
7.812325228650554e-05
7.916803586766992e-05
8.021422043680682e-05
8.126011452013889e-05
8.230386775874846e-05
8.334353531417912e-05
8.437705665041717e-05
8.540220392672302e-05
8.641678334860726e-05
8.741822929007867e-05
8.84040755978418e-05
8.937161977713479e-05
9.031804789897238e-05
9.124044771600052e-05
9.213568192463598e-05
9.300057139482323e-05
9.383180498357232e-05
9.462592591792456e-05
9.537929114686298e-05
9.608824638356202e-05
9.674888926880191e-05
9.735732559647171e-05
9.790946207472291e-05
9.840118833862453e-05
9.882822043335122e-05
9.918622464704245e-05
9.947079976875354e-05
9.967750943845815e-05
9.980182667002134e-05
9.983923346804289e-05
9.978520947423548e-05
9.963520408909251e-05
9.938476234744852e-05
9.902942355262067e-05
9.856483327967951e-05
9.798677063319256e-05
9.729112350076153e-05
9.647391145557193e-05
9.553141532605959e-05
9.446011011761887e-05
9.325668188913595e-05
9.191821811661525e-05
9.044203533330888e-05
8.882584501831021e-05
8.706775546920629e-05
8.516623570257134e-05
8.31203106535679e-05
8.092942901764493e-05
7.859357411068127e-05
7.611321645698349e-05
7.348945442335099e-05
7.072398608461527e-05
6.781894383537731e-05
6.477732951381919e-05
6.160254816875843e-05
5.829876209277508e-05
5.487068929832852e-05
5.132367013515885e-05
4.766365046039497e-05
4.38972502125347e-05
4.003156486562317e-05
3.607421146961339e-05
3.203339613761908e-05
2.791775462583553e-05
2.373636840943072e-05
1.949867440718607e-05
1.521441668088669e-05
1.089368420128853e-05
6.54675901588897e-06
2.18400302549958e-06
-2.184003024251498e-06
-6.546759018439945e-06
-1.089368420188334e-05
-1.521441668021612e-05
-1.949867440713361e-05
-2.373636840980989e-05
-2.791775462367901e-05
-3.203339613711429e-05
-3.607421146959222e-05
-4.003156486775516e-05
-4.389725020999228e-05
-4.766365046254335e-05
-5.132367013425365e-05
-5.487068929955409e-05
-5.829876208974147e-05
-6.160254817057475e-05
-6.477732951337014e-05
-6.781894383586975e-05
-7.072398608455691e-05
-7.348945442273486e-05
-7.61132164581563e-05
-7.859357410877678e-05
-8.092942901703069e-05
-8.312031065317082e-05
-8.516623570318279e-05
-8.706775547055697e-05
-8.8825845018961e-05
-9.044203533339333e-05
-9.191821811555495e-05
-9.325668188956694e-05
-9.446011011750953e-05
-9.553141532490564e-05
-9.647391145751052e-05
-9.729112349955671e-05
-9.798677063449116e-05
-9.856483327742094e-05
-9.90294235544267e-05
-9.938476234542314e-05
-9.963520409134585e-05
-9.978520947273112e-05
-9.983923346816545e-05
-9.980182667021805e-05
-9.967750944042622e-05
-9.947079976837998e-05
-9.918622464640784e-05
-9.882822043280064e-05
-9.840118833781264e-05
-9.79094620765833e-05
-9.73573255946214e-05
-9.674888926991387e-05
-9.608824638330607e-05
-9.537929114625536e-05
-9.462592591779497e-05
-9.383180498348047e-05
-9.30005713971853e-05
-9.213568192523869e-05
-9.12404477141516e-05
-9.031804789779551e-05
-8.937161977934192e-05
-8.840407559642115e-05
-8.741822928966898e-05
-8.641678335048023e-05
-8.540220392699882e-05
-8.437705665064144e-05
-8.334353531224197e-05
-8.230386776066418e-05
-8.126011452083439e-05
-8.021422043637085e-05
-7.916803586703421e-05
-7.812325228805858e-05
-7.708151325084996e-05
-7.604432992993471e-05
-7.50131497523526e-05
-7.398927971626458e-05
-7.297394673965573e-05
-7.19683134244546e-05
-7.097342514860973e-05
-6.999023173724604e-05
-6.901966552750582e-05
-6.806256822269538e-05
-6.711968676120915e-05
-6.619164890036255e-05
-6.52791230464807e-05
-6.438263685168586e-05
-6.350271643079707e-05
-6.263977111871496e-05
-6.179421856639882e-05
-6.096635852125478e-05
-6.015645309844103e-05
-5.936477932945586e-05
-5.859149217633e-05
-5.783674451229561e-05
-5.710063644152788e-05
-5.638323261782858e-05
-5.568452335010744e-05
-5.500453934673072e-05
-5.434323959151394e-05
-5.370051203819631e-05
-5.307625243135203e-05
-5.24703388027969e-05
-5.18825874369004e-05
-5.13128322068506e-05
-5.076081569862869e-05
-5.022632809306575e-05
-4.970904971285523e-05
-4.920875312686807e-05
-4.872511048570323e-05
-4.825773742765443e-05
-4.78063325509869e-05
-4.737052917186531e-05
-4.69499031254433e-05
-4.654408212973382e-05
-4.615266245717847e-05
-4.57751481464544e-05
-4.541116730695592e-05
-4.506022128384373e-05
-4.472181696911794e-05
-4.439548317969478e-05
-4.408071800101095e-05
-4.377705321140619e-05
-4.348388786808518e-05
-4.320077910242714e-05
-4.292714246305999e-05
-4.266243261563984e-05
-4.240611903080118e-05
-4.215765258389919e-05
-4.191644317931326e-05
-4.168195718781035e-05
-4.145355924934417e-05
-4.123073500128993e-05
-4.101285320120307e-05
-4.079937322524174e-05
-4.05897064839811e-05
-4.038325875078563e-05
-4.017945727411691e-05
-3.997771348531532e-05
-3.977744300395474e-05
-3.957805955230241e-05
-3.937899338239131e-05
-3.917970867178606e-05
-3.897959409145366e-05
-3.877809665657515e-05
-3.857468316061892e-05
-3.836879550367117e-05
-3.815991378404883e-05
-3.794748871460128e-05
-3.773099024128713e-05
-3.75100102888491e-05
-3.728396755243881e-05
-3.705239897750893e-05
-3.681486481371472e-05
-3.657091597912493e-05
-3.632013471871878e-05
-3.606210587099298e-05
-3.579640051161847e-05
-3.552269175665312e-05
-3.524064010466838e-05
-3.494988653399622e-05
-3.465013823070538e-05
-3.434111719123187e-05
-3.402260695976204e-05
-3.369433541973815e-05
-3.335609607046874e-05
-3.300778431297072e-05
-3.264916032423493e-05
-3.228019214069938e-05
-3.190079447979645e-05
-3.151086836114649e-05
-3.111043807147905e-05
-3.06995322021665e-05
-3.027814864014042e-05
-2.984642526530394e-05
-2.940444204129981e-05
-2.895235910590306e-05
-2.849037305230751e-05
-2.801872898217273e-05
-2.753763865162542e-05
-2.704739865054688e-05
-2.654835170382152e-05
-2.60408823106804e-05
-2.552533716107017e-05
-2.500216499419982e-05
-2.447187523253391e-05
-2.393483912265822e-05
-2.339165374917646e-05
-2.28428892847353e-05
-2.228910975965953e-05
-2.173089042615926e-05
-2.116885928783037e-05
-2.060366210057499e-05
-2.00360275829753e-05
-1.94666285928718e-05
-1.889609997161057e-05
-1.832520140069332e-05
-1.775471957706314e-05
-1.718532266555909e-05
-1.661775943122092e-05
-1.605280371626283e-05
-1.549121149540235e-05
-1.493368180661666e-05
-1.438095976984024e-05
-1.383385265135156e-05
-1.329297227647711e-05
-1.275905697624083e-05
-1.223278355696325e-05
-1.171484585855788e-05
-1.12058004456413e-05
-1.070635082507185e-05
-1.021702132127487e-05
-9.738338128351084e-06
-9.270799253166449e-06
-8.814981642125405e-06
-8.371182758048365e-06
-7.939905369664706e-06
-7.5214192815227e-06
-7.116076293173948e-06
-6.724108915310187e-06
-6.345776665205349e-06
-5.981251034913921e-06
-5.630629088376307e-06
-5.293985447186219e-06
-4.971438891950835e-06
-4.662949721743133e-06
-4.368435308517866e-06
-4.087899146828529e-06
-3.821179416208062e-06
-3.568159110191131e-06
-3.328651744564817e-06
-3.102453558529871e-06
-2.889348852316912e-06
-2.689091347581491e-06
-2.501345278335568e-06
-2.325917077374831e-06
-2.162422425770128e-06
-2.010668440807726e-06
-1.870231483582703e-06
-1.740891413669842e-06
-1.622311029687688e-06
-1.514181577845722e-06
-1.416200835314296e-06
-1.328101226443872e-06
-1.249647327222723e-06
-1.180587816729054e-06
-1.120639080462269e-06
-1.069668794190563e-06
-1.027453214881545e-06
-9.938686870038002e-07
-9.688075861968913e-07
-9.52153172405611e-07
-9.438191539302282e-07
0
