0.001242891857142497
0.001206047468890092
0.001169196067423437
0.001132338443990947
0.00109547536758402
0.001058607584296349
0.001021735816668712
0.0009848607630187501
0.0009479830967552903
0.0009111034656771526
0.0008742224912557225
0.000837340767901165
0.0008004588622117117
0.0007635773122058174
0.0007266966265365058
0.0006898172836878186
0.0006529397311526887
0.0006160643845919186
0.000579191626973865
0.000542321807694265
0.0005054552416758623
0.0004685922084473513
0.0004317329512011185
0.0003948776758293451
0.0003580265499379949
0.0003211797018381698
0.0002843372195143822
0.0002474991495691197
0.0002106654961433503
0.0001738362198123147
0.0001370112364561254
0.0001001904161046449
6.337358175607562e-05
2.656050816871025e-05
-1.024907937469974e-05
-4.705550633052373e-05
-8.385915018638889e-05
-0.0001206604417823785
-0.000157459866661949
-0.000194257966453111
-0.0002310553402804753
-0.0002678526462087597
-0.0003046506027183589
-0.0003414499902135893
-0.0003782516525641911
-0.0004150564986806806
-0.0004518655041243183
-0.0004886797127519652
-0.0005255002383968266
-0.0005623282665854232
-0.0005991650562914412
-0.0006360119417272975
-0.0006728703341734729
-0.0007097417238469167
-0.000746627681808529
-0.0007835298619105257
-0.0008204500027843443
-0.0008573899298694289
-0.0008943515574835729
-0.0009313368909354491
-0.0009683480286794408
-0.00100538716451381
-0.0010424565898223
-0.001079558695859662
-0.001116695976081647
-0.001153871028519848
-0.001191086558201648
-0.001228345379615646
-0.001265650419222932
-0.001303004718014427
-0.001340411434114315
-0.001377873845430329
-0.001415395352349816
-0.001452979480483245
-0.001490629883453648
-0.001528350345732991
-0.001566144785524613
-0.001604017257692075
-0.001641971956733801
-0.001680013219803218
-0.001718145529773736
-0.001756373518348785
-0.001794701969214747
-0.001833135821237756
-0.001871680171702039
-0.001910340279589434
-0.001949121568899197
-0.001988029632005349
-0.002027070233052784
-0.002066249311386734
-0.002105572985017973
-0.002145047554118238
-0.002184679504545177
-0.002224475511395471
-0.002264442442580738
-0.002304587362426123
-0.002344917535286713
-0.002385440429178998
-0.00242616371942382
-0.002467095292295976
-0.002508243248677838
-0.002549615907710134
-0.002591221810437193
-0.00263306972343874
-0.002675168642445188
-0.002717527795928408
-0.002760156648660766
-0.002803064905237762
-0.002846262513554371
-0.002889759668227149
-0.002933566813955056
-0.002977694648806806
-0.0030221541274286
-0.003066956464156642
-0.003112113136028229
-0.003157635885676266
-0.003203536724093255
-0.003249827933256238
-0.003296522068591313
-0.003343631961267588
-0.00339117072030158
-0.003439151734455016
-0.003487588673907845
-0.003536495491686216
-0.003585886424824556
-0.003635775995240722
-0.003686179010298581
-0.003737110563034748
-0.003788586032023393
-0.003840621080848996
-0.003893231657159852
-0.003946433991269998
-0.004000244594275957
-0.004054680255654339
-0.004109758040302522
-0.004165495284982818
-0.004221909594132258
-0.004279018834986944
-0.004336841131984607
-0.004395394860389304
-0.00445469863908877
-0.004514771322514907
-0.004575631991623074
-0.004637299943877723
-0.004699794682175623
-0.004763135902645256
-0.004827343481249734
-0.004892437459120122
-0.004958438026546363
-0.005025365505541298
-0.005093240330894485
-0.005162083029631273
-0.005231914198780091
-0.005302754481356679
-0.005374624540460536
-0.005447545031383619
-0.005521536571619628
-0.00559661970866245
-0.00567281488547715
-0.005750142403520355
-0.00582862238319014
-0.005908274721568679
-0.005989119047333098
-0.006071174672695294
-0.006154460542227825
-0.006238995178444595
-0.006324796623979495
-0.006411882380229878
-0.006500269342309493
-0.006589973730169195
-0.006681011015738845
-0.006773395845943797
-0.006867141961460413
-0.006962262111067071
-0.007058767961465783
-0.007156670002447888
-0.007255977447290819
-0.007356698128283169
-0.007458838387291699
-0.007562402961295494
-0.007667394862838232
-0.007773815255363881
-0.007881663323438953
-0.007990936137878393
-0.008101628515839784
-0.008213732875979504
-0.008327239088809014
-0.008442134322437258
-0.008558402883934849
-0.00867602605661243
-0.008794981933570162
-0.008915245247940342
-0.009036787200319037
-0.009159575283959899
-0.009283573108393364
-0.009408740222214513
-0.009535031935885932
-0.009662399145499405
-0.009790788158539874
-0.009920140522811099
-0.01005039285978722
-0.01018147670376484
-0.01031331834831857
-0.01044583870165328
-0.01057895315258174
-0.01071257144894757
-0.01084659759042173
-0.01098092973770135
-0.01111546014021015
-0.01125007508448554
-0.01138465486549031
-0.01151907378311769
-0.01165320016618889
-0.01178689642622411
-0.01192001914324009
-0.01205241918576031
-0.01218394186712574
-0.01231442714006732
-0.0124437098313137
-0.01257161991781624
-0.01269798284590523
-0.0128226198943982
-0.01294534858234758
-0.01306598312172818
-0.01318433491494567
-0.01330021309659083
-0.01341342511836435
-0.01352377737558151
-0.0136310758731101
-0.01373512692803771
-0.01383573790578541
-0.01393271798581556
-0.01402587895251224
-0.01411503600626975
-0.01420000858931357
-0.01428062122030222
-0.01435670433134185
-0.01442809510069234
-0.01449463827416179
-0.01455618696799271
-0.01461260344594132
-0.01466375986324368
-0.01470953897026733
-0.01474983476885306
-0.01478455311466528
-0.01481361225929416
-0.01483694332637667
-0.01485449071662069
-0.01486621243732682
-0.01487208035278752
-0.0148720803527875
-0.01486621243732672
-0.01485449071662051
-0.01483694332637642
-0.01481361225929383
-0.01478455311466488
-0.01474983476885258
-0.01470953897026678
-0.01466375986324306
-0.01461260344594064
-0.01455618696799196
-0.01449463827416098
-0.01442809510069148
-0.01435670433134092
-0.01428062122030124
-0.01420000858931252
-0.01411503600626865
-0.01402587895251109
-0.01393271798581437
-0.01383573790578417
-0.01373512692803643
-0.01363107587310879
-0.01352377737558016
-0.01341342511836297
-0.01330021309658942
-0.01318433491494422
-0.0130659831217267
-0.01294534858234609
-0.01282261989439668
-0.0126979828459037
-0.0125716199178147
-0.01244370983131215
-0.01231442714006576
-0.01218394186712418
-0.01205241918575873
-0.0119200191432385
-0.01178689642622251
-0.01165320016618728
-0.01151907378311608
-0.01138465486548871
-0.01125007508448396
-0.01111546014020858
-0.01098092973769978
-0.01084659759042017
-0.01071257144894601
-0.0105789531525802
-0.01044583870165175
-0.01031331834831705
-0.01018147670376333
-0.01005039285978573
-0.009920140522809621
-0.009790788158538411
-0.00966239914549796
-0.009535031935884505
-0.009408740222213097
-0.00928357310839196
-0.009159575283958516
-0.009036787200317673
-0.008915245247938996
-0.008794981933568837
-0.008676026056611124
-0.008558402883933563
-0.008442134322435993
-0.008327239088807763
-0.008213732875978277
-0.008101628515838571
-0.007990936137877193
-0.007881663323437781
-0.007773815255362727
-0.007667394862837096
-0.007562402961294375
-0.0074588383872906
-0.007356698128282094
-0.007255977447289756
-0.007156670002446844
-0.007058767961464756
-0.006962262111066064
-0.006867141961459421
-0.006773395845942829
-0.006681011015737892
-0.006589973730168255
-0.006500269342308565
-0.006411882380228968
-0.006324796623978599
-0.006238995178443721
-0.006154460542226966
-0.006071174672694446
-0.005989119047332266
-0.005908274721567867
-0.005828622383189342
-0.005750142403519565
-0.005672814885476374
-0.005596619708661689
-0.005521536571618879
-0.005447545031382886
-0.005374624540459826
-0.005302754481355982
-0.005231914198779402
-0.005162083029630595
-0.005093240330893823
-0.005025365505540651
-0.004958438026545728
-0.004892437459119494
-0.004827343481249117
-0.004763135902644652
-0.004699794682175033
-0.004637299943877141
-0.004575631991622502
-0.004514771322514345
-0.004454698639088216
-0.004395394860388764
-0.004336841131984077
-0.004279018834986425
-0.004221909594131742
-0.004165495284982312
-0.004109758040302031
-0.004054680255653856
-0.00400024459427548
-0.00394643399126953
-0.003893231657159396
-0.003840621080848545
-0.003788586032022946
-0.003737110563034315
-0.003686179010298151
-0.003635775995240304
-0.003585886424824146
-0.003536495491685817
-0.003487588673907449
-0.003439151734454625
-0.003391170720301201
-0.003343631961267214
-0.003296522068590948
-0.003249827933255876
-0.003203536724092901
-0.003157635885675919
-0.003112113136027872
-0.003066956464156304
-0.003022154127428267
-0.002977694648806477
-0.002933566813954734
-0.002889759668226835
-0.002846262513554058
-0.002803064905237456
-0.002760156648660467
-0.002717527795928111
-0.002675168642444898
-0.002633069723438455
-0.002591221810436915
-0.00254961590770986
-0.002508243248677558
-0.002467095292295702
-0.002426163719423551
-0.002385440429178735
-0.002344917535286455
-0.002304587362425867
-0.00226444244258048
-0.002224475511395221
-0.002184679504544931
-0.002145047554117993
-0.002105572985017733
-0.002066249311386506
-0.002027070233052552
-0.00198802963200512
-0.001949121568898973
-0.001910340279589213
-0.001871680171701821
-0.001833135821237543
-0.001794701969214541
-0.001756373518348582
-0.001718145529773534
-0.001680013219803018
-0.001641971956733605
-0.001604017257691882
-0.001566144785524422
-0.001528350345732803
-0.001490629883453463
-0.001452979480483065
-0.001415395352349638
-0.001377873845430145
-0.001340411434114136
-0.00130300471801425
-0.001265650419222764
-0.001228345379615478
-0.001191086558201484
-0.001153871028519686
-0.001116695976081487
-0.001079558695859507
-0.001042456589822144
-0.001005387164513658
-0.0009683480286792861
-0.0009313368909352974
-0.0008943515574834197
-0.0008573899298692785
-0.0008204500027842046
-0.0007835298619103826
-0.0007466276818083906
-0.0007097417238467777
-0.0006728703341733366
-0.0006360119417271634
-0.0005991650562913101
-0.0005623282665852947
-0.0005255002383966998
-0.0004886797127518414
-0.0004518655041241954
-0.0004150564986805607
-0.0003782516525640708
-0.0003414499902134712
-0.0003046506027182412
-0.0002678526462086436
-0.0002310553402803608
-0.0001942579664529997
-0.0001574598666618389
-0.000120660441782269
-8.385915018628016e-05
-4.705550633041708e-05
-1.024907937459219e-05
2.656050816881631e-05
6.337358175618079e-05
0.0001001904161047496
0.000137011236456228
0.0001738362198124145
0.0002106654961434486
0.0002474991495692144
0.0002843372195144775
0.0003211797018382649
0.0003580265499380862
0.0003948776758294342
0.0004317329512012063
0.0004685922084474375
0.0005054552416759485
0.0005423218076943529
0.0005791916269739519
0.0006160643845920031
0.0006529397311527735
0.0006898172836879026
0.0007266966265365901
0.0007635773122058991
0.0008004588622117923
0.0008373407679012437
0.0008742224912558011
0.0009111034656772311
0.0009479830967553686
0.000984860763018826
0.001021735816668789
0.001058607584296424
0.001095475367584101
0.001132338443991024
0.001169196067423515
0.001206047468890167
0.001242891857142563
0.001279728419301591
0.001316556321469858
0.001353374709330426
0.001390182708732313
0.001426979426262996
0.001463763949808138
0.001500535349099103
0.001537292676248331
0.00157403496627278
0.001610761237606096
0.001647470492599345
0.001684161718010917
0.001720833885485599
0.001757485952023407
0.001794116860437927
0.001830725539804969
0.001867310905901434
0.001903871861634581
0.001940407297462305
0.001976916091804106
0.002013397111443418
0.002049849211921406
0.002086271237922231
0.002122662023650197
0.002159020393198906
0.002195345160912616
0.002231635131740191
0.002267889101581232
0.00230410585762537
0.002340284178684276
0.002376422835516846
0.002412520591147703
0.00244857620117904
0.002484588414096254
0.002520555971567117
0.002556477608734804
0.002592352054505535
0.002628178031829598
0.002663954257977297
0.002699679444809169
0.002735352299040888
0.002770971522502837
0.002806535812394467
0.002842043861533974
0.002877494358602685
0.002912885988384702
0.002948217432002693
0.002983487367147734
0.003018694468305835
0.003053837406979839
0.003088914851906651
0.003123925469271487
0.003158867922916307
0.003193740874546173
0.003228542983930661
0.003263272909101589
0.003297929306547721
0.003332510831405162
0.003367016137644645
0.003401443878255682
0.003435792705426466
0.00347006127072157
0.003504248225256037
0.00353835221986617
0.003572371905277499
0.003606305932270002
0.003640152951840101
0.003673911615359904
0.0037075805747338
0.00374115848255241
0.003774643992243509
0.003808035758221464
0.003841332436032186
0.003874532682497828
0.003907635155857569
0.003940638515906908
0.003973541424133902
0.004006342543853867
0.004039040540341578
0.004071634080961382
0.004104121835294719
0.004136502475267028
0.004168774675270512
0.004200937112287031
0.004232988466007692
0.004264927418950931
0.004296752656579614
0.004328462867414002
0.004360056743146735
0.004391532978751431
0.004422890272594093
0.004454127326540106
0.004485242846059374
0.004516235540332686
0.004547104122353081
0.004577847309028125
0.004608463821279574
0.004638952384141942
0.004669311726859823
0.004699540582982733
0.004729637690460594
0.004759601791735566
0.004789431633834789
0.004819125968459311
0.004848683552074245
0.004878103145996815
0.004907383516481556
0.004936523434806908
0.004965521677359434
0.004994377025715951
0.005023088266726678
0.005051654192594499
0.005080073600956893
0.005108345294962072
0.005136468083348189
0.005164440780520396
0.005192262206623706
0.00521993118762098
0.005247446555363969
0.005274807147666803
0.005302011808377643
0.00532905938744914
0.005355948741008565
0.005382678731426391
0.005409248227383941
0.00543565610394144
0.005461901242603378
0.005487982531383857
0.00551389886487204
0.005539649144294856
0.005565232277580261
0.005590647179419599
0.005615892771328504
0.005640967981707701
0.005665871745902747
0.005690603006262014
0.005715160712197637
0.005739543820239294
0.00576375129409391
0.005787782104701152
0.005811635230286953
0.00583530965642102
0.005858804376068278
0.005882118389643907
0.005905250705064482
0.005928200337801066
0.005950966310930456
0.005973547655184312
0.005995943409000877
0.006018152618573991
0.00604017433790043
0.006062007628829732
0.006083651561110268
0.006105105212437469
0.006126367668498577
0.006147438023019276
0.006168315377808447
0.006188998842802478
0.00620948753610968
0.006229780584052188
0.006249877121211045
0.006269776290465809
0.006289477243037305
0.006308979138529843
0.006328281144968652
0.00634738243884345
0.00636628220514449
0.006384979637403772
0.006403473937732185
0.0064217643168574
0.006439849994161787
0.006457730197717707
0.006475404164325523
0.006492871139547736
0.00651013037774481
0.006527181142109862
0.006544022704702752
0.006560654346483219
0.006577075357344802
0.006593285036146758
0.006609282690747112
0.006625067638032565
0.006640639203951711
0.006655996723544272
0.006671139540971801
0.006686067009547301
0.006700778491764181
0.006715273359325222
0.006729550993170973
0.006743610783507091
0.006757452129831746
0.006771074440962652
0.006784477135063556
0.006797659639669162
0.006810621391711744
0.006823361837545457
0.006835880432970678
0.006848176643258756
0.006860249943174649
0.006872099817000489
0.006883725758558895
0.006895127271233275
0.006906303867991876
0.006917255071407351
0.006927980413678449
0.006938479436650254
0.006948751691833258
0.006958796740424668
0.006968614153325845
0.006978203511161313
0.006987564404297326
0.006996696432859052
0.007005599206748066
0.007014272345659262
0.007022715479097092
0.007030928246391613
0.007038910296713459
0.007046661289090078
0.007054180892419112
0.007061468785483101
0.007068524656963451
0.007075348205453334
0.007081939139470878
0.00708829717747142
0.007094422047859493
0.007100313489000682
0.007105971249232205
0.007111395086874391
0.007116584770240367
0.007121540077646043
0.007126260797419576
0.007130746727910276
0.00713499767749746
0.007139013464598221
0.007142793917675115
0.007146338875243754
0.007149648185879252
0.007152721708222991
0.007155559310988444
0.007158160872966471
0.007160526283030957
0.007162655440143118
0.007164548253355907
0.00716620464181779
0.007167624534776362
0.007168807871580886
0.007169754601685333
0.007170464684650464
0.007170938090145121
0.007171174797947902
0.007171174797947904
0.00717093809014512
0.007170464684650464
0.007169754601685332
0.007168807871580883
0.00716762453477636
0.007166204641817787
0.00716454825335591
0.007162655440143117
0.007160526283030957
0.007158160872966472
0.007155559310988444
0.007152721708222988
0.007149648185879248
0.007146338875243756
0.007142793917675112
0.007139013464598218
0.007134997677497456
0.007130746727910274
0.007126260797419573
0.007121540077646043
0.007116584770240362
0.007111395086874393
0.007105971249232205
0.00710031348900068
0.007094422047859487
0.007088297177471417
0.007081939139470875
0.00707534820545333
0.007068524656963448
0.007061468785483102
0.007054180892419109
0.007046661289090075
0.007038910296713457
0.007030928246391608
0.007022715479097087
0.007014272345659257
0.007005599206748057
0.006996696432859044
0.00698756440429732
0.006978203511161302
0.006968614153325839
0.006958796740424658
0.006948751691833248
0.006938479436650247
0.006927980413678444
0.006917255071407343
0.006906303867991872
0.006895127271233269
0.006883725758558887
0.006872099817000481
0.006860249943174639
0.006848176643258748
0.006835880432970668
0.006823361837545447
0.006810621391711737
0.006797659639669156
0.006784477135063551
0.006771074440962644
0.006757452129831737
0.006743610783507086
0.006729550993170966
0.006715273359325212
0.006700778491764174
0.006686067009547293
0.006671139540971794
0.006655996723544264
0.006640639203951706
0.006625067638032557
0.006609282690747099
0.006593285036146744
0.006577075357344792
0.006560654346483214
0.006544022704702742
0.006527181142109855
0.0065101303777448
0.006492871139547726
0.006475404164325516
0.0064577301977177
0.006439849994161782
0.006421764316857393
0.006403473937732179
0.006384979637403766
0.006366282205144473
0.006347382438843432
0.006328281144968634
0.006308979138529823
0.006289477243037288
0.006269776290465792
0.00624987712121104
0.006229780584052179
0.006209487536109674
0.00618899884280247
0.006168315377808435
0.006147438023019267
0.006126367668498563
0.006105105212437456
0.006083651561110255
0.006062007628829716
0.006040174337900421
0.006018152618573982
0.00599594340900087
0.005973547655184302
0.005950966310930444
0.005928200337801056
0.005905250705064472
0.005882118389643897
0.005858804376068263
0.005835309656421008
0.005811635230286938
0.005787782104701136
0.005763751294093897
0.005739543820239279
0.005715160712197623
0.005690603006261992
0.005665871745902729
0.005640967981707681
0.005615892771328485
0.005590647179419578
0.005565232277580241
0.005539649144294837
0.005513898864872017
0.005487982531383835
0.005461901242603357
0.005435656103941418
0.005409248227383918
0.005382678731426368
0.005355948741008543
0.005329059387449121
0.005302011808377626
0.005274807147666785
0.005247446555363954
0.005219931187620959
0.005192262206623693
0.005164440780520378
0.005136468083348171
0.005108345294962046
0.005080073600956864
0.00505165419259447
0.005023088266726652
0.004994377025715925
0.004965521677359407
0.004936523434806884
0.004907383516481536
0.004878103145996794
0.004848683552074226
0.004819125968459293
0.00478943163383477
0.004759601791735543
0.004729637690460569
0.00469954058298271
0.004669311726859795
0.004638952384141916
0.004608463821279544
0.004577847309028097
0.004547104122353061
0.004516235540332667
0.004485242846059352
0.004454127326540086
0.004422890272594075
0.0043915329787514
0.004360056743146703
0.00432846286741397
0.004296752656579582
0.004264927418950898
0.004232988466007657
0.004200937112286999
0.004168774675270485
0.004136502475266998
0.004104121835294688
0.004071634080961357
0.004039040540341551
0.00400634254385383
0.003973541424133866
0.003940638515906874
0.003907635155857536
0.003874532682497795
0.003841332436032149
0.003808035758221437
0.003774643992243479
0.00374115848255238
0.003707580574733766
0.003673911615359872
0.003640152951840071
0.003606305932269973
0.003572371905277472
0.003538352219866137
0.003504248225256005
0.00347006127072154
0.003435792705426433
0.003401443878255646
0.00336701613764461
0.003332510831405125
0.003297929306547682
0.003263272909101552
0.003228542983930623
0.003193740874546134
0.003158867922916268
0.003123925469271447
0.003088914851906612
0.003053837406979799
0.003018694468305794
0.002983487367147692
0.002948217432002652
0.002912885988384661
0.002877494358602641
0.002842043861533928
0.00280653581239442
0.002770971522502792
0.002735352299040843
0.002699679444809122
0.00266395425797725
0.00262817803182955
0.002592352054505488
0.002556477608734755
0.002520555971567064
0.002484588414096199
0.002448576201178987
0.002412520591147648
0.00237642283551679
0.00234028417868423
0.002304105857625324
0.002267889101581183
0.002231635131740144
0.002195345160912567
0.002159020393198853
0.002122662023650144
0.002086271237922175
0.002049849211921352
0.002013397111443362
0.00197691609180405
0.001940407297462248
0.001903871861634524
0.001867310905901375
0.00183072553980491
0.001794116860437868
0.001757485952023346
0.001720833885485537
0.001684161718010855
0.001647470492599282
0.001610761237606033
0.001574034966272717
0.001537292676248266
0.001500535349099038
0.001463763949808072
0.001426979426262933
0.001390182708732249
0.00135337470933036
0.001316556321469783
0.001279728419301524
-3.686741192545549e-05
-3.687483306001381e-05
-3.68814514340344e-05
-3.688728900461014e-05
-3.68923683629569e-05
-3.689671274864921e-05
-3.690034606399434e-05
-3.690329289029111e-05
-3.690557850222726e-05
-3.690722888448343e-05
-3.690827074772371e-05
-3.690873154535618e-05
-3.690863949048497e-05
-3.690802357355114e-05
-3.690691358010518e-05
-3.690534010886201e-05
-3.6903334590868e-05
-3.690092930829856e-05
-3.68981574140102e-05
-3.689505295179774e-05
-3.689165087678264e-05
-3.68879870763766e-05
-3.688409839138048e-05
-3.688002263859542e-05
-3.687579863235293e-05
-3.687146620832616e-05
-3.686706624565243e-05
-3.686264069271309e-05
-3.685823258947631e-05
-3.685388609376463e-05
-3.684964650649301e-05
-3.684556029755323e-05
-3.684167513224947e-05
-3.683803989892703e-05
-3.683470473604858e-05
-3.683172106084665e-05
-3.682914159827169e-05
-3.682702040986433e-05
-3.682541292419266e-05
-3.682437596746965e-05
-3.682396779480084e-05
-3.682424812095926e-05
-3.682527815492206e-05
-3.682712063009008e-05
-3.682983984021798e-05
-3.683350167285193e-05
-3.683817364354867e-05
-3.684392493148906e-05
-3.685082641678323e-05
-3.685895071575945e-05
-3.686837221799193e-05
-3.687916712561229e-05
-3.689141349035901e-05
-3.690519125307687e-05
-3.69205822833168e-05
-3.693767042060013e-05
-3.695654151232954e-05
-3.697728345877671e-05
-3.699998625147509e-05
-3.702474201798153e-05
-3.705164506410329e-05
-3.708079191577234e-05
-3.711228136668925e-05
-3.714621451570676e-05
-3.718269481968489e-05
-3.722182813231846e-05
-3.726372275241963e-05
-3.730848947066418e-05
-3.735624160992769e-05
-3.740709507821866e-05
-3.746116841145255e-05
-3.751858282121288e-05
-3.757946223974131e-05
-3.764393336805646e-05
-3.771212572476843e-05
-3.77841716847061e-05
-3.786020653397244e-05
-3.794036851451776e-05
-3.802479886331848e-05
-3.811364186564752e-05
-3.820704489504736e-05
-3.830515845903056e-05
-3.840813624322047e-05
-3.851613515295597e-05
-3.86293153550224e-05
-3.874784031933414e-05
-3.887187685553563e-05
-3.900159515036255e-05
-3.913716881480286e-05
-3.927877490102976e-05
-3.942659394888797e-05
-3.958081000897204e-05
-3.974161067745297e-05
-3.990918711416866e-05
-4.00837340721165e-05
-4.026544991447196e-05
-4.045453662952738e-05
-4.065119985019148e-05
-4.085564885519387e-05
-4.10680965792841e-05
-4.128875961562223e-05
-4.1517858205446e-05
-4.1755616233191e-05
-4.200226121281488e-05
-4.225802426056199e-05
-4.252314007882604e-05
-4.279784690392009e-05
-4.308238648918404e-05
-4.337700402657012e-05
-4.368194811698119e-05
-4.399747067846533e-05
-4.432382688935067e-05
-4.466127508869785e-05
-4.501007668113586e-05
-4.537049603194388e-05
-4.574280033344827e-05
-4.612725948373752e-05
-4.652414592844412e-05
-4.693373449589115e-05
-4.735630221841955e-05
-4.779212813372701e-05
-4.824149307230432e-05
-4.87046794183233e-05
-4.918197085150858e-05
-4.967365208593531e-05
-5.018000854874282e-05
-5.070132607381969e-05
-5.123789053915021e-05
-5.178998750581012e-05
-5.235790179497918e-05
-5.29419170605295e-05
-5.354231532728996e-05
-5.41593764752636e-05
-5.479337771725167e-05
-5.544459300561832e-05
-5.61132924215922e-05
-5.679974153145668e-05
-5.750420066046945e-05
-5.822692415234858e-05
-5.896815956999579e-05
-5.972814683697582e-05
-6.050711733385296e-05
-6.130529292451144e-05
-6.212288493731523e-05
-6.296009305533111e-05
-6.381710418121077e-05
-6.469409117673714e-05
-6.559121157437312e-05
-6.650860618710353e-05
-6.744639763976197e-05
-6.840468881114125e-05
-6.938356119925379e-05
-7.03830731835124e-05
-7.14032581711121e-05
-7.244412268379334e-05
-7.350564429628766e-05
-7.458776948643977e-05
-7.569041136547322e-05
-7.681344728760964e-05
-7.795671633600146e-05
-7.912001668041957e-05
-8.030310281797574e-05
-8.150568265861742e-05
-8.272741448290005e-05
-8.396790376754099e-05
-8.522669985289719e-05
-8.650329246669581e-05
-8.779710812577676e-05
-8.9107506358342e-05
-9.043377579826753e-05
-9.177513013060275e-05
-9.313070389619213e-05
-9.449954814848316e-05
-9.588062599390467e-05
-9.727280797746054e-05
-9.867486738177589e-05
-0.0001000854753982294
-0.0001015031961858932
-0.0001029264818998526
-0.0001043536676038121
-0.0001057829661699611
-0.0001072124631581431
-0.0001086401116941241
-0.0001100637274054516
-0.0001114809834110759
-0.0001128894054608257
-0.0001142863671973617
-0.0001156690856574473
-0.0001170346170268792
-0.000118379852699689
-0.000119701515775428
-0.0001209961579623688
-0.0001222601570426917
-0.0001234897149480416
-0.0001246808565366322
-0.0001258294291792507
-0.0001269311032042862
-0.0001279813733817097
-0.0001289755614788761
-0.0001299088200324301
-0.0001307761374551749
-0.0001315723445447396
-0.0001322921226334129
-0.0001329300132382716
-0.0001334804296647893
-0.0001339376703939885
-0.0001342959344400942
-0.0001345493387869586
-0.000134691938083303
-0.0001347177462965693
-0.000134620760944464
-0.0001343949893276356
-0.0001340344772594178
-0.0001335333400008314
-0.0001328857953865022
-0.0001320861991186577
-0.0001311290821428352
-0.0001300091898507848
-0.0001287215229431805
-0.0001272613798407255
-0.0001256244001647445
-0.0001238066091345681
-0.0001218044625323462
-0.0001196148916109028
-0.0001172353477821026
-0.0001146638465090211
-0.0001118990096329847
-0.0001089401062216084
-0.0001057870906950678
-0.0001024406379859633
-9.890217531736907e-05
-9.517390954819127e-05
-9.125885012835809e-05
-8.716082659885191e-05
-8.288450040637663e-05
-7.843537068030407e-05
-7.381977323188392e-05
-6.9044872864373e-05
-6.411864838000687e-05
-5.904987058124213e-05
-5.384807260214432e-05
-4.852351328060087e-05
-4.308713311644314e-05
-3.755050370788208e-05
-3.192577034028407e-05
-2.622558877870903e-05
-2.046305656161068e-05
-1.465163953331753e-05
-8.805094298533564e-06
-2.937387447232375e-06
2.937387447312785e-06
8.805094298569182e-06
1.465163953341031e-05
2.046305656170424e-05
2.622558877879574e-05
3.192577034039295e-05
3.755050370792351e-05
4.30871331165724e-05
4.852351328071674e-05
5.38480726022992e-05
5.904987058131072e-05
6.411864838006554e-05
6.904487286439265e-05
7.381977323198198e-05
7.843537068039114e-05
8.288450040649783e-05
8.716082659892739e-05
9.125885012840437e-05
9.517390954827717e-05
9.890217531747131e-05
0.000102440637986009
0.0001057870906951508
0.0001089401062216697
0.0001118990096329832
0.0001146638465091001
0.0001172353477821871
0.0001196148916109267
0.0001218044625323599
0.0001238066091345531
0.0001256244001648081
0.0001272613798407559
0.0001287215229432193
0.0001300091898508043
0.0001311290821428696
0.0001320861991186866
0.000132885795386511
0.0001335333400007989
0.0001340344772593828
0.0001343949893276348
0.0001346207609443986
0.0001347177462965928
0.0001346919380832897
0.0001345493387869695
0.0001342959344400266
0.0001339376703939807
0.0001334804296647708
0.00013293001323828
0.0001322921226333592
0.0001315723445447209
0.0001307761374551576
0.0001299088200324344
0.0001289755614788451
0.0001279813733817058
0.0001269311032042783
0.00012582942917922
0.0001246808565366467
0.0001234897149480676
0.0001222601570426792
0.0001209961579623386
0.0001197015157753512
0.0001183798526997047
0.0001170346170268423
0.0001156690856574203
0.0001142863671973195
0.0001128894054608127
0.0001114809834110555
0.0001100637274054443
0.0001086401116941205
0.0001072124631581489
0.0001057829661699344
0.0001043536676037822
0.0001029264818998495
0.0001015031961858796
0.0001000854753981899
9.86748673817144e-05
9.727280797743069e-05
9.588062599385502e-05
9.449954814845666e-05
9.313070389617407e-05
9.177513013056733e-05
9.043377579821008e-05
8.910750635834806e-05
8.779710812577119e-05
8.650329246664812e-05
8.522669985290103e-05
8.396790376754723e-05
8.272741448287314e-05
8.150568265862638e-05
8.030310281801407e-05
7.912001668038619e-05
7.795671633597914e-05
7.681344728757339e-05
7.569041136545432e-05
7.458776948642267e-05
7.350564429625075e-05
7.244412268378044e-05
7.140325817105259e-05
7.038307318351383e-05
6.938356119923869e-05
6.840468881112071e-05
6.744639763973358e-05
6.650860618710504e-05
6.559121157438703e-05
6.469409117673881e-05
6.381710418119122e-05
6.296009305533417e-05
6.212288493731224e-05
6.130529292451518e-05
6.05071173338082e-05
5.972814683698323e-05
5.896815956998049e-05
5.822692415232221e-05
5.750420066045874e-05
5.679974153147435e-05
5.611329242156645e-05
5.544459300561715e-05
5.479337771726049e-05
5.415937647527921e-05
5.354231532727749e-05
5.294191706052503e-05
5.235790179498707e-05
5.178998750579101e-05
5.123789053913265e-05
5.070132607380892e-05
5.0180008548781e-05
4.967365208594253e-05
4.918197085148697e-05
4.87046794182931e-05
4.824149307228872e-05
4.779212813372902e-05
4.73563022184261e-05
4.693373449586632e-05
4.652414592844927e-05
4.612725948374366e-05
4.574280033344684e-05
4.53704960319235e-05
4.501007668114388e-05
4.466127508869505e-05
4.432382688933373e-05
4.399747067846577e-05
4.368194811699135e-05
4.337700402653888e-05
4.308238648917968e-05
4.279784690389992e-05
4.252314007881666e-05
4.225802426056186e-05
4.200226121280994e-05
4.175561623318742e-05
4.151785820543115e-05
4.128875961560434e-05
4.106809657927227e-05
4.085564885518919e-05
4.065119985019338e-05
4.045453662950627e-05
4.026544991447364e-05
4.008373407210912e-05
3.990918711416576e-05
3.974161067744948e-05
3.958081000895663e-05
3.942659394888817e-05
3.927877490101939e-05
3.913716881480866e-05
3.900159515035942e-05
3.887187685552882e-05
3.874784031933371e-05
3.862931535502739e-05
3.851613515295429e-05
3.840813624322369e-05
3.83051584590309e-05
3.820704489503463e-05
3.81136418656387e-05
3.802479886331322e-05
3.794036851451388e-05
3.78602065339694e-05
3.778417168468869e-05
3.771212572475639e-05
3.764393336805338e-05
3.757946223974819e-05
3.751858282120338e-05
3.74611684114428e-05
3.740709507821102e-05
3.735624160992627e-05
3.730848947066451e-05
3.726372275241903e-05
3.722182813231924e-05
3.718269481968598e-05
3.714621451570326e-05
3.711228136668235e-05
3.708079191577031e-05
3.705164506410123e-05
3.702474201797785e-05
3.699998625147099e-05
3.697728345877165e-05
3.695654151232877e-05
3.693767042059511e-05
3.692058228331222e-05
3.690519125306916e-05
3.689141349035823e-05
3.687916712560934e-05
3.686837221798789e-05
3.685895071575425e-05
3.685082641678083e-05
3.684392493148655e-05
3.683817364354411e-05
3.683350167285077e-05
3.682983984021592e-05
3.682712063008636e-05
3.682527815492004e-05
3.682424812095579e-05
3.682396779479536e-05
3.682437596746616e-05
3.682541292419037e-05
3.682702040986173e-05
3.682914159826975e-05
3.683172106084467e-05
3.68347047360448e-05
3.683803989892481e-05
3.684167513224711e-05
3.684556029754883e-05
3.684964650649049e-05
3.685388609376025e-05
3.685823258947477e-05
3.686264069271105e-05
3.686706624564968e-05
3.687146620832143e-05
3.687579863235011e-05
3.688002263859311e-05
3.688409839137712e-05
3.688798707637321e-05
3.689165087678034e-05
3.68950529517929e-05
3.689815741400727e-05
3.690092930829676e-05
3.690333459086543e-05
3.690534010885852e-05
3.690691358010155e-05
3.690802357354936e-05
3.690863949048219e-05
3.690873154535349e-05
3.690827074772046e-05
3.69072288844792e-05
3.690557850222427e-05
3.690329289028785e-05
3.690034606399235e-05
3.689671274864616e-05
3.689236836295286e-05
3.688728900460613e-05
3.688145143402929e-05
3.687483306001034e-05
3.686741192545419e-05
3.685916669279749e-05
3.685007663061518e-05
3.684012159987055e-05
3.682928204082952e-05
3.681753896044963e-05
3.680487391943513e-05
3.679126902026437e-05
3.677670689541127e-05
3.676117069538283e-05
3.674464407719658e-05
3.672711119382226e-05
3.670855668293404e-05
3.668896565624356e-05
3.666832368958524e-05
3.664661681274334e-05
3.662383149886267e-05
3.659995465629281e-05
3.657497361778253e-05
3.654887613252881e-05
3.652165035548024e-05
3.649328484143224e-05
3.646376853408892e-05
3.643309075852357e-05
3.64012412138887e-05
3.636820996382875e-05
3.633398743077568e-05
3.629856438628416e-05
3.62619319467872e-05
3.62240815628951e-05
3.618500501403668e-05
3.614469440250393e-05
3.610314214615008e-05
3.606034096999865e-05
3.601628390427587e-05
3.597096427333447e-05
3.592437569262939e-05
3.587651206340724e-05
3.582736756337047e-05
3.577693664501866e-05
3.57252140282657e-05
3.567219469544745e-05
3.561787388510054e-05
3.556224709060845e-05
3.55053100486007e-05
3.54470587407895e-05
3.538748938637462e-05
3.532659843728019e-05
3.526438257177484e-05
3.520083869577521e-05
3.513596393379327e-05
3.50697556250063e-05
3.500221132128858e-05
3.493332878168775e-05
3.486310596871794e-05
3.479154104460563e-05
3.471863237087383e-05
3.464437849611633e-05
3.45687781635544e-05
3.449183029792172e-05
3.441353400841715e-05
3.433388858350085e-05
3.425289348490161e-05
3.417054835300782e-05
3.408685298766013e-05
3.400180736529297e-05
3.391541161925978e-05
3.382766604791581e-05
3.373857110832352e-05
3.364812740684513e-05
3.355633570785298e-05
3.346319692381636e-05
3.336871211645052e-05
3.327288248911455e-05
3.317570938961121e-05
3.307719431051358e-05
3.297733887183321e-05
3.28761448368214e-05
3.277361410379616e-05
3.266974869565329e-05
3.256455077005098e-05
3.245802260826263e-05
3.235016661717638e-05
3.224098532818341e-05
3.213048139287172e-05
3.201865758239537e-05
3.190551678590012e-05
3.1791062005701e-05
3.167529635385854e-05
3.155822307011102e-05
3.143984548720995e-05
3.132016705557244e-05
3.119919132849107e-05
3.107692196917601e-05
3.095336273972967e-05
3.082851750820346e-05
3.070239024241721e-05
3.057498500664904e-05
3.044630596921999e-05
3.031635738849086e-05
3.018514361982995e-05
3.005266911586089e-05
2.991893841689657e-05
2.978395615499108e-05
2.964772705563121e-05
2.951025592643134e-05
2.937154767286093e-05
2.923160726948483e-05
2.909043979836891e-05
2.894805040059876e-05
2.880444432178988e-05
2.865962687068095e-05
2.851360345001891e-05
2.836637953634642e-05
2.821796068352084e-05
2.806835252623386e-05
2.791756076653141e-05
2.776559119315936e-05
2.761244966304368e-05
2.745814210504433e-05
2.730267452303751e-05
2.714605298860903e-05
2.698828364926203e-05
2.682937271754639e-05
2.666932646972541e-05
2.650815126435342e-05
2.63458535116264e-05
2.618243969752405e-05
2.601791636334661e-05
2.585229012871509e-05
2.568556766329102e-05
2.551775570191018e-05
2.534886104727509e-05
2.517889055621146e-05
2.500785115485577e-05
2.483574981856915e-05
2.466259358066714e-05
2.448838954470093e-05
2.431314486118995e-05
2.413686673887468e-05
2.395956244474277e-05
2.378123929708378e-05
2.360190467315118e-05
2.342156599819141e-05
2.324023075860325e-05
2.305790647942355e-05
2.287460075685661e-05
2.269032121914636e-05
2.250507555570759e-05
2.231887150295713e-05
2.213171684827466e-05
2.194361942086898e-05
2.175458710275861e-05
2.156462783031623e-05
2.137374956951531e-05
2.11819603444743e-05
2.098926822263141e-05
2.079568131436642e-05
2.06012077772691e-05
2.040585580998218e-05
2.020963365500518e-05
2.001254959472077e-05
1.981461195745681e-05
1.96158291122968e-05
1.941620946300079e-05
1.921576146569598e-05
1.901449360706562e-05
1.881241440938879e-05
1.86095324432864e-05
1.840585631287374e-05
1.820139466004278e-05
1.799615616360091e-05
1.779014953999053e-05
1.758338353809169e-05
1.737586694831048e-05
1.71676085864631e-05
1.695861731272969e-05
1.674890202104787e-05
1.653847162561325e-05
1.632733508949523e-05
1.61155013997443e-05
1.590297957641883e-05
1.56897786729689e-05
1.547590777000573e-05
1.526137598395337e-05
1.504619245233928e-05
1.483036635333327e-05
1.461390688710341e-05
1.439682328357009e-05
1.417912480586628e-05
1.396082073055509e-05
1.374192037551415e-05
1.352243308031528e-05
1.330236820992737e-05
1.308173515649464e-05
1.28605433336142e-05
1.263880218767748e-05
1.241652117917018e-05
1.219370979950824e-05
1.197037756180556e-05
1.174653399952611e-05
1.152218867170099e-05
1.129735115842858e-05
1.107203106055991e-05
1.084623799980213e-05
1.061998162315927e-05
1.039327158988962e-05
1.016611758574155e-05
9.938529307991033e-06
9.710516487068339e-06
9.482088851940728e-06
9.253256169021231e-06
9.024028206440078e-06
8.79441476010386e-06
8.564425637004608e-06
8.334070663794854e-06
8.103359677030362e-06
7.872302537441712e-06
7.640909112501803e-06
7.409189285752938e-06
7.17715296338991e-06
6.944810049262892e-06
6.712170473703394e-06
6.479244175555007e-06
6.246041103300694e-06
6.012571219119946e-06
5.778844500436466e-06
5.544870928088386e-06
5.310660495392313e-06
5.076223213455938e-06
4.841569093874133e-06
4.60670816137635e-06
4.371650449426159e-06
4.136405998809458e-06
3.900984856796988e-06
3.665397079956275e-06
3.429652736886576e-06
3.193761894205817e-06
2.95773462643315e-06
2.721581020711005e-06
2.48531115936221e-06
2.248935139008259e-06
2.012463054920621e-06
1.775905008893639e-06
1.539271104117627e-06
1.302571451898655e-06
1.065816157566263e-06
8.290153393292817e-07
5.921791085363301e-07
3.55317582853736e-07
1.1844088061716e-07
-1.18440880603779e-07
-3.553175828472399e-07
-5.921791085387901e-07
-8.290153393272033e-07
-1.065816157568613e-06
-1.302571451905366e-06
-1.539271104108169e-06
-1.775905008901566e-06
-2.012463054911774e-06
-2.248935139013469e-06
-2.485311159360415e-06
-2.721581020705413e-06
-2.957734626437317e-06
-3.193761894195559e-06
-3.429652736889571e-06
-3.665397079971615e-06
-3.900984856789206e-06
-4.136405998800537e-06
-4.371650449417953e-06
-4.606708161390648e-06
-4.841569093884795e-06
-5.076223213453332e-06
-5.310660495405538e-06
-5.544870928069787e-06
-5.778844500439404e-06
-6.012571219136381e-06
-6.246041103280818e-06
-6.479244175545952e-06
-6.712170473696504e-06
-6.944810049260943e-06
-7.177152963402149e-06
-7.409189285745557e-06
-7.640909112503304e-06
-7.872302537442149e-06
-8.103359677034863e-06
-8.334070663793051e-06
-8.564425636993073e-06
-8.794414760089542e-06
-9.024028206446895e-06
-9.253256169014511e-06
-9.482088851935075e-06
-9.710516487064639e-06
-9.938529308001143e-06
-1.016611758572755e-05
-1.039327158988483e-05
-1.061998162316776e-05
-1.084623799980478e-05
-1.107203106056555e-05
-1.129735115842799e-05
-1.152218867168886e-05
-1.174653399952616e-05
-1.197037756179754e-05
-1.219370979952557e-05
-1.241652117917299e-05
-1.263880218767043e-05
-1.286054333363007e-05
-1.308173515652843e-05
-1.330236820993184e-05
-1.35224330803102e-05
-1.374192037548499e-05
-1.396082073057716e-05
-1.417912480585591e-05
-1.439682328356398e-05
-1.461390688709022e-05
-1.483036635334334e-05
-1.504619245234351e-05
-1.526137598396168e-05
-1.547590777003421e-05
-1.56897786729868e-05
-1.590297957640972e-05
-1.611550139973151e-05
-1.632733508951039e-05
-1.653847162562969e-05
-1.674890202104059e-05
-1.695861731269721e-05
-1.716760858643913e-05
-1.737586694829629e-05
-1.758338353808417e-05
-1.779014953999065e-05
-1.799615616359046e-05
-1.820139466000468e-05
-1.840585631290095e-05
-1.860953244330726e-05
-1.881241440937911e-05
-1.901449360709196e-05
-1.921576146571539e-05
-1.94162094629945e-05
-1.961582911231266e-05
-1.981461195751429e-05
-2.001254959470431e-05
-2.020963365500349e-05
-2.040585580995534e-05
-2.060120777726692e-05
-2.079568131436479e-05
-2.098926822261806e-05
-2.118196034449078e-05
-2.13737495694695e-05
-2.156462783033864e-05
-2.175458710276517e-05
-2.19436194208623e-05
-2.213171684826324e-05
-2.231887150296655e-05
-2.25050755557346e-05
-2.269032121916048e-05
-2.287460075685749e-05
-2.305790647944295e-05
-2.324023075860208e-05
-2.342156599820587e-05
-2.360190467311004e-05
-2.378123929711456e-05
-2.395956244474828e-05
-2.413686673885731e-05
-2.431314486119493e-05
-2.448838954474079e-05
-2.466259358064705e-05
-2.483574981858546e-05
-2.500785115488349e-05
-2.517889055624607e-05
-2.534886104726633e-05
-2.551775570191951e-05
-2.568556766332972e-05
-2.58522901287031e-05
-2.601791636333079e-05
-2.618243969752656e-05
-2.634585351168113e-05
-2.6508151264393e-05
-2.666932646971876e-05
-2.682937271752569e-05
-2.698828364924864e-05
-2.714605298863071e-05
-2.730267452305613e-05
-2.74581421050277e-05
-2.761244966307023e-05
-2.776559119318832e-05
-2.791756076655084e-05
-2.806835252621747e-05
-2.821796068355445e-05
-2.836637953636012e-05
-2.85136034500022e-05
-2.86596268706942e-05
-2.880444432182011e-05
-2.894805040056564e-05
-2.909043979837366e-05
-2.923160726947163e-05
-2.937154767286789e-05
-2.951025592644156e-05
-2.964772705564252e-05
-2.978395615500383e-05
-2.99189384168927e-05
-3.005266911584382e-05
-3.018514361982393e-05
-3.03163573884928e-05
-3.044630596924093e-05
-3.057498500661871e-05
-3.070239024243115e-05
-3.082851750820414e-05
-3.09533627397304e-05
-3.107692196917735e-05
-3.119919132847645e-05
-3.132016705558175e-05
-3.143984548719945e-05
-3.155822307014151e-05
-3.167529635386558e-05
-3.179106200570869e-05
-3.190551678591334e-05
-3.20186575824204e-05
-3.213048139287382e-05
-3.22409853281982e-05
-3.235016661719168e-05
-3.245802260824268e-05
-3.25645507700425e-05
-3.266974869565697e-05
-3.277361410379875e-05
-3.287614483682448e-05
-3.297733887181379e-05
-3.307719431049969e-05
-3.317570938961533e-05
-3.32728824891356e-05
-3.336871211644822e-05
-3.346319692380497e-05
-3.35563357078496e-05
-3.364812740685578e-05
-3.373857110833788e-05
-3.382766604792017e-05
-3.391541161926888e-05
-3.400180736530321e-05
-3.408685298765672e-05
-3.417054835300224e-05
-3.425289348490104e-05
-3.433388858350857e-05
-3.441353400841628e-05
-3.449183029791874e-05
-3.456877816356409e-05
-3.464437849613262e-05
-3.471863237087862e-05
-3.479154104459743e-05
-3.486310596871176e-05
-3.49333287816995e-05
-3.500221132129035e-05
-3.50697556250087e-05
-3.513596393378734e-05
-3.520083869577705e-05
-3.526438257178124e-05
-3.5326598437283e-05
-3.538748938638403e-05
-3.54470587407899e-05
-3.550531004859728e-05
-3.556224709061596e-05
-3.561787388510186e-05
-3.567219469544748e-05
-3.572521402826518e-05
-3.577693664502539e-05
-3.582736756337012e-05
-3.587651206340779e-05
-3.592437569263537e-05
-3.597096427333861e-05
-3.601628390427814e-05
-3.606034097000084e-05
-3.610314214614724e-05
-3.614469440250965e-05
-3.618500501403807e-05
-3.62240815628956e-05
-3.626193194678535e-05
-3.629856438627906e-05
-3.633398743078122e-05
-3.636820996383145e-05
-3.640124121388834e-05
-3.64330907585277e-05
-3.646376853408771e-05
-3.649328484143878e-05
-3.652165035548131e-05
-3.654887613252737e-05
-3.65749736177827e-05
-3.659995465629599e-05
-3.662383149886739e-05
-3.664661681274515e-05
-3.666832368958413e-05
-3.668896565624704e-05
-3.670855668293509e-05
-3.672711119382233e-05
-3.674464407719869e-05
-3.676117069538192e-05
-3.677670689541486e-05
-3.679126902026552e-05
-3.680487391943661e-05
-3.681753896045387e-05
-3.682928204083496e-05
-3.684012159987545e-05
-3.685007663061716e-05
-3.685916669313704e-05
0
