-0.2227929828256293
-0.2313837612914421
-0.2253089303629272
-0.2145898256666138
-0.2038909704153677
-0.1944273323515472
-0.1862853841951357
-0.1792831795752745
-0.173211604471295
-0.1678913394766639
-0.163179620661793
-0.1589650542875762
-0.1551608045168231
-0.1516987238002094
-0.1485248092308595
-0.1455958080135707
-0.1428767032993515
-0.1403388497766535
-0.1379585821010116
-0.1357161671116716
-0.1335950066629469
-0.1315810261734906
-0.1296621996146752
-0.1278281777020068
-0.126069994034983
-0.1243798307913516
-0.1227508300909313
-0.1211769415587883
-0.1196527974736085
-0.1181736101734062
-0.1167350870870887
-0.1153333599137366
-0.1139649253114522
-0.1126265946232729
-0.111315451256025
-0.1100288143020093
-0.1087642072432298
-0.107519330811323
-0.1062920393513484
-0.1050803202249766
-0.103882275475402
-0.1026961055653941
-0.1015200948255927
-0.1003525982508825
-0.09919202942694516
-0.09803684940617505
-0.09688555632127849
-0.09573667554562677
-0.09458875029025859
-0.0934403324467625
-0.09228997382001368
-0.09113621660757741
-0.08997758507342271
-0.0888125756652936
-0.08763964755625969
-0.08645721238261569
-0.08526362334581629
-0.08405716346803307
-0.08283603277042592
-0.08159833416547752
-0.08034205781608467
-0.07906506362209606
-0.07776506144567624
-0.0764395886929278
-0.07508598473082341
-0.07370136134725244
-0.07228256868201141
-0.07082615556318309
-0.06932832303750044
-0.06778486962673552
-0.06619112651992361
-0.06454188036884939
-0.06283128053587532
-0.06105272717028935
-0.05919873511669364
-0.05726076720453802
-0.05522902848701097
-0.05309220990549551
-0.05083716662160997
-0.04844851002455085
-0.04590808510377641
-0.04319429349305912
-0.04028120602049579
-0.03713738358392597
-0.03372428860966295
-0.02999411048317657
-0.02588673754432273
-0.02132546054960292
-0.01621074921821887
-0.01041103287907625
-0.003748709058331494
0.004021635908535262
0.01324798193300063
0.02443745896456268
0.03834881655103585
0.05613612939836228
0.07951880113497062
0.1106758614006296
0.150460407609238
0.192807022825176
0.2227929825662786
0.2313837612831646
0.2253089303775688
0.2145898256843101
0.2038909704314768
0.1944273323667131
0.1862853842083486
0.1792831795869619
0.17321160448124
0.1678913394852794
0.1631796206694288
0.158965054294419
0.1551608045230368
0.1516987238058828
0.1485248092369478
0.1455958080183046
0.142876703303487
0.1403388497805969
0.1379585821043514
0.1357161671140843
0.133595006664655
0.1315810261805106
0.1296621996178942
0.1278281777050798
0.126069994037951
0.1243798307941927
0.1227508300897498
0.12117694156259
0.1196527974771431
0.1181736101766163
0.1167350870900185
0.1153333599164122
0.113964925313953
0.1126265946263432
0.1113154512578487
0.1100288143040571
0.1087642072453351
0.1075193308134411
0.1062920393534355
0.1050803202270464
0.10388227547745
0.1026961055674218
0.1015200948276143
0.1003525982528862
0.09919202942892774
0.09803684940830255
0.09688555632311208
0.09573667554759802
0.09458875029219652
0.0934403323738473
0.0922899738968926
0.09113621660960156
0.08997758507541936
0.0888125756672896
0.08763964755759635
0.08645721238536645
0.08526362334788359
0.08405716347011223
0.08283603277254623
0.08159833416761891
0.08034205781826692
0.07906506362430726
0.0777650614479367
0.07643958869522485
0.07508598473318262
0.07370136134967406
0.07228256868448565
0.07082615556572923
0.06932832304012762
0.06778486962945535
0.06619112652272546
0.06454188037174897
0.06283128053888143
0.06105272717340372
0.05919873511991456
0.0572607672079221
0.05522902849057689
0.05309220990926766
0.05083716662559701
0.04844851002881728
0.04590808510857866
0.04319429349742895
0.04028120602475804
0.0371373835906082
0.03372428861579104
0.02999411048990671
0.02588673755173827
0.02132546055787871
0.01621074922755898
0.01041103288970302
0.003748709070642793
-0.004021635894051502
-0.01324798191562853
-0.02443745894331402
-0.03834881652433846
-0.05613612936387447
-0.0795188010894055
-0.1106758613412321
-0.1504604075488462
-0.1928070232284056
-0.01650047040200089
0.007302994738718909
0.01476315780394906
0.01425442366575702
0.01206017170095762
0.009985068593980601
0.00832764639619593
0.007047436660621298
0.006056718789624181
0.005280392147337665
0.00466274920565287
0.004163868317980724
0.003755200597424718
0.003416134606648667
0.003131583562482818
0.002890338488247896
0.002683947226916275
0.002505945698990389
0.002351324483609866
0.002216153552698971
0.002097314628937415
0.001992307660005271
0.001899108984093699
0.001816066115640967
0.001741818753946882
0.001675238813460543
0.001615384437936227
0.001561464380109532
0.001512810187977325
0.001468854243249185
0.001429112370665227
0.001393169885516169
0.001360670380897594
0.00133130662859475
0.001304813165410794
0.001280960227396501
0.001259548748994707
0.001240406241782411
0.001223383369805814
0.001208351118341089
0.001195198438193252
0.001183830270467549
0.001174165939496069
0.00116613780351218
0.001159690160792033
0.001154778361120603
0.001151368107393711
0.001149434919847798
0.001148963756478916
0.001149948766341612
0.001152393191537821
0.001156309371352891
0.001161718924895565
0.00116865301591644
0.001177152799639527
0.001187269998527912
0.001199067663481027
0.001212621110748652
0.001228019073491383
0.001245365113093001
0.001264779295509716
0.001286400232032384
0.001310387494737597
0.001336924537515434
0.00136622218814784
0.001398522837886701
0.001434105521598962
0.001473292032044819
0.001516454396711758
0.00156402395955145
0.001616502617401088
0.001674476605578587
0.001738633752157642
0.001809785028490827
0.001888891779786996
0.001977100360060068
0.002075786685133128
0.002186613869674537
0.002311607827552728
0.00245325732368485
0.002614648140559386
0.002799645252092809
0.003013143753644256
0.003261419952431843
0.003552630823939338
0.003897538070762105
0.004310579042048965
0.004811486466379683
0.005427798592320385
0.006198852976676827
0.007182322199647713
0.008465221350012778
0.01018294218925678
0.01255270433418723
0.01593132895781008
0.02090172234486576
0.02831000517118385
0.03865178898576371
0.04835954045393594
0.04331465013313546
0.01650047043634845
-0.007302994689401418
-0.01476315779906509
-0.01425442366305504
-0.01206017170759677
-0.009985068596119091
-0.008327646401742321
-0.00704743666102086
-0.006056718791030855
-0.005280392146148311
-0.00466274920483932
-0.004163868320183464
-0.003755200596522432
-0.003416134606237638
-0.003131583562662358
-0.002890338492413378
-0.002683947227816588
-0.002505945699079512
-0.00235132448563509
-0.002216153550437628
-0.002097314629783849
-0.001992307660730594
-0.001899108983346087
-0.001816066118568764
-0.001741818751343078
-0.001675238814712008
-0.001615384435588419
-0.001561464383591213
-0.001512810188227997
-0.001468854244183469
-0.001429112369097123
-0.00139316988695834
-0.001360670380517086
-0.001331306628002783
-0.001304813164662464
-0.001280960227352375
-0.001259548749112224
-0.001240406240997136
-0.001223383369570748
-0.001208351118501031
-0.001195198437615411
-0.001183830270234327
-0.001174165938755093
-0.001166137804133443
-0.001159690160871
-0.001154778360498107
-0.001151368107610852
-0.001149434919986152
-0.001148963756473039
-0.001149948764978305
-0.001152393192118196
-0.001156309372695652
-0.001161718925075517
-0.001168653015960156
-0.001177152799129494
-0.001187269998967402
-0.001199067663688121
-0.001212621110484586
-0.001228019074290566
-0.001245365112314666
-0.001264779296501589
-0.001286400231502475
-0.001310387493896001
-0.001336924537532533
-0.001366222187731718
-0.001398522838964565
-0.001434105520631398
-0.001473292032600308
-0.001516454395390091
-0.001564023961787204
-0.001616502615824881
-0.001674476604667094
-0.001738633753155001
-0.00180978502904194
-0.00188889177613747
-0.00197710036066222
-0.00207578668608384
-0.002186613872053524
-0.002311607826981588
-0.002453257322502978
-0.002614648141204419
-0.002799645250190239
-0.003013143755398205
-0.003261419950355158
-0.003552630822903167
-0.003897538073734725
-0.004310579040081681
-0.004811486464060037
-0.005427798594108251
-0.006198852971406626
-0.007182322198679369
-0.008465221346907439
-0.0101829421870184
-0.0125527043253567
-0.0159313289480481
-0.02090172234209089
-0.02831000515570941
-0.03865178896803864
-0.04835954047817118
-0.04331465034388736
0
