-0.001096684876680328
-0.001097294158740921
-0.001097494483790895
-0.001097297177554087
-0.001096714727928998
-0.001095760799082473
-0.001094450238371773
-0.001092799076240401
-0.00109082451902375
-0.001088544934671312
-0.001085979831641698
-0.001083149831037028
-0.001080076632242978
-0.001076782972417199
-0.001073292580035506
-0.00106963012290993
-0.001065821151051273
-0.00106189203475087
-0.001057869898364761
-0.001053782550151319
-0.001049658408708589
-0.001045526426399667
-0.001041416010275594
-0.001037356940849249
-0.001033379289421077
-0.001029513334085405
-0.001025789475186873
-0.001022238150410231
-0.001018889750138779
-0.001015774533300653
-0.001012922544346082
-0.001010363531481788
-0.001008126866705233
-0.001006241468005503
-0.001004735723883581
-0.001003637420751853
-0.001002973673195167
-0.001002770857733616
-0.001003054549947693
-0.001003849465436451
-0.001005179404688018
-0.001007067202029331
-0.00100953467881658
-0.001012602600964033
-0.001016290640838903
-0.001020617343656836
-0.001025600098357038
-0.001031255112905091
-0.001037597394142605
-0.001044640731963134
-0.001052397687859781
-0.001060879587727014
-0.00107009651873507
-0.001080057330255472
-0.001090769638616922
-0.001102239835527976
-0.001114473100051614
-0.001127473413849219
-0.001141243579613713
-0.001155785242351585
-0.001171098913479563
-0.001187183997308142
-0.001204038819965612
-0.0012216606601864
-0.001240045782200632
-0.001259189470038195
-0.00127908606343965
-0.001299728994897655
-0.001321110827768824
-0.001343223295212494
-0.001366057339763458
-0.001389603153410729
-0.001413850217927085
-0.001438787345396319
-0.001464402718661969
-0.001490683931682079
-0.001517618029560953
-0.001545191548185828
-0.001573390553264435
-0.001602200678907868
-0.001631607165306002
-0.001661594895654905
-0.001692148432270795
-0.001723252051658707
-0.001754889778600682
-0.001787045419234627
-0.001819702592927215
-0.001852844763117025
-0.001886455266946948
-0.001920517343658672
-0.001955014161888232
-0.001989928845677006
-0.002025244499307009
-0.002060944230852479
-0.002097011174636256
-0.002133428512400754
-0.002170179493313517
-0.002207247452807778
-0.002244615830303928
-0.002282268185740761
-0.002320188215085916
-0.002358359764703391
-0.002396766844699628
-0.002435393641299723
-0.00247422452817378
-0.002513244076831468
-0.002552437066154728
-0.002591788490961434
-0.002631283569794202
-0.002670907751862816
-0.002710646723226115
-0.00275048641218492
-0.002790412994040813
-0.002830412895113562
-0.002870472796163492
-0.002910579635159495
-0.002950720609529192
-0.002990883177821998
-0.003031055060864601
-0.003071224242456639
-0.003111378969591312
-0.003151507752245388
-0.003191599362838618
-0.003231642835208821
-0.003271627463329958
-0.003311542799718396
-0.003351378653479292
-0.003391125088088549
-0.003430772419024174
-0.003470311211037002
-0.003509732275274304
-0.003549026666213582
-0.003588185678440151
-0.003627200843214368
-0.003666063924933592
-0.003704766917504512
-0.003743302040532595
-0.003781661735496774
-0.003819838661739564
-0.003857825692580229
-0.003895615911056523
-0.003933202605985002
-0.003970579267700478
-0.004007739583902286
-0.00404467743545165
-0.004081386892193643
-0.004117862208690313
-0.004154097820061486
-0.004190088337777642
-0.004225828545493009
-0.004261313394859629
-0.004296538001460166
-0.004331497640670996
-0.004366187743650328
-0.004400603893330471
-0.004434741820405957
-0.004468597399472121
-0.004502166645182252
-0.004535445708363474
-0.00456843087235205
-0.004601118549259996
-0.004633505276360698
-0.004665587712509366
-0.004697362634667286
-0.00472882693443844
-0.004759977614714282
-0.004790811786371328
-0.004821326665011155
-0.004851519567842676
-0.004881387910495841
-0.004910929204078067
-0.004940141052155991
-0.004969021147845515
-0.004997567271035123
-0.005025777285570917
-0.005053649136584143
-0.00508118084786317
-0.00510837051926785
-0.005135216324250752
-0.005161716507397581
-0.00518786938210347
-0.005213673328188886
-0.005239126789715928
-0.005264228272807365
-0.005288976343432159
-0.005313369625435316
-0.005337406798503365
-0.005361086596157683
-0.005384407803940172
-0.005407369257530073
-0.005429969840925687
-0.005452208484799259
-0.005474084164707704
-0.005495595899542224
-0.005516742749922835
-0.005537523816655407
-0.005557938239238179
-0.005577985194468046
-0.005597663894978589
-0.005616973587978307
-0.005635913553850564
-0.005654483104980066
-0.005672681584456236
-0.005690508364958692
-0.005707962847554126
-0.005725044460663029
-0.005741752658915387
-0.005758086922193683
-0.00577404675460642
-0.005789631683546669
-0.005804841258727418
-0.005819675051362445
-0.005834132653251248
-0.005848213675976643
-0.005861917750115554
-0.00587524452444139
-0.00588819366524142
-0.005900764855568682
-0.005912957794565788
-0.005924772196858762
-0.005936207791854204
-0.005947264323206564
-0.00595794154821353
-0.005968239237282003
-0.005978157173393306
-0.005987695151591775
-0.005996852978527828
-0.006005630471996812
-0.006014027460484932
-0.006022043782795591
-0.006029679287612825
-0.006036933833177102
-0.006043807286885478
-0.006050299525008216
-0.006056410432360066
-0.006062139901987008
-0.006067487834910146
-0.006072454139907131
-0.006077038733208845
-0.006081241538334367
-0.006085062485862222
-0.006088501513259639
-0.006091558564722815
-0.00609423359099879
-0.006096526549306234
-0.00609843740316022
-0.006099966122322721
-0.00610111268268676
-0.006101877066262085
-0.00610225926102669
-0.006102259261026693
-0.006101877066262086
-0.006101112682686764
-0.006099966122322725
-0.006098437403160214
-0.006096526549306235
-0.006094233590998786
-0.006091558564722808
-0.006088501513259632
-0.006085062485862216
-0.006081241538334364
-0.006077038733208842
-0.006072454139907127
-0.006067487834910151
-0.006062139901987004
-0.006056410432360062
-0.006050299525008217
-0.006043807286885474
-0.006036933833177099
-0.006029679287612832
-0.006022043782795582
-0.006014027460484938
-0.006005630471996808
-0.005996852978527828
-0.005987695151591774
-0.005978157173393304
-0.005968239237282002
-0.005957941548213529
-0.00594726432320656
-0.005936207791854199
-0.005924772196858763
-0.005912957794565785
-0.00590076485556868
-0.005888193665241414
-0.005875244524441396
-0.005861917750115549
-0.005848213675976637
-0.005834132653251244
-0.005819675051362442
-0.005804841258727417
-0.005789631683546661
-0.005774046754606413
-0.00575808692219367
-0.005741752658915372
-0.005725044460663025
-0.00570796284755413
-0.005690508364958683
-0.005672681584456227
-0.005654483104980056
-0.005635913553850557
-0.005616973587978298
-0.005597663894978579
-0.005577985194468028
-0.005557938239238166
-0.005537523816655403
-0.005516742749922826
-0.005495595899542223
-0.005474084164707704
-0.005452208484799254
-0.005429969840925684
-0.005407369257530067
-0.005384407803940176
-0.005361086596157682
-0.005337406798503356
-0.005313369625435311
-0.005288976343432152
-0.00526422827280735
-0.005239126789715913
-0.005213673328188879
-0.005187869382103465
-0.005161716507397569
-0.005135216324250741
-0.005108370519267847
-0.005081180847863169
-0.00505364913658414
-0.005025777285570901
-0.004997567271035119
-0.004969021147845506
-0.004940141052155981
-0.004910929204078054
-0.004881387910495832
-0.004851519567842676
-0.004821326665011145
-0.004790811786371312
-0.004759977614714265
-0.004728826934438443
-0.004697362634667281
-0.00466558771250936
-0.004633505276360691
-0.004601118549259983
-0.004568430872352033
-0.004535445708363463
-0.004502166645182247
-0.004468597399472115
-0.004434741820405952
-0.004400603893330459
-0.004366187743650325
-0.004331497640670976
-0.004296538001460167
-0.004261313394859626
-0.004225828545492998
-0.004190088337777634
-0.004154097820061488
-0.004117862208690305
-0.004081386892193643
-0.004044677435451641
-0.004007739583902264
-0.003970579267700461
-0.003933202605985006
-0.003895615911056512
-0.003857825692580215
-0.003819838661739553
-0.003781661735496768
-0.003743302040532579
-0.003704766917504499
-0.003666063924933579
-0.003627200843214361
-0.003588185678440136
-0.003549026666213576
-0.003509732275274289
-0.003470311211036998
-0.003430772419024168
-0.003391125088088543
-0.003351378653479283
-0.003311542799718389
-0.003271627463329958
-0.003231642835208817
-0.003191599362838612
-0.003151507752245396
-0.003111378969591295
-0.003071224242456635
-0.003031055060864607
-0.002990883177821975
-0.002950720609529191
-0.002910579635159481
-0.002870472796163494
-0.002830412895113548
-0.002790412994040816
-0.002750486412184909
-0.00271064672322611
-0.002670907751862801
-0.0026312835697942
-0.002591788490961428
-0.002552437066154726
-0.002513244076831463
-0.002474224528173785
-0.002435393641299708
-0.002396766844699625
-0.002358359764703385
-0.002320188215085908
-0.00228226818574075
-0.002244615830303933
-0.002207247452807763
-0.002170179493313514
-0.002133428512400746
-0.00209701117463625
-0.002060944230852475
-0.002025244499306992
-0.001989928845676991
-0.001955014161888223
-0.001920517343658658
-0.001886455266946955
-0.001852844763117024
-0.00181970259292721
-0.001787045419234615
-0.00175488977860066
-0.001723252051658678
-0.001692148432270787
-0.001661594895654905
-0.001631607165305989
-0.001602200678907865
-0.001573390553264422
-0.001545191548185832
-0.001517618029560944
-0.001490683931682062
-0.001464402718661957
-0.001438787345396324
-0.00141385021792708
-0.001389603153410723
-0.001366057339763463
-0.001343223295212486
-0.001321110827768797
-0.001299728994897657
-0.001279086063439639
-0.001259189470038171
-0.00124004578220062
-0.00122166066018638
-0.001204038819965588
-0.001187183997308138
-0.00117109891347954
-0.001155785242351585
-0.0011412435796137
-0.001127473413849205
-0.001114473100051596
-0.001102239835527957
-0.001090769638616903
-0.001080057330255449
-0.001070096518735042
-0.001060879587727
-0.001052397687859757
-0.00104464073196314
-0.001037597394142591
-0.001031255112905072
-0.001025600098357026
-0.001020617343656807
-0.00101629064083889
-0.00101260260096402
-0.001009534678816574
-0.001007067202029315
-0.001005179404688001
-0.001003849465436435
-0.001003054549947685
-0.001002770857733596
-0.001002973673195153
-0.001003637420751851
-0.001004735723883586
-0.00100624146800549
-0.001008126866705217
-0.001010363531481775
-0.001012922544346071
-0.001015774533300646
-0.001018889750138768
-0.001022238150410208
-0.001025789475186866
-0.001029513334085378
-0.001033379289421079
-0.001037356940849233
-0.001041416010275601
-0.001045526426399662
-0.001049658408708581
-0.001053782550151303
-0.001057869898364755
-0.001061892034750862
-0.001065821151051278
-0.001069630122909944
-0.001073292580035507
-0.001076782972417202
-0.001080076632242989
-0.001083149831037019
-0.001085979831641707
-0.001088544934671305
-0.001090824519023747
-0.001092799076240387
-0.001094450238371771
-0.001095760799082469
-0.001096714727928988
-0.001097297177554078
-0.001097494483790885
-0.001097294158740924
-0.001096684876680327
-0.001095656453202044
-0.001094199817524194
-0.001092306978383723
-0.001089970983842041
-0.001087185875350406
-0.001083946636531333
-0.001080249137313524
-0.001076090073811238
-0.001071466904755533
-0.001066377784996904
-0.001060821496905593
-0.001054797380167002
-0.001048305261017634
-0.001041345381310169
-0.00103391832836635
-0.001026024966218776
-0.001017666368889328
-0.001008843756413191
-0.0009995584341720549
-0.0009898117360242315
-0.0009796049717731559
-0.000968939379324834
-0.0009578160820321222
-0.0009462360512264359
-0.0009342000744255122
-0.0009217087291661409
-0.0009087623625708722
-0.0008953610766477731
-0.0008815047191990718
-0.000867192880269361
-0.0008524248938056424
-0.0008371998443869244
-0.0008215165786658526
-0.0008053737211657277
-0.0007887696940451355
-0.0007717027404575616
-0.0007541709510719159
-0.000736172293221018
-0.000717704642319272
-0.0006987658151187516
-0.0006793536041837427
-0.0006594658133159646
-0.000639100293442078
-0.0006182549784904201
-0.000596927920974934
-0.0005751173268246715
-0.0005528215891618888
-0.0005300393207571686
-0.0005067693847854143
-0.000483010923751255
-0.0004587633862690342
-0.0004340265515670868
-0.0004088005515917653
-0.0003830858904848734
-0.0003568834614950675
-0.0003301945611073375
-0.0003030209004449315
-0.0002753646139395469
-0.0002472282652474875
-0.0002186148504031583
-0.0001895277983823456
-0.0001599709690380943
-0.0001299486485314546
-9.946554237326346e-05
-6.852676616024914e-05
-3.713783410817535e-05
-5.304645628870061e-06
2.696653013891953e-05
5.966907146512465e-05
9.279602284988607e-05
0.0001263401153250307
0.0001602937881125524
0.0001946492114671102
0.0002293983105741458
0.0002645327904097815
0.0003000441613527664
0.0003359237654561734
0.0003721628032316866
0.0004087523608381719
0.0004456834375862351
0.000482946973536417
0.0005205338772276647
0.000558435053321202
0.0005966414301083597
0.0006351439868385964
0.0006739337806469375
0.0007130019731889847
0.0007523398567284428
0.0007919388797699555
0.0008317906720627776
0.0008718870689647723
0.0009122201351235964
0.0009527821874223009
0.0009935658171649087
0.001034563911419697
0.001075769673555771
0.001117176642882728
0.00115877871345231
0.001200570151925819
0.001242545614507087
0.001284700163024481
0.001327029279968485
0.001369528882715351
0.00141219533669099
0.00145502546771617
0.001498016573319384
0.00154116643317873
0.00158447331864667
0.001627936001301542
0.001671553760693933
0.001715326391141692
0.001759254207638412
0.001803338050967606
0.001847579291922968
0.001891979834694515
0.001936542119500945
0.001981269124330181
0.002026164365980141
0.002071231900336112
0.002116476321814741
0.002161902762193674
0.002207516888620278
0.002253324900995418
0.002299333528628527
0.002345550026235702
0.002391982169278664
0.002438638248615829
0.002485527064569494
0.002532657920316357
0.002580040614668298
0.002627685434239697
0.00267560314496264
0.002723804983042842
0.00277230264523692
0.002821108278558975
0.002870234469317121
0.002919694231591818
0.002969500994967297
0.003019668591729961
0.003070211243288424
0.003121143546014185
0.003172480456281107
0.003224237274849117
0.003276429630475948
0.003329073462726057
0.003382185004009154
0.003435780760724232
0.003489877493555517
0.003544492196826629
0.003599642076886482
0.003655344529460916
0.003711617115956069
0.003768477538616299
0.003825943614491151
0.003884033248179876
0.00394276440320738
0.004002155072090406
0.00406222324485057
0.004122986876086664
0.004184463850338369
0.0042466719458311
0.004309628796350784
0.004373351851309617
0.004437858333796258
0.004503165196557276
0.004569289075815762
0.004636246242868112
0.004704052553191692
0.004772723393220137
0.004842273624415906
0.004912717524754435
0.004984068727345537
0.005056340156226925
0.005129543959112665
0.00520369143713116
0.005278792971303126
0.005354857945836636
0.005431894668040549
0.005509910284857275
0.005588910695937191
0.005668900463194381
0.005749882716865575
0.005831859058029088
0.00591482945758179
0.00599879215173316
0.006083743534119286
0.006169678044521003
0.006256588054452695
0.006344463749626061
0.006433293009689136
0.006523061285265512
0.00661375147281537
0.00670534378748291
0.006797815634476324
0.00689114147937847
0.006985292717942561
0.007080237546025853
0.007175940830258938
0.007272363980272536
0.007369464823328178
0.007467197482222073
0.00756551225755274
0.007664355515300131
0.007763669581083756
0.00786339264223612
0.007963458659012566
0.008063797286490966
0.008164333808507868
0.008264989085273115
0.008365679516239167
0.008466317019958093
0.008566809032440385
0.008667058525938272
0.008766964049665874
0.008866419794240108
0.008965315681439327
0.009063537480800524
0.009160966954622932
0.009257482032558183
0.009352957017079111
0.009447262820827574
0.009540267236508556
0.009631835239913011
0.009721829326388409
0.009810109880471003
0.009896535578526296
0.009980963823338932
0.01006325120974224
0.01014325401949019
0.01022082874347754
0.01029583262887169
0.01036812424828616
0.01043756408764208
0.01050401514918932
0.01056734356545068
0.01062741921978131
0.01068411636874676
0.01073731426131573
0.01078689774975605
0.0108327578867003
0.01087479250311472
0.01091290676168088
0.01094701368013924
0.01097703461953706
0.01100289973230956
0.0110245483655418
0.01104192941518012
0.01105500162732256
0.01106373384339291
0.01106810518643019
0.01106810518643019
0.01106373384339291
0.01105500162732258
0.01104192941518011
0.0110245483655418
0.01100289973230957
0.01097703461953705
0.01094701368013925
0.01091290676168087
0.01087479250311472
0.01083275788670029
0.01078689774975605
0.01073731426131574
0.01068411636874676
0.01062741921978131
0.01056734356545067
0.01050401514918931
0.01043756408764209
0.01036812424828617
0.0102958326288717
0.01022082874347754
0.01014325401949018
0.01006325120974224
0.009980963823338948
0.009896535578526298
0.009810109880471003
0.009721829326388411
0.009631835239913003
0.009540267236508559
0.009447262820827567
0.009352957017079114
0.009257482032558183
0.009160966954622929
0.009063537480800528
0.008965315681439328
0.008866419794240122
0.008766964049665872
0.008667058525938265
0.008566809032440385
0.008466317019958095
0.008365679516239163
0.008264989085273121
0.008164333808507864
0.008063797286490973
0.007963458659012568
0.007863392642236131
0.007763669581083765
0.007664355515300123
0.007565512257552745
0.007467197482222071
0.007369464823328179
0.007272363980272544
0.007175940830258935
0.007080237546025848
0.006985292717942562
0.006891141479378467
0.006797815634476326
0.006705343787482903
0.006613751472815378
0.006523061285265508
0.006433293009689143
0.006344463749626047
0.006256588054452697
0.006169678044521
0.00608374353411929
0.005998792151733158
0.00591482945758178
0.005831859058029092
0.005749882716865566
0.005668900463194365
0.005588910695937188
0.005509910284857273
0.005431894668040546
0.005354857945836629
0.005278792971303114
0.005203691437131158
0.005129543959112658
0.005056340156226924
0.004984068727345536
0.004912717524754424
0.004842273624415916
0.004772723393220131
0.004704052553191685
0.004636246242868099
0.00456928907581576
0.004503165196557288
0.004437858333796275
0.004373351851309617
0.00430962879635079
0.004246671945831095
0.004184463850338372
0.004122986876086654
0.004062223244850564
0.004002155072090397
0.003942764403207377
0.00388403324817987
0.003825943614491156
0.003768477538616283
0.003711617115956082
0.003655344529460915
0.00359964207688648
0.003544492196826633
0.003489877493555505
0.003435780760724229
0.003382185004009161
0.003329073462726062
0.003276429630475941
0.003224237274849125
0.003172480456281102
0.003121143546014184
0.003070211243288431
0.00301966859172996
0.002969500994967305
0.002919694231591819
0.00287023446931711
0.002821108278558965
0.002772302645236916
0.002723804983042832
0.002675603144962633
0.002627685434239688
0.002580040614668288
0.00253265792031635
0.00248552706456949
0.002438638248615823
0.002391982169278656
0.002345550026235699
0.002299333528628517
0.002253324900995412
0.002207516888620259
0.002161902762193657
0.002116476321814746
0.0020712319003361
0.002026164365980127
0.001981269124330177
0.001936542119500938
0.001891979834694503
0.001847579291922957
0.001803338050967584
0.001759254207638398
0.001715326391141684
0.001671553760693925
0.001627936001301537
0.001584473318646658
0.001541166433178727
0.001498016573319368
0.001455025467716166
0.001412195336690955
0.001369528882715335
0.001327029279968492
0.001284700163024481
0.001242545614507072
0.001200570151925806
0.001158778713452311
0.001117176642882719
0.001075769673555738
0.001034563911419689
0.0009935658171649048
0.0009527821874222892
0.0009122201351235851
0.000871887068964758
0.0008317906720627598
0.0007919388797699507
0.0007523398567284311
0.0007130019731889804
0.0006739337806469354
0.00063514398683857
0.0005966414301083324
0.0005584350533211994
0.0005205338772276452
0.0004829469735364096
0.0004456834375862312
0.0004087523608381671
0.0003721628032316857
0.000335923765456156
0.0003000441613527716
0.0002645327904097642
0.0002293983105741389
0.000194649211467098
0.0001602937881125407
0.0001263401153250164
9.279602284986525e-05
5.966907146511598e-05
2.696653013890219e-05
-5.304645628892175e-06
-3.71378341081979e-05
-6.852676616026215e-05
-9.946554237328471e-05
-0.0001299486485314681
-0.000159970969038109
-0.0001895277983823608
-0.000218614850403163
-0.0002472282652475006
-0.0002753646139395669
-0.0003030209004449514
-0.0003301945611073574
-0.0003568834614950857
-0.0003830858904848829
-0.0004088005515917844
-0.0004340265515671024
-0.0004587633862690576
-0.000483010923751268
-0.0005067693847854377
-0.000530039320757179
-0.0005528215891619156
-0.0005751173268247053
-0.0005969279209749496
-0.0006182549784904488
-0.0006391002934420945
-0.0006594658133159768
-0.0006793536041837592
-0.0006987658151187586
-0.0007177046423192902
-0.0007361722932210284
-0.0007541709510719159
-0.0007717027404575642
-0.0007887696940451537
-0.0008053737211657346
-0.0008215165786658535
-0.0008371998443869313
-0.000852424893805658
-0.0008671928802693619
-0.0008815047191990596
-0.0008953610766477805
-0.0009087623625708896
-0.000921708729166137
-0.0009342000744255018
-0.0009462360512264402
-0.0009578160820321248
-0.0009689393793248266
-0.0009796049717731526
-0.0009898117360242348
-0.0009995584341720553
-0.001008843756413187
-0.001017666368889338
-0.001026024966218787
-0.001033918328366357
-0.001041345381310183
-0.001048305261017643
-0.001054797380166999
-0.001060821496905589
-0.001066377784996907
-0.001071466904755538
-0.001076090073811244
-0.001080249137313542
-0.001083946636531337
-0.001087185875350407
-0.001089970983842035
-0.001092306978383721
-0.0010941998175242
-0.001095656453202052
0
