-0.01346418181867601
-0.01358236149604884
-0.01369409762366583
-0.01379924499342204
-0.01389769630652372
-0.01398938242728229
-0.01407427202247401
-0.01415237061783286
-0.01422371911882363
-0.01428839185766648
-0.01434649423909549
-0.01439816006384051
-0.01444354861211087
-0.01448284156904179
-0.01451623987019063
-0.01454396054203014
-0.01456623359570585
-0.01458329903899725
-0.01459540404344599
-0.01460280030704708
-0.01460574163660081
-0.01460448176660019
-0.01459927242321896
-0.01459036163469762
-0.01457799228331717
-0.01456240088991176
-0.01454381661742018
-0.01452246047811214
-0.01449854472675863
-0.01447227242164455
-0.01444383713456733
-0.0144134227915373
-0.01438120362661293
-0.01434734423188322
-0.01431199968833815
-0.01427531576326573
-0.01423742916130862
-0.01419846781846729
-0.01415855122470319
-0.01411779077790812
-0.01407629014368934
-0.01403414563126688
-0.01399144657068593
-0.01394827568956861
-0.01390470948548865
-0.0138608185908528
-0.01381666812803394
-0.01377231805279597
-0.01372782348478897
-0.01368323502415698
-0.01363859905349024
-0.01359395802505317
-0.01354935073281716
-0.01350481256971639
-0.01346037577015893
-0.01341606963813006
-0.01337192076141248
-0.01332795321230112
-0.01328418873551998
-0.01324064692369597
-0.01319734538120099
-0.01315429987683382
-0.01311152448597049
-0.01306903172287446
-0.01302683266353915
-0.01298493705987512
-0.01294335344563554
-0.01290208923465347
-0.01286115081188664
-0.01282054361775489
-0.01278027222622692
-0.01274034041704711
-0.01270075124262501
-0.012661507089774
-0.01262260973685357
-0.0125840604065241
-0.01254585981447291
-0.01250800821442878
-0.01247050543963241
-0.01243335094125211
-0.01239654382358867
-0.01236008287675619
-0.01232396660672603
-0.01228819326293052
-0.01225276086383161
-0.01221766722037438
-0.0121829099576062
-0.01214848653457968
-0.0121143942626511
-0.01208063032229662
-0.01204719177858848
-0.01201407559543588
-0.0119812786485867
-0.0119487977376313
-0.01191662959699402
-0.01188477090601494
-0.01185321829814537
-0.01182196836944464
-0.01179101768626058
-0.01176036279236356
-0.01173000021531458
-0.01169992647243074
-0.01167013807611442
-0.01164063153873573
-0.01161140337709848
-0.011582450117271
-0.01155376829416498
-0.01152535446289264
-0.01149720519383489
-0.01146931707920699
-0.01144168673473961
-0.01141431080179468
-0.0113871859493587
-0.0113603088757117
-0.01133367630999399
-0.01130728501351542
-0.01128113178097135
-0.01125521344144151
-0.01122952685928265
-0.01120406893492144
-0.01117883660542671
-0.0111538268451206
-0.01112903666597867
-0.01110446311795599
-0.01108010328928506
-0.01105595430663422
-0.01103201333525763
-0.01100827757900819
-0.01098474428036599
-0.01096141072035681
-0.01093827421848904
-0.01091533213256769
-0.01089258185852738
-0.01087002083020676
-0.01084764651910125
-0.01082545643410015
-0.01080344812114283
-0.01078161916292534
-0.01075996717853124
-0.01073848982307381
-0.01071718478731027
-0.01069604979726292
-0.01067508261377358
-0.01065428103212972
-0.01063364288160213
-0.01061316602502015
-0.01059284835836755
-0.01057268781025704
-0.01055268234155537
-0.01053282994489821
-0.01051312864424399
-0.0104935764943911
-0.01047417158059115
-0.01045491201798705
-0.01043579595126327
-0.01041682155413548
-0.01039798702888663
-0.01037929060596466
-0.01036073054351117
-0.01034230512689337
-0.01032401266832265
-0.01030585150636663
-0.01028782000552495
-0.01026991655583409
-0.01025213957242179
-0.01023448749507747
-0.01021695878785864
-0.01019955193866722
-0.01018226545888083
-0.01016509788289956
-0.01014804776781498
-0.01013111369295512
-0.01011429425957989
-0.01009758809044787
-0.01008099382946116
-0.01006451014131674
-0.01004813571112358
-0.01003186924407533
-0.01001570946507597
-0.009999655118421154
-0.00998370496745252
-0.009967857794215707
-0.009952112399167858
-0.009936467600796983
-0.009920922235402821
-0.009905475156672536
-0.009890125235476374
-0.009874871359513322
-0.009859712433045207
-0.009844647376588911
-0.00982967512663508
-0.009814794635396204
-0.009800004870507206
-0.009785304814769656
-0.009770693465866913
-0.009756169836159805
-0.0097417329523573
-0.009727381855343463
-0.009713115599868384
-0.009698933254365813
-0.009684833900673793
-0.009670816633816828
-0.009656880561787949
-0.009643024805329203
-0.00962924849769153
-0.009615550784439469
-0.009601930823229366
-0.009588387783626841
-0.009574920846859764
-0.009561529205680871
-0.009548212064095962
-0.009534968637245806
-0.009521798151177586
-0.009508699842666198
-0.009495672959054142
-0.009482716758042048
-0.009469830507529715
-0.009457013485463933
-0.009444264979633139
-0.009431584287528041
-0.009418970716186682
-0.009406423582010137
-0.009393942210632934
-0.009381525936751154
-0.009369174103992867
-0.00935688606474332
-0.00934466118002578
-0.00933249881935856
-0.009320398360602465
-0.009308359189821329
-0.009296380701191039
-0.009284462296793264
-0.009272603386559913
-0.00926080338810952
-0.009249061726625684
-0.009237377834742789
-0.009225751152429204
-0.009214181126856125
-0.009202667212289885
-0.009191208869983081
-0.009179805568072946
-0.009168456781440508
-0.00915716199163715
-0.009145920686759162
-0.009134732361358781
-0.009123596516329937
-0.00911251265881019
-0.009101480302094254
-0.009090498965544296
-0.009079568174458881
-0.009068687460025074
-0.009057856359202967
-0.009047074413764455
-0.009036341174601427
-0.00902565619281159
-0.009015019028489156
-0.009004429246185112
-0.008993886415708491
-0.008983390112067998
-0.00897293991537592
-0.00896253541076765
-0.008952176188344443
-0.008941861843092657
-0.008931591974804004
-0.008921366188009053
-0.008911184091898002
-0.008901045300261099
-0.008890949431426392
-0.008880896108173435
-0.008870884957684438
-0.008860915611474486
-0.008850987705327577
-0.008841100879221518
-0.008831254777294295
-0.008821449047760624
-0.008811683342867244
-0.008801957318811594
-0.008792270635722049
-0.008782622957568709
-0.008773013952120635
-0.008763443290892776
-0.008753910649090835
-0.008744415705548066
-0.008734958142699862
-0.008725537646516233
-0.008716153906429578
-0.008706806615337067
-0.008697495469516942
-0.008688220168561051
-0.008678980415396701
-0.008669775916167546
-0.008660606380241629
-0.008651471520123293
-0.008642371051449285
-0.008633304692921505
-0.008624272166268992
-0.008615273196202469
-0.008606307510402002
-0.008597374839437984
-0.008588474916728562
-0.008579607478561641
-0.008570772263981006
-0.008561969014801328
-0.008553197475542656
-0.008544457393400234
-0.008535748518225457
-0.008527070602463559
-0.008518423401137438
-0.008509806671798603
-0.00850122017452498
-0.008492663671839575
-0.008484136928716343
-0.008475639712545006
-0.008467171793073871
-0.00845873294239074
-0.008450322934920377
-0.008441941547343965
-0.00843358855861279
-0.008425263749889897
-0.008416966904549076
-0.008408697808116703
-0.008400456248254605
-0.0083922420147509
-0.008384054899469244
-0.008375894696330922
-0.008367761201284254
-0.008359654212293136
-0.008351573529288697
-0.008343518954169807
-0.008335490290747996
-0.008327487344768696
-0.008319509923832173
-0.008311557837405389
-0.00830363089679619
-0.008295728915115992
-0.008287851707269358
-0.008279999089931536
-0.008272170881522784
-0.008264366902175246
-0.008256586973733191
-0.00824883091973911
-0.008241098565354803
-0.008233389737419158
-0.008225704264386286
-0.008218041976301771
-0.008210402704783994
-0.008202786283040643
-0.008195192545798374
-0.00818762132931232
-0.008180072471365405
-0.008172545811189712
-0.008165041189540242
-0.008157558448574173
-0.008150097431903935
-0.008142657984578762
-0.008135239953017005
-0.008127843185041683
-0.008120467529844921
-0.008113112837963846
-0.008105778961274613
-0.008098465752975806
-0.008091173067571877
-0.008083900760855241
-0.008076648689889858
-0.008069416713017459
-0.008062204689798213
-0.008055012481049055
-0.008047839948780644
-0.008040686956236488
-0.00803355336782363
-0.008026439049127452
-0.008019343866910947
-0.008012267689067418
-0.008005210384640389
-0.007998171823794965
-0.007991151877784316
-0.007984150418995533
-0.007977167320881572
-0.007970202457962594
-0.007963255705820359
-0.007956326941104781
-0.007949416041480417
-0.007942522885645169
-0.007935647353316866
-0.007928789325206912
-0.007921948683033506
-0.0079151253094773
-0.007908319088202019
-0.007901529903817704
-0.007894757641898172
-0.007888002188947297
-0.007881263432398651
-0.00787454126059697
-0.007867835562807231
-0.007861146229185691
-0.007854473150775462
-0.007847816219500186
-0.007841175328153496
-0.007834550370387675
-0.007827941240696204
-0.007821347834437897
-0.00781477004777195
-0.007808207777707073
-0.00780166092206462
-0.007795129379445218
-0.007788613049276687
-0.007782111831759767
-0.007775625627878029
-0.007769154339394621
-0.007762697868837126
-0.007756256119472573
-0.007749828995322025
-0.007743416401153523
-0.007737018242484692
-0.007730634425498723
-0.00772426485717358
-0.007717909445143662
-0.007711568097747416
-0.007705240724049205
-0.00769892723376628
-0.007692627537330056
-0.00768634154581901
-0.007680069170986203
-0.007673810325251473
-0.00766756492168372
-0.007661332873978526
-0.007655114096517278
-0.007648908504262863
-0.007642716012843223
-0.007636536538490234
-0.007630369998040161
-0.007624216308959684
-0.007618075389308069
-0.007611947157725407
-0.007605831533462605
-0.007599728436348995
-0.007593637786784449
-0.007587559505738944
-0.007581493514760255
-0.00757543973595745
-0.00756939809197756
-0.007563368506035974
-0.007557350901879565
-0.007551345203795746
-0.007545351336614391
-0.007539369225676704
-0.007533398796876348
-0.007527439976582369
-0.007521492691714449
-0.007515556869680368
-0.007509632438399801
-0.007503719326271091
-0.007497817462210012
-0.007491926775606921
-0.007486047196332156
-0.007480178654752646
-0.007474321081692425
-0.007468474408443443
-0.00746263856677282
-0.00745681348890026
-0.007450999107510558
-0.007445195355729525
-0.007439402167131966
-0.007433619475739333
-0.00742784721600938
-0.007422085322837188
-0.00741633373154364
-0.007410592377880027
-0.007404861198013868
-0.0073991401285361
-0.007393429106445366
-0.007387728069155309
-0.007382036954493949
-0.007376355700672013
-0.007370684246310284
-0.007365022530427904
-0.007359370492430719
-0.007353728072108327
-0.007348095209638961
-0.007342471845579842
-0.00733685792085834
-0.007331253376792445
-0.00732565815505033
-0.00732007219767456
-0.007314495447069083
-0.007308927845998528
-0.007303369337590619
-0.007297819865308438
-0.007292279372975153
-0.007286747804761219
-0.007281225105174947
-0.007275711219068298
-0.007270206091635126
-0.007264709668387842
-0.007259221895176787
-0.007253742718189568
-0.007248272083929519
-0.007242809939204365
-0.007237356231172607
-0.007231910907290778
-0.007226473915331088
-0.007221045203367691
-0.007215624719792878
-0.007210212413294972
-0.00720480823287981
-0.007199412127830648
-0.007194024047732475
-0.007188643942471272
-0.007183271762219675
-0.007177907457434702
-0.007172550978865705
-0.007167202277538439
-0.007161861304759218
-0.007156528012112566
-0.007151202351472831
-0.007145884274956949
-0.007140573734978912
-0.007135270684214056
-0.007129975075591293
-0.007124686862311784
-0.007119405997835867
-0.0071141324358934
-0.007108866130439638
-0.007103607035730849
-0.007098355106222374
-0.007093110296655167
-0.007087872562011192
-0.007082641857499601
-0.007077418138588344
-0.00707220136098994
-0.007066991480635371
-0.007061788453712878
-0.007056592236629165
-0.007051402786025257
-0.007046220058792506
-0.007041044012012719
-0.007035874603027595
-0.007030711789386345
-0.007025555528855146
-0.007020405778530339
-0.007015262499398878
-0.007010125647050496
-0.007004995181092265
-0.006999871060384973
-0.006994753243977896
-0.006989641691160947
-0.00698453636139882
-0.006979437214386963
-0.006974344210001393
-0.006969257308341683
-0.006964176469691226
-0.006959101654532245
-0.00695403282353733
-0.006948969937600258
-0.006943912957777548
-0.006938861845324512
-0.006933816561694299
-0.006928777068521735
-0.006923743327625218
-0.006918715301007673
-0.006913692950848286
-0.006908676239541889
-0.006903665129605037
-0.006898659583773831
-0.006893659564949315
-0.006888665036211573
-0.006883675960790437
-0.006878692302130871
-0.006873714023811573
-0.0068687410895838
-0.006863773463373924
-0.006858811109283056
-0.006853853991559949
-0.006848902074613998
-0.006843955323032593
-0.006839013701550903
-0.006834077175060866
-0.006829145708622955
-0.006824219267437029
-0.006819297816872515
-0.006814381322446246
-0.006809469749816472
-0.00680456306480712
-0.006799661233380409
-0.006794764221647999
-0.006789871995868458
-0.006784984522448878
-0.00678010176793302
-0.00677522369900982
-0.006770350282517211
-0.006765481485413573
-0.006760617274812294
-0.006755757617962226
-0.006750902482235289
-0.006746051835160149
-0.006741205644371461
-0.006736363877663047
-0.006731526502940444
-0.006726693488252491
-0.006721864801767691
-0.006717040411782596
-0.006712220286728575
-0.006707404395148253
-0.006702592705727675
-0.006697785187253765
-0.006692981808656259
-0.006688182538964809
-0.006683387347350786
-0.006678596203089399
-0.006673809075570501
-0.006669025934310444
-0.006664246748949305
-0.006659471489217451
-0.006654700124968438
-0.00664993262617533
-0.006645168962913298
-0.006640409105377703
-0.006635653023868931
-0.006630900688785198
-0.006626152070639914
-0.00662140714006212
-0.006616665867764456
-0.006611928224582555
-0.006607194181446027
-0.006602463709387069
-0.006597736779544019
-0.006593013363156491
-0.006588293431549343
-0.006583576956158167
-0.006578863908513831
-0.006574154260248204
-0.006569447983076826
-0.006564745048813632
-0.006560045429377917
-0.00655534909676947
-0.006550656023079972
-0.006545966180495768
-0.006541279541301127
-0.006536596077843728
-0.006531915762593927
-0.006527238568082589
-0.006522564466939216
-0.00651789343188261
-0.006513225435706452
-0.006508560451292876
-0.006503898451601593
-0.006499239409690835
-0.006494583298683276
-0.006489930091785133
-0.006485279762295581
-0.006480632283572109
-0.006475987629063232
-0.006471345772297859
-0.00646670668687881
-0.006462070346473132
-0.006457436724834047
-0.006452805795793221
-0.006448177533239261
-0.006443551911156141
-0.006438928903579272
-0.006434308484623709
-0.006429690628472677
-0.006425075309383858
-0.006420462501683825
-0.006415852179755319
-0.006411244318058586
-0.006406638891116644
-0.006402035873534074
-0.0063974352399498
-0.006392836965093124
-0.00638824102374146
-0.006383647390743775
-0.006379056041014889
-0.00637446694951407
-0.006369880091280915
-0.006365295441399951
-0.00636071297503129
-0.006356132667377641
-0.006351554493697006
-0.00634697842933024
-0.006342404449642158
-0.006337832530085477
-0.006333262646130919
-0.006328694773339591
-0.006324128887316843
-0.00631956496370219
-0.006315002978198016
-0.006310442906578778
-0.006305884724640339
-0.006301328408237007
-0.006296773933287371
-0.006292221275755192
-0.00628767041162297
-0.006283121316967587
-0.006278573967880837
-0.006274028340507693
-0.006269484411051527
-0.006264942155737824
-0.006260401550857738
-0.006255862572742688
-0.00625132519775655
-0.00624678940231389
-0.006242255162877066
-0.006237722455934778
-0.006233191258030365
-0.006228661545739566
-0.006224133295684051
-0.006219606484512844
-0.006215081088931828
-0.006210557085661756
-0.006206034451491611
-0.006201513163214201
-0.00619699319767349
-0.006192474531747848
-0.006187957142357526
-0.006183441006442576
-0.006178926100989194
-0.006174412403009238
-0.006169899889546322
-0.00616538853768474
-0.006160878324531582
-0.006156369227225244
-0.006151861222939991
-0.00614735428886861
-0.006142848402246437
-0.00613834354032832
-0.006133839680401583
-0.006129336799776544
-0.006124834875798914
-0.006120333885817253
-0.006115833807236476
-0.006111334617466229
-0.006106836293944627
-0.006102338814146053
-0.006097842155538969
-0.00609334629564813
-0.006088851212152012
-0.006084356882127421
-0.00607986328364172
-0.006075370394126695
-0.006070878191185748
-0.00606638665246003
-0.00606189575560059
-0.006057405478272132
-0.006052915798176574
-0.006048426693007532
-0.006043938140488541
-0.006039450118365968
-0.006034962604381642
-0.006030475576311275
-0.006025989011943338
-0.006021502889066962
-0.006017017185490396
-0.006012531879046091
-0.006008046947557217
-0.00600356236888787
-0.005999078120885992
-0.005994594181418327
-0.005990110528370556
-0.005985627139621247
-0.005981143993073805
-0.005976661066636304
-0.005972178338224421
-0.005967695785749821
-0.005963213387151939
-0.005958731120357944
-0.005954248963313415
-0.005949766893961782
-0.005945284890252082
-0.005940802930136191
-0.00593632099157434
-0.005931839052537439
-0.005927357090981536
-0.005922875084865506
-0.005918393012170283
-0.005913910850857868
-0.005909428578893933
-0.005904946174251215
-0.005900463614905669
-0.005895980878813215
-0.005891497943943897
-0.005887014788263079
-0.005882531389727809
-0.005878047726298858
-0.005873563775933922
-0.005869079516575777
-0.005864594926163867
-0.005860109982659371
-0.005855624663976136
-0.005851138948049403
-0.005846652812787369
-0.005842166236120414
-0.005837679195947346
-0.005833191669439306
-0.005828703637072058
-0.005824215073474285
-0.005819725958013084
-0.005815236268495095
-0.005810745982737066
-0.005806255041033428
-0.005801763571256779
-0.005797271326117921
-0.005792778433485627
-0.005788284833657115
-0.005783790504419326
-0.005779295423563872
-0.005774799567423917
-0.005770302916782967
-0.005765805446902349
-0.005761307136155896
-0.005756807962197569
-0.00575230790268739
-0.005747806935253841
-0.005743305037512756
-0.005738802187051324
-0.005734298361454541
-0.0057297935382552
-0.005725287694985101
-0.005720780809166279
-0.005716272858282115
-0.005711763819778595
-0.005707253671104777
-0.00570274238967259
-0.005698229952872655
-0.005693716338062292
-0.005689201522582749
-0.005684685483746059
-0.005680168198831948
-0.00567564964509808
-0.005671129799781165
-0.005666608640063488
-0.005662086143125338
-0.005657562286106357
-0.005653037046111446
-0.005648510400220096
-0.005643982325477942
-0.00563945279890724
-0.005634921797480639
-0.005630389298141736
-0.005625855277812796
-0.00562131971337095
-0.005616782581665336
-0.00561224385948985
-0.005607703523634773
-0.005603161550818841
-0.005598617917752363
-0.005594072601090976
-0.005589525577451399
-0.005584976823410861
-0.005580426315522846
-0.005575874030283296
-0.005571319944148338
-0.005566764033541317
-0.005562206274832187
-0.005557646644363035
-0.005553085118412976
-0.005548521673230827
-0.005543956285021925
-0.005539388929927424
-0.005534819584067438
-0.005530248223499012
-0.00552567482423961
-0.00552109936225263
-0.005516521813456331
-0.005511942153721264
-0.005507360358859101
-0.005502776404645408
-0.005498190266799086
-0.005493601920974298
-0.005489011342791151
-0.005484418508015077
-0.005479823391561587
-0.005475225969445854
-0.005470626216882547
-0.005466024109211712
-0.005461419621714907
-0.005456812729621261
-0.005452203408098506
-0.005447591632258194
-0.00544297737715204
-0.005438360617770333
-0.005433741329033499
-0.005429119485819778
-0.00542449506294116
-0.005419868035130598
-0.005415238377074658
-0.005410606063394099
-0.005405971068633364
-0.005401333367280511
-0.005396692933763212
-0.005392049742418333
-0.005387403767549599
-0.005382754983366599
-0.005378103364015378
-0.0053734488835694
-0.005368791516046319
-0.005364131235369942
-0.005359468015414476
-0.005354801829968813
-0.005350132652744932
-0.005345460457390045
-0.005340785217454864
-0.005336106906461046
-0.005331425497798972
-0.005326740964814368
-0.00532205328075866
-0.005317362418817844
-0.005312668352091049
-0.005307971053590318
-0.005303270496260117
-0.00529856665294823
-0.005293859496423805
-0.005289148999390487
-0.005284435134432892
-0.005279717874066207
-0.005274997190731821
-0.005270273056767142
-0.005265545444423352
-0.005260814325876132
-0.005256079673181462
-0.005251341458346269
-0.005246599653248769
-0.005241854229690582
-0.00523710515937453
-0.005232352413926882
-0.005227595964851459
-0.005222835783574265
-0.005218071841414701
-0.005213304109604762
-0.0052085325592673
-0.005203757161428195
-0.005198977887017039
-0.005194194706855543
-0.005189407591663268
-0.005184616512063611
-0.005179821438570481
-0.005175022341585709
-0.00517021919141513
-0.005165411958250189
-0.00516060061218773
-0.005155785123184609
-0.005150965461124929
-0.005146141595753198
-0.005141313496711122
-0.005136481133529116
-0.005131644475621541
-0.005126803492286148
-0.005121958152703541
-0.005117108425939148
-0.005112254280936423
-0.005107395686520917
-0.005102532611403477
-0.005097665024157884
-0.005092792893253406
-0.005087916187009594
-0.005083034873650773
-0.00507814892125886
-0.005073258297786431
-0.005068362971066671
-0.005063462908791545
-0.00505855807852642
-0.005053648447713861
-0.005048733983656886
-0.005043814653516143
-0.005038890424325091
-0.005033961262978827
-0.005029027136236232
-0.005024088010720247
-0.005019143852898868
-0.00501419462910746
-0.005009240305543433
-0.005004280848253978
-0.004999316223145716
-0.004994346395977616
-0.004989371332347631
-0.004984390997719988
-0.0049794053574084
-0.004974414376563583
-0.004969418020191264
-0.004964416253139942
-0.004959409040098499
-0.004954396345613409
-0.004949378134051419
-0.004944354369637484
-0.004939325016425048
-0.004934290038309078
-0.004929249399005831
-0.004924203062093343
-0.004919150990965726
-0.004914093148842446
-0.004909029498788285
-0.004903960003682054
-0.004898884626242925
-0.004893803329010383
-0.004888716074351704
-0.004883622824427816
-0.004878523541269858
-0.004873418186695604
-0.004868306722342906
-0.004863189109686234
-0.004858065309981664
-0.004852935284325783
-0.004847798993614943
-0.004842656398553738
-0.004837507459667994
-0.004832352137266808
-0.004827190391494837
-0.004822022182266238
-0.004816847469326714
-0.004811666212202386
-0.004806478370219111
-0.004801283902510656
-0.004796082767987041
-0.004790874925373582
-0.004785660333163853
-0.004780438949656745
-0.004775210732930607
-0.004769975640844496
-0.004764733631053468
-0.004759484660986539
-0.004754228687851224
-0.004748965668631529
-0.004743695560102884
-0.004738418318791702
-0.004733133901008807
-0.00472784226283136
-0.004722543360110133
-0.004717237148454607
-0.004711923583234618
-0.004706602619596999
-0.004701274212433193
-0.004695938316405626
-0.004690594885909783
-0.004685243875120019
-0.004679885237947167
-0.004674518928055827
-0.004669144898850221
-0.004663763103494596
-0.004658373494877939
-0.004652976025630235
-0.004647570648138747
-0.004642157314505212
-0.004636735976560829
-0.004631306585896962
-0.00462586909379873
-0.004620423451303754
-0.004614969609150768
-0.004609507517821183
-0.004604037127494276
-0.004598558388075078
-0.004593071249186932
-0.004587575660155226
-0.004582071570012143
-0.004576558927508863
-0.004571037681085371
-0.004565507778887943
-0.004559969168758208
-0.004554421798238458
-0.004548865614556319
-0.004543300564627597
-0.004537726595070452
-0.004532143652161126
-0.004526551681876555
-0.004520950629866165
-0.004515340441454482
-0.004509721061634079
-0.004504092435076381
-0.004498454506105508
-0.004492807218726125
-0.004487150516583484
-0.00448148434299593
-0.00447580864092314
-0.004470123352992473
-0.004464428421461645
-0.004458723788234051
-0.0044530093948737
-0.00444728518255284
-0.004441551092102359
-0.004435807063972216
-0.004430053038247259
-0.004424288954625801
-0.004418514752440019
-0.004412730370628754
-0.004406935747755397
-0.004401130821976567
-0.004395315531073686
-0.004389489812424649
-0.004383653602998036
-0.00437780683937285
-0.004371949457703848
-0.004366081393745272
-0.004360202582839846
-0.004354312959889958
-0.004348412459392383
-0.004342501015417004
-0.004336578561583283
-0.004330645031095746
-0.004324700356704735
-0.004318744470723565
-0.004312777305013883
-0.004306798790993478
-0.004300808859605907
-0.004294807441344498
-0.004288794466242378
-0.004282769863855495
-0.004276733563251136
-0.004270685493050255
-0.004264625581358048
-0.004258553755815564
-0.004252469943554015
-0.004246374071210444
-0.004240266064925604
-0.00423414585032768
-0.00422801335252576
-0.004221868496138217
-0.004215711205220581
-0.004209541403330732
-0.004203359013482105
-0.004197163958161148
-0.004190956159290835
-0.004184735538268997
-0.004178502015921294
-0.00417225551252485
-0.00416599594778372
-0.004159723240836413
-0.004153437310260391
-0.004147138074012099
-0.004140825449497479
-0.004134499353519634
-0.004128159702264758
-0.004121806411340286
-0.004115439395723498
-0.004109058569780709
-0.004102663847256336
-0.00409625514126195
-0.004089832364271888
-0.004083395428124649
-0.004076944243996695
-0.004070478722425819
-0.004063998773271998
-0.004057504305735426
-0.004050995228330806
-0.004044471448901264
-0.004037932874600273
-0.004031379411860696
-0.004024810966451672
-0.004018227443401958
-0.004011628747019321
-0.004005014780905571
-0.003998385447918748
-0.003991740650165576
-0.003985080289029793
-0.0039784042651095
-0.003971712478250206
-0.003965004827538657
-0.003958281211258637
-0.003951541526916878
-0.003944785671220708
-0.003938013540071518
-0.00393122502855859
-0.00392442003095394
-0.003917598440680199
-0.003910760150336811
-0.003903905051671309
-0.003897033035564366
-0.003890143992050289
-0.003883237810255846
-0.003876314378437589
-0.003869373583973107
-0.003862415313307536
-0.003855439451985261
-0.003848445884622857
-0.003841434494901177
-0.00383440516555878
-0.003827357778372367
-0.003820292214174474
-0.003813208352778426
-0.003806106073062815
-0.003798985252867946
-0.00379184576904031
-0.003784687497411795
-0.003777510312776023
-0.003770314088885116
-0.003763098698434938
-0.003755864013054632
-0.003748609903308353
-0.003741336238657293
-0.003734042887456362
-0.003726729716965524
-0.00371939659329411
-0.003712043381437625
-0.00370466994521107
-0.00369727614728595
-0.003689861849134523
-0.003682426911065496
-0.003674971192151772
-0.003667494550266422
-0.003659996842037548
-0.003652477922848933
-0.003644937646830002
-0.003637375866822284
-0.003629792434377099
-0.003622187199741249
-0.003614560011844026
-0.003606910718273686
-0.003599239165266324
-0.003591545197686828
-0.003583828659012249
-0.003576089391337058
-0.003568327235309545
-0.003560542030174533
-0.003552733613697074
-0.0035449018221932
-0.003537046490491001
-0.003529167451900181
-0.003521264538234404
-0.003513337579739419
-0.003505386405114799
-0.003497410841494714
-0.003489410714396887
-0.003481385847729053
-0.003473336063778957
-0.003465261183157947
-0.003457161024812594
-0.003449035405997019
-0.003440884142235431
-0.003432707047334257
-0.003424503933319352
-0.003416274610444477
-0.003408018887175287
-0.003399736570124466
-0.003391427464075993
-0.003383091371938957
-0.003374728093201071
-0.003366337432592491
-0.003357919179879559
-0.003349473133851982
-0.003340999087746165
-0.003332496832756975
-0.003323966158054358
-0.00331540684609542
-0.003306818691286038
-0.003298201469261171
-0.003289554962667359
-0.00328087895002484
-0.003272173207646473
-0.003263437509612909
-0.003254671627747421
-0.003245875331567329
-0.003237048388285926
-0.003228190562753142
-0.003219301617433311
-0.003210381312372919
-0.003201429405188751
-0.003192445651008062
-0.003183429802440302
-0.00317438160955601
-0.003165300819852952
-0.003156187178197508
-0.00314704042681684
-0.003137860305266565
-0.003128646550360129
-0.003119398896163353
-0.003110117073944194
-0.003100800812133796
-0.003091449836308043
-0.003082063869112714
-0.003072642630252966
-0.003063185836437443
-0.00305369320134654
-0.003044164435585796
-0.003034599246629148
-0.003024997338816138
-0.003015358413257021
-0.003005682167823737
-0.002995968297090436
-0.002986216492289105
-0.002976426441255086
-0.002966597828402419
-0.002956730334659874
-0.002946823637391368
-0.002936877410403228
-0.002926891323854019
-0.002916865044223588
-0.002906798234227137
-0.002896690552794586
-0.002886541655013309
-0.00287635119204035
-0.002866118811096986
-0.00285584415533981
-0.002845526863889351
-0.002835166571687055
-0.002824762909491151
-0.002814315503785359
-0.002803823976729174
-0.002793287946082485
-0.002782707025149316
-0.002772080822705264
-0.002761408942935769
-0.002750690985352774
-0.002739926544743775
-0.002729115211744104
-0.002718256569558674
-0.002707350200153833
-0.002696395678063519
-0.002685392573279819
-0.002674340450635603
-0.002663238869685092
-0.00265208738462975
-0.002640885544241674
-0.002629632891786572
-0.002618328964918959
-0.002606973295600906
-0.002595565410019637
-0.002584104828481727
-0.002572591065345487
-0.002561023628896332
-0.002549402021255711
-0.002537725738307449
-0.002525994269567899
-0.002514207098099917
-0.0025023637003944
-0.002490463546281869
-0.002478506098810762
-0.002466490814131595
-0.002454417141405443
-0.002442284522674153
-0.002430092392734616
-0.002417840179032788
-0.00240552730154429
-0.00239315317263555
-0.002380717196942622
-0.002368218771241285
-0.002355657284317797
-0.002343032116836743
-0.002330342641187327
-0.002317588221365885
-0.002304768212796318
-0.002291881962240211
-0.00227892880758161
-0.002265908077728472
-0.002252819092425942
-0.002239661162105462
-0.002226433587713706
-0.002213135660574232
-0.002199766662190555
-0.002186325864083055
-0.002172812527600163
-0.002159225903763322
-0.002145565233067828
-0.002131829745289406
-0.00211801865929509
-0.002104131182857248
-0.002090166512434532
-0.002076123832989228
-0.002062002317756717
-0.002047801128037078
-0.002033519412987796
-0.002019156309393655
-0.002004710941417969
-0.001990182420407201
-0.001975569844616809
-0.001960872298989089
-0.001946088854896144
-0.001931218569866002
-0.001916260487372215
-0.001901213636506695
-0.00188607703174563
-0.001870849672640106
-0.001855530543574124
-0.001840118613428557
-0.00182461283531265
-0.001809012146217062
-0.001793315466760007
-0.001777521700807833
-0.001761629735190603
-0.001745638439331001
-0.001729546664944197
-0.001713353245632405
-0.001697056996564658
-0.001680656714088298
-0.00166415117535949
-0.001647539137960706
-0.00163081933949294
-0.001613990497160982
-0.001597051307405525
-0.001580000445392854
-0.001562836564664682
-0.001545558296650238
-0.001528164250197852
-0.00151065301114142
-0.001493023141762759
-0.001475273180356864
-0.001457401640697104
-0.001439407011531765
-0.001421287756016091
-0.001403042311215352
-0.001384669087512797
-0.001366166468051246
-0.001347532808150283
-0.001328766434671344
-0.001309865645429148
-0.001290828708567871
-0.001271653861873214
-0.001252339312131503
-0.001232883234423061
-0.00121328377144746
-0.001193539032753972
-0.001173647094066014
-0.001153605996467419
-0.00113341374562599
-0.001113068311013236
-0.001092567625061549
-0.001071909582335637
-0.001051092038624556
-0.001030112810109755
-0.001008969672376914
-0.0009876603595433278
-0.000966182563217744
-0.0009445339315599841
-0.0009227120682390655
-0.0009007145313794608
-0.0008785388324626889
-0.0008561824352499125
-0.0008336427546176191
-0.0008109171553801627
-0.0007880029510946812
-0.0007648974028004562
-0.0007415977177476375
-0.0007181010481053423
-0.0006944044895394606
-0.0006705050799183298
-0.000646399797785979
-0.0006220855609426301
-0.0005975592249162554
-0.0005728175813931916
-0.0005478573566000526
-0.0005226752096789663
-0.0004972677309386738
-0.0004716314401439917
-0.0004457627846727198
-0.0004196581376758875
-0.0003933137961277733
-0.0003667259788868822
-0.0003398908246454238
-0.0003128043898209063
-0.0002854626463967194
-0.0002578614797231898
-0.0002299966861610179
-0.000201863970775503
-0.0001734589448686699
-0.0001447771234614251
-0.0001158139227016497
-8.656465719637666e-05
-5.7024537252742e-05
-2.718866603006751e-05
2.947963381542615e-06
3.339047100651841e-05
6.414409309267281e-05
9.521418532807725e-05
0.000126606226158787
0.0001583258202331392
0.0001903787019196506
0.0002227707389517702
0.0002555079362211942
0.0002885964396167539
0.000322042540077578
0.0003558526777095632
0.0003900334460500766
0.0004245915964887839
0.0004595340428088068
0.0004948678658868591
0.0005306003185349822
0.0005667388305130934
0.0006032910136758319
0.0006402646673272915
0.0006776677836999891
0.0007155085536424825
0.0007537953724895629
0.0007925368460933594
0.0008317417970796384
0.0008714192712868415
0.0009115785444221741
0.0009522291288900039
0.0009933807809096003
0.001035043507794693
0.001077227575458389
0.001119943516221446
0.001163202136786989
0.001207014526489841
0.001251392065807916
0.001296346435121048
0.001341889623737876
0.00138803393917035
0.001434792016717402
0.001482176829288971
0.001530201697539829
0.001578880300256615
0.001628226685073618
0.001678255279411956
0.001728980901792462
0.001780418773353323
0.001832584529697251
0.001885494233040131
0.001939164384580489
0.001993611937187137
0.002048854308341268
0.002104909393327552
0.002161795578645357
0.002219531755680848
0.002278137334547558
0.002337632258114327
0.002398037016177574
0.002459372659758355
0.00252166081546173
0.002584923699880995
0.002649184133954805
0.00271446555726811
0.002780792042167214
0.002848188307686416
0.002916679733116941
0.002986292371158698
0.003057052960525877
0.003128988937955466
0.003202128449214199
0.003276500359367748
0.003352134261669739
0.003429060485154236
0.003507310100665984
0.003586914924850353
0.003667907522158296
0.003750321204170199
0.003834190026213384
0.003919548780530262
0.004006432985878156
0.004094878872737124
0.004184923363864608
0.004276604049338878
0.004369959155526296
0.004465027507239593
0.004561848482167409
0.004660461956758717
0.00476090824245926
0.004863228011350276
0.00496746220982292
0.00507365195909662
0.005181838441213483
0.005292062768761288
0.005404365837007807
0.005518788156289266
0.005635369663160868
0.005754149507871073
0.005875165816459952
0.00599845542480698
0.006124053582714476
0.006251993625181466
0.006382306608818025
0.00651502091063967
0.006650161786881013
0.006787750889486906
0.006927805738038103
0.007070339145109454
0.007215358593467857
0.007362865563866476
0.007512854812817145
0.007665313600536992
0.007820220870108753
0.007977546380007822
0.008137249793628938
0.008299279730932977
0.008463572789111922
0.008630052541577081
0.008798628526475231
0.008969195238964471
0.009141631144101657
0.009315797730120628
0.009491538624991924
0.009668678802251791
0.009847023902795115
0.01002635971987682
0.0102064518296411
0.01038704549400777
0.01056786577177019
0.01074861793757784
0.01092898821739714
0.0111086448731236
0.01128723965949428
0.01146440966900668
0.01163977957159392
0.01181296424439647
0.01198357177450318
0.01215120680429081
0.01231547417417157
0.01247598280403181
0.01263234974131025
0.01278420429214271
0.01293119214281324
0.01307297937501998
0.01320925627182564
0.01333974105326198
0.01346418157934261
0.0135823614921987
0.01369409762052707
0.01379924499043128
0.01389769630390674
0.01398938242480237
0.01407427202019726
0.01415237061574695
0.01422371911691567
0.01428839185594815
0.01434649423755844
0.01439816006246866
0.01444354861088603
0.01448284156792386
0.01451623986953716
0.01454396054138294
0.01456623359526264
0.01458329903881241
0.01459540404358445
0.01460280030769847
0.0146057416379698
0.01460448176364194
0.01459927242341312
0.01459036163498816
0.0145779922837048
0.01456240089038958
0.01454381661797801
0.01452246047874551
0.01449854472746445
0.01447227242240478
0.01444383713539208
0.01441342279243021
0.01438120362755489
0.01434734423288616
0.014311999689397
0.01427531576439627
0.01423742916253099
0.01419846781914895
0.01415855122581991
0.01411779077904827
0.01407629014485798
0.01403414563244015
0.01399144657187376
0.01394827569076497
0.01390470948669239
0.01386081859206672
0.01381666812924949
0.01377231805401449
0.01372782348601283
0.01368323502537883
0.01363859905471571
0.01359395802627641
0.01354935073402437
0.01350481257092076
0.01346037577135416
0.01341606963932116
0.01337192076259475
0.01332795321346907
0.01328418873668504
0.01324064692485621
0.0131973453823413
0.01315429987796516
0.01311152448709892
0.01306903172398597
0.01302683266464597
0.0129849370609694
0.01294335344671528
0.01290208923572403
0.0128611508129586
0.01282054361881763
0.01278027222726429
0.01274034041808709
0.01270075124365505
0.01266150709079718
0.01262260973787944
0.01258406040753571
0.01254585981548227
0.01250800821543206
0.01247050544063346
0.01243335094224124
0.01239654382457231
0.01236008287774295
0.01232396660770513
0.01228819326391162
0.01225276086480339
0.0122176672213514
0.01218290995858221
0.01214848653555241
0.012114394263607
0.01208063032325901
0.01204719177955935
0.01201407559639514
0.0119812786495418
0.01194879773858141
0.01191662959795539
0.01188477090696997
0.01185321829909292
0.01182196837038423
0.01179101768720126
0.01176036279329312
0.01173000021625015
0.01169992647335461
0.0116701380770403
0.01164063153965922
0.01161140337801198
0.01158245011735711
0.01155376829500563
0.01152535446372578
0.0114972051946611
0.01146931708003236
0.01144168673555541
0.01141431080260569
0.01138718595015395
0.01136030887650894
0.01133367631077541
0.01130728501428949
0.01128113178173999
0.01125521344220034
0.01122952686004511
0.01120406893566337
0.01117883660616088
0.01115382684585449
0.01112903666669565
0.01110446311866821
0.01108010328998751
0.01105595430733401
0.01103201333595163
0.01100827757969739
0.01098474428104329
0.0109614107210269
0.01093827421915663
0.01091533213321967
0.01089258185917512
0.01087002083084287
0.01084764651974068
0.01082545643472858
0.01080344812177436
0.01078161916354409
0.01075996717914771
0.01073848982367926
0.01071718478791297
0.01069604979785442
0.01067508261436492
0.01065428103271117
0.01063364288218043
0.01061316602560156
0.01059284835893996
0.01057268781082604
0.01055268234211172
0.01053282994545444
0.01051312864478333
0.01049357649494918
0.01047417158112936
0.01045491201852836
0.01043579595179892
0.01041682155465432
0.01039798702941579
0.01037929060648857
0.01036073054402521
0.01034230512740614
0.01032401266884105
0.01030585150686611
0.0102878200060224
0.01026991655634312
0.0102521395729195
0.01023448749556714
0.01021695878834367
0.01019955193914973
0.01018226545936387
0.01016509788337356
0.01014804776828689
0.01013111369342435
0.01011429426005327
0.01009758809091397
0.01008099382992726
0.01006451014177564
0.01004813571157714
0.01003186924451997
0.01001570946552877
0.009999655118861011
0.009983704967895569
0.009967857794653225
0.009952112399601972
0.009936467601234863
0.009920922235825556
0.009905475157097915
0.009890125235896932
0.0098748713599402
0.009859712433469467
0.00984464737700105
0.009829675127052127
0.009814794635810118
0.009800004870919986
0.009785304815172735
0.009770693466272712
0.009756169836572518
0.009741732952762512
0.009727381855747947
0.009713115600268111
0.009698933254757489
0.009684833901065254
0.009670816634207761
0.009656880562176761
0.009643024805716823
0.009629248498067988
0.00961555078482451
0.00960193082361015
0.009588387784003633
0.009574920847240122
0.009561529206048591
0.009548212064463581
0.009534968637610962
0.009521798151531799
0.009508699843033095
0.009495672959418656
0.009482716758404678
0.009469830507899801
0.009457013485820898
0.009444264979984702
0.009431584287881463
0.009418970716536265
0.009406423582357633
0.009393942210978227
0.009381525937094303
0.009369174104337
0.009356886065082129
0.00934466118035852
0.009332498819699331
0.009320398360932285
0.009308359190162867
0.009296380701522576
0.009284462297120009
0.009272603390405577
0.009260803387856842
0.009249061726452235
0.009237377834650392
0.009225751152391794
0.009214181126871213
0.009202667212349717
0.009191208870091852
0.009179805568204892
0.009168456781609359
0.009157161991842086
0.009145920686978143
0.009134732361597026
0.009123596516570411
0.009112512659066159
0.00910148030235855
0.009090498965816303
0.009079568174736416
0.009068687460311236
0.009057856359489802
0.009047074414935626
0.009036341174858888
0.009025656193072645
0.009015019028754272
0.009004429246444491
0.008993886415971434
0.008983390112339822
0.008972939915629856
0.008962535411029288
0.008952176188607046
0.00894186184335714
0.008931591975067342
0.008921366178844856
0.008911184101359389
0.008901045301434511
0.008890949444048639
0.008880896095388138
0.008870884957943612
0.008860915611732651
0.008850987705579691
0.008841100879478857
0.008831254777554358
0.008821449048014674
0.008811683343115061
0.008801957319060569
0.008792270635978412
0.008782622957822251
0.008773013952375902
0.008763443291136847
0.008753910649334293
0.008744415705791471
0.008734958142941699
0.008725537646756321
0.008716153906668746
0.008706806615573895
0.008697495469754294
0.008688220168799178
0.008678980415622841
0.008669775916395395
0.008660606380467756
0.008651471520347577
0.008642371051669904
0.008633304693134164
0.008624272166482323
0.00861527319641618
0.00860630751061546
0.008597374839638024
0.008588474916928542
0.00857960747875924
0.008570772264174457
0.008561969014988326
0.0085531974757234
0.008544457393585897
0.008535748518407719
0.008527070602630648
0.008518423401305788
0.008509806671965275
0.008501220174679398
0.0084926636719949
0.008484136928871901
0.008475639712705738
0.008467171793221725
0.008458732942525349
0.008450322935064793
0.008441941547481069
0.008433588558743059
0.008425263750023365
0.008416966904685026
0.008408697808233116
0.00840045624837389
0.008392242014872471
0.008384054899582744
0.008375894696438945
0.008367761201402779
0.008359654212404149
0.00835157352939009
0.008343518954274268
0.008335490290854687
0.008327487344879264
0.008319509923925371
0.008311557837501671
0.00830363089690022
0.008295728915221134
0.008287851707365079
0.008279999090030001
0.008272170881619799
0.008264366906292732
0.008256586973949527
0.008248830919952594
0.008241098565567383
0.008233389737634619
0.008225704264603366
0.008218041976526064
0.008210402704985922
0.008202786283245842
0.008195192546013162
0.008187621329526565
0.008180072471569181
0.008172545811405182
0.008165041189748696
0.008157558448775349
0.008150097432110613
0.008142657984776555
0.008135239953223277
0.008127843185245424
0.008120467530049191
0.008113112838175406
0.008105778961472711
0.008098465753175991
0.008091173067771467
0.008083900761056381
0.008076648690089571
0.008069416713212646
0.008062204689998612
0.008055012481243224
0.008047839948976376
0.008040686956441882
0.008033553368015469
0.008026439049319014
0.008019343867106479
0.00801226768926936
0.00800521038483816
0.007998171823995667
0.007991151877978182
0.007984150419193176
0.007977167321083911
0.007970202458157376
0.007963255706017009
0.007956326941294629
0.007949416041675011
0.007942522885831272
0.007935647353508221
0.007928789325403234
0.007921948683226824
0.007915125309661614
0.007908319088387055
0.007901529904015318
0.007894757642085271
0.007888002189134671
0.007881263432584133
0.007874541260784643
0.007867835562992434
0.007861146229372836
0.00785447315095278
0.007847816219694966
0.007841175328339469
0.007834550370569428
0.007827941240878759
0.007821347834615831
0.007814770047952155
0.007808207777886404
0.00780166092224659
0.007795129379626244
0.007788613049454675
0.007782111831939997
0.007775625628065546
0.007769154339575236
0.007762697869007994
0.007756256119649475
0.007749828995504106
0.007743416401332491
0.007737018242651147
0.007730634425688115
0.007724264857348234
0.007717909445315136
0.007711568097926744
0.00770524072422835
0.007698927233948328
0.007692627537502814
0.007686341545987536
0.007680069171164296
0.007673810325427358
0.007667564921853303
0.007661332874156282
0.00765511409669339
0.00764890850444058
0.00764271601302061
0.007636536538658345
0.007630369998216004
0.007624216305181437
0.007618075389552427
0.00761194715796449
0.007605831533707703
0.007599728436594769
0.007593637787024043
0.007587559505975053
0.007581493515004478
0.007575439736198892
0.007569398092217171
0.007563368506266795
0.007557350902122064
0.007551345204035484
0.007545351336847914
0.007539369225907601
0.007533398797111389
0.007527439976827126
0.007521492691942733
0.007515556869912537
0.007509632438624949
0.00750371932649611
0.007497817462434411
0.00749192677583424
0.007486047196561671
0.007480178654979804
0.00747432108191418
0.00746847440866681
0.007462638566997056
0.007456813489117092
0.00745099910772566
0.00744519535594647
0.007439402167343715
0.007433619475961738
0.00742784721622425
0.007422085323049477
0.007416333731747702
0.007410592378088603
0.007404861198221284
0.00739914012874235
0.007393429106645144
0.007387728069365732
0.007382036954694263
0.007376355700869372
0.007370684246512814
0.007365022530635191
0.007359370492626361
0.007353728072298806
0.007348095209827602
0.007342471845775108
0.007336857921052592
0.007331253376982002
0.007325658155233752
0.007320072197860089
0.007314495447258766
0.007308927846187667
0.007303369337774846
0.007297819865492034
0.007292279373157486
0.007286747804934907
0.007281225105355665
0.00727571121926001
0.007270206091813001
0.007264709668556748
0.007259221895359855
0.007253742718370401
0.007248272084100242
0.007242809939387775
0.007237356231344879
0.007231910907469638
0.007226473915501358
0.00722104520353908
0.007215624719965189
0.007210212413472783
0.00720480823305342
0.007199412127995574
0.007194024047898135
0.007188643942637572
0.007183271762386942
0.007177907457598393
0.007172550979033404
0.007167202277692367
0.007161861304922942
0.007156528012278241
0.007151202351630976
0.007145884275117496
0.007140573735148172
0.007135270684372287
0.007129975075750926
0.007124686862464292
0.007119405997996593
0.00711413243604818
0.00710886613059982
0.007103607035882
0.007098355106374866
0.007093110296810085
0.007087872562160826
0.007082641857652955
0.007077418138750072
0.007072201361135132
0.007066991480786919
0.007061788453864688
0.00705659223677714
0.007051402786178255
0.007046220058941156
0.007041044012164805
0.007035874603175755
0.007030711789530828
0.007025555529003953
0.007020405779582768
0.007015262499497132
0.007010125647152618
0.007004995181182784
0.006999871060487382
0.006994753244088807
0.006989641691266335
0.006984536361507863
0.006979437214494984
0.006974344210116193
0.006969257308455027
0.006964176469810613
0.00695910165464507
0.006954032823650626
0.006948969937718439
0.006943912957891447
0.006938861845444752
0.006933816561816675
0.006928777068644164
0.006923743327748874
0.00691871530112168
0.006913692950978388
0.006908676239662058
0.006903665129730958
0.006898659583900259
0.006893659565070986
0.006888665036337494
0.006883675960924223
0.006878692302254208
0.006873714023940453
0.006868741089710331
0.006863773463507135
0.006858811109420493
0.006853853991688606
0.006848902074751923
0.006843955323163261
0.006839013701685529
0.00683407717518936
0.006829145708760695
0.006824219267575102
0.006819297817006436
0.006814381322579026
0.006809469749952413
0.006804563064937583
0.006799661233509481
0.006794764221779001
0.006789871996000444
0.006784984522581534
0.006780101768069929
0.006775223699147119
0.00677035028265353
0.006765481485548471
0.006760617274941963
0.006755757618095918
0.006750902482372989
0.006746051835292304
0.006741205644500993
0.006736363877797862
0.00673152650307121
0.006726693488383859
0.006721864801896274
0.006717040411921652
0.006712220286873019
0.006707404395281246
0.006702592705854761
0.006697785187386182
0.006692981808791407
0.006688182539101861
0.006683387347491311
0.00667859620321739
0.006673809075706123
0.006669025934452762
0.0066642467490808
0.006659471489345404
0.006654700125106848
0.006649932626306029
0.006645168963044642
0.006640409105513221
0.00663565302400898
0.00663090068891308
0.006626152070778699
0.006621407140191135
0.006616665867896766
0.006611928224712332
0.006607194181575872
0.006602463709516261
0.006597736779668704
0.006593013363285638
0.006588293431679032
0.00658357695629159
0.006578863908644237
0.006574154260378908
0.006569447983206331
0.006564745048945616
0.00656004542950783
0.006555349096895821
0.006550656023211483
0.006545966180629609
0.006541279541417027
0.006536596077973834
0.006531915762722091
0.00652723856821892
0.0065225644670731
0.006517893432008424
0.00651322543583549
0.006508560451424191
0.006503898451734769
0.006499239409824014
0.00649458329881073
0.006489930091916728
0.006485279762421899
0.006480632283695063
0.006475987629189611
0.006471345772426063
0.006466706687005291
0.006462070346601031
0.006457436724960226
0.006452805795925314
0.00644817753337314
0.006443551911280243
0.006438928903709337
0.006434308484750497
0.006429690628604805
0.006425075309517122
0.006420462501811451
0.006415852179878712
0.006411244318186556
0.006406638891254132
0.006402035873660257
0.006397435240078931
0.006392836965217597
0.006388241023869375
0.006383647390864452
0.006379056041144125
0.006374466949641197
0.006369880091413045
0.006365295441530979
0.006360712975160655
0.006356132667494571
0.006351554493821529
0.00634697842945633
0.006342404449774104
0.006337832530208237
0.006333262646260535
0.006328694773467498
0.006324128887442049
0.006319564963824359
0.006315002978330904
0.006310442906708125
0.006305884724766416
0.006301328408370709
0.006296773933412421
0.00629222127587541
0.006287670411752798
0.006283121317098191
0.006278573968002048
0.006274028340636556
0.006269484411172681
0.006264942155863896
0.00626040155098876
0.006255862572870211
0.006251325197872457
0.006246789402442189
0.006242255163007967
0.006237722456068518
0.006233191258155283
0.006228661545865379
0.006224133295804768
0.006219606484638289
0.006215081089059712
0.006210557085792109
0.00620603445161816
0.006201513163337916
0.006196993197802265
0.006192474531878258
0.006187957142485881
0.00618344100656975
0.006178926101114303
0.006174412403129648
0.006169899889674232
0.006165388537811538
0.006160878324658782
0.006156369227353445
0.006151861223801212
0.006147354288909008
0.006142848402298334
0.006138343540384088
0.006133839680469949
0.006129336799855807
0.006124834875876178
0.006120333885900567
0.006115833807316951
0.006111334617559893
0.006106836294048228
0.006102338814239975
0.006097842155639426
0.006093346295750595
0.006088851212108493
0.00608435688225201
0.00607986328377315
0.006075370394250776
0.006070878191316309
0.006066386652584042
0.006061895755728943
0.006057405478404658
0.0060529157983004
0.006048426693130736
0.006043938140607379
0.006039450118488244
0.006034962604506408
0.006030475576441176
0.006025989012063447
0.006021502889190872
0.006017017185615674
0.006012531879166424
0.00600804694768956
0.006003562369018503
0.005999078121012498
0.005994594181544939
0.005990110528489097
0.005985627139744437
0.005981143993199723
0.005976661066761819
0.005972178338353528
0.005967695785877529
0.005963213387278428
0.005958731120488678
0.005954248963445231
0.005949766894089002
0.005945284890374923
0.005940802930264144
0.005936320991704867
0.005931839052662669
0.005927357091108003
0.005922875084987287
0.005918393012294429
0.005913910850979131
0.005909428579020247
0.005904946174379574
0.00590046361502887
0.005895980878934189
0.005891497944066155
0.005887014788383406
0.005882531389849875
0.005878047726427325
0.005873563776050581
0.005869079516704908
0.005864594926298842
0.005860109982783464
0.005855624664099153
0.005851138948174427
0.005846652812912185
0.005842166236246452
0.005837679194535768
0.005833191671104927
0.005828703637189835
0.00582421507360205
0.005819725958137754
0.005815236268614494
0.005810745982859757
0.00580625496612793
0.005801763646411906
0.005797271326242641
0.005792778433611413
0.005788284833783705
0.00578379050454907
0.005779295423701555
0.005774799569021502
0.005770302915412072
0.005765805447032776
0.005761307136284261
0.005756807962322762
0.005752307902811832
0.005747806935379774
0.005743305037637421
0.005738802187180314
0.005734298361573725
0.005729793538385481
0.00572528769511433
0.00572078080929283
0.005716272858410124
0.00571176381990404
0.005707253671229683
0.005702742389799766
0.005698229952995407
0.005693716338182807
0.005689201522709664
0.005684685483870642
0.005680168198956552
0.005675649645228343
0.00567112979990568
0.005666608640189059
0.005662086143258421
0.005657562286231584
0.005653037046234189
0.0056485104003437
0.005643982325612265
0.005639452799035628
0.005634921797606669
0.005630389298265489
0.005625855277943366
0.005621319713501726
0.005616782581786646
0.005612243859617385
0.005607703523761444
0.005603161550952846
0.00559861791787827
0.005594072601213765
0.005589525577568161
0.005584976823538288
0.005580426315652197
0.005575874030400317
0.005571319944273625
0.005566764033667793
0.005562206274958962
0.005557646644492831
0.005553085118540106
0.005548521673359934
0.005543956285142035
0.005539388930058545
0.005534819584191606
0.00553024822361661
0.005525674824368795
0.005521099362378092
0.005516521813578406
0.005511942153843696
0.005507360358988456
0.005502776404768241
0.005498190266921182
0.005493601921100866
0.005489011342914696
0.005484418507929439
0.005479823391661857
0.005475225969545574
0.005470626216968909
0.005466024109292134
0.005461419621794324
0.005456812729693438
0.005452203408170891
0.005447591632323875
0.005442977377207711
0.005438360618597637
0.005433741329156238
0.005429119485952947
0.005424495063068194
0.005419868035264836
0.005415238377208778
0.005410606063523119
0.005405971068759455
0.005401333367412779
0.00539669293388984
0.005392049742553514
0.005387403767679663
0.005382754983497099
0.005378103364143572
0.005373448883698955
0.005368791516175864
0.00536413123549973
0.005359468015542873
0.005354801830096048
0.005350132652869441
0.005345460457507383
0.005340785217593664
0.005336106906588658
0.005331425497926516
0.005326740964944957
0.005322053280888265
0.005317362418951805
0.00531266835221688
0.00530797105372186
0.005303270496389998
0.00529856665307643
0.005293859496557247
0.005289148999516598
0.005284435134560144
0.005279717874192515
0.005274997190863785
0.005270273056893949
0.005265545444559754
0.005260814326005033
0.005256079673318957
0.005251341458474976
0.00524659965337848
0.005241854229819855
0.005237105159509089
0.005232352414063455
0.005227595964988192
0.005222835783706089
0.005218071841542312
0.005213304109738396
0.005208532559394339
0.005203757161562159
0.005198977887147169
0.00519419470698846
0.005189407591798406
0.005184616512194521
0.005179821438702102
0.005175022341721017
0.005170219191550792
0.00516541195839028
0.00516060061231821
0.005155785123319752
0.005150965461261657
0.005146141595889059
0.005141313496844514
0.005136481133661398
0.00513164447575735
0.005126803492419546
0.005121958152847261
0.005117108426071832
0.005112254281068933
0.005107395686663995
0.005102532611537743
0.005097665024291577
0.005092792893382346
0.005087916187146427
0.005083034873789236
0.005078148921393308
0.0050732582979234
0.005068362971199717
0.005063462908925825
0.005058558078669918
0.005053648447851214
0.005048733983793077
0.005043814653657079
0.005038890424466441
0.00503396126311786
0.005029027136371277
0.005024088010859708
0.005019143853033444
0.005014194629250094
0.005009240305682106
0.005004280848393843
0.004999316223289088
0.004994346396117073
0.004989371332480144
0.004984390997855854
0.004979405357548775
0.004974414376703303
0.004969418020329236
0.004964416253276403
0.004959409040240103
0.004954396345754789
0.004949378134194991
0.004944354369781345
0.004939325016566022
0.004934290038445978
0.004929249399143552
0.00492420306223431
0.004919150991107052
0.004914093148979506
0.004909029498926894
0.004903960003816511
0.004898884626386798
0.004893803329147218
0.004888716074484916
0.004883622824572198
0.004878523541416256
0.004873418186836529
0.004868306722493861
0.004863189109831179
0.004858065310125239
0.004852935284458124
0.004847798993749445
0.004842656398698388
0.004837507459807027
0.004832352137412541
0.004827190391632234
0.004822022182415463
0.004816847469466834
0.004811666212340736
0.004806478370365411
0.004801283902656651
0.004796082768136254
0.004790874925514849
0.004785660333309691
0.004780438949802499
0.004775210733078294
0.004769975640992584
0.004764733631200689
0.004759484661133908
0.004754228687997383
0.004748965668783621
0.004743695560250029
0.004738418318938262
0.004733133901155425
0.00472784226297927
0.004722543360257966
0.004717237148599313
0.00471192358338252
0.004706602619746337
0.004701274212580119
0.004695938316553773
0.004690594886052516
0.004685243875275222
0.004679885238100544
0.00467451892819968
0.004669144899001685
0.00466376310364614
0.004658373495031966
0.004652976025779527
0.004647570648286096
0.004642157314651962
0.004636735976715048
0.004631306586047111
0.004625869093949986
0.004620423451454837
0.004614969609307929
0.0046095075179712
0.004604037127638311
0.004598558388230004
0.004593071249335813
0.004587575660308729
0.004582071570159334
0.004576558927658864
0.004571037681243035
0.004565507779043419
0.004559969168910848
0.004554421798393511
0.004548865614710367
0.004543300564785788
0.00453772659522904
0.004532143652312441
0.004526551682034486
0.00452095063002195
0.004515340441608381
0.004509721061788273
0.004504092435234709
0.004498454506263738
0.004492807218879452
0.004487150516738819
0.00448148434315427
0.004475808641083187
0.004470123353157018
0.004464428421619692
0.004458723788395946
0.00445300939503475
0.004447285182715545
0.004441551092266785
0.004435807064131949
0.00443005303840866
0.004424288954792944
0.00441851475260626
0.004412730370788686
0.004406935747915353
0.004401130822136242
0.004395315531233884
0.004389489812585519
0.004383653603162266
0.004377806839538079
0.00437194945785988
0.004366081393910818
0.004360202583000723
0.004354312960055236
0.004348412459559241
0.00434250101557889
0.00433657856174564
0.004330645031255318
0.004324700356875277
0.004318744470890356
0.004312777305183258
0.004306798791161338
0.004300808859768834
0.004294807441507626
0.004288794466412535
0.004282769864018067
0.004276733563423429
0.004270685493220184
0.004264625581526845
0.004258553755984966
0.004252469943722019
0.004246374071380664
0.004240266065097508
0.004234145850499915
0.004228013352701562
0.004221868496307419
0.004215711205393723
0.004209541403503466
0.004203359013652362
0.004197163958332546
0.004190956159468036
0.004184735538441628
0.004178502016099723
0.004172255512697276
0.004165995947957573
0.004159723241013453
0.004153437310431286
0.004147138074186012
0.004140825449674868
0.004134499353693161
0.004128159702441318
0.004121806411516434
0.004115439395900898
0.00410905856995786
0.004102663847436246
0.004096255141437872
0.004089832364453296
0.004083395428310608
0.004076944244180119
0.004070478722611262
0.00406399877345014
0.004057504305915746
0.004050995228515862
0.004044471449084912
0.004037932874779686
0.004031379412047174
0.004024810966632889
0.004018227443576336
0.004011628747203221
0.004005014781091919
0.003998385448100647
0.003991740650349584
0.00398508028921888
0.003978404265293209
0.003971712478436385
0.00396500482772466
0.003958281211445825
0.003951541527102504
0.003944785671407093
0.003938013540263803
0.003931225028742752
0.003924420031141022
0.003917598440869404
0.003910760150527688
0.003903905051862909
0.003897033035759316
0.003890143992240416
0.003883237810442597
0.003876314378634656
0.003869373584168432
0.003862415313504821
0.003855439452180461
0.003848445884813413
0.003841434495094794
0.003834405165756654
0.003827357778571047
0.003820292214366416
0.003813208352979526
0.00380610607325832
0.003798985253066006
0.00379184576923681
0.003784687497614878
0.003777510312975632
0.003770314089082715
0.003763098698633015
0.00375586401326084
0.003748609903509445
0.003741336238859261
0.003734042887667064
0.003726729717169842
0.003719396593501992
0.003712043381640853
0.003704669945413738
0.003697276147487363
0.00368986184934183
0.003682426911266383
0.003674971192363172
0.003667494550468046
0.003659996842242213
0.003652477923061226
0.003644937647038771
0.003637375867029042
0.003629792434585174
0.003622187199948366
0.003614560012054497
0.003606910718485528
0.003599239165477438
0.003591545197894874
0.003583828659229481
0.003576089391553144
0.003568327235523257
0.003560542030384946
0.003552733613917021
0.003544901822410498
0.003537046490706764
0.003529167452120141
0.003521264538455525
0.003513337579954058
0.003505386405336016
0.003497410841714009
0.003489410714618058
0.003481385847954824
0.003473336064002879
0.0034652611833784
0.003457161025035789
0.003449035406218792
0.003440884142461659
0.003432707047562978
0.003424503933548698
0.003416274610675372
0.003408018887398884
0.003399736570357366
0.003391427464311216
0.003383091372165221
0.003374728094950396
0.003366337431752309
0.003357919179715964
0.00334947313403361
0.003340999087902575
0.003332496832482908
0.003323966156926161
0.00331540684828254
0.00330681869152827
0.003298201469500361
0.003289554962908619
0.003280878950266322
0.003272173207890971
0.003263437509858145
0.00325467162799127
0.003245875331816655
0.003237048388530357
0.003228190562998049
0.003219301617675052
0.003210381312620476
0.003201429405437202
0.003192445651255513
0.003183429802691934
0.003174381609810474
0.003165300820103144
0.003156187178449053
0.00314704042707681
0.003137860305521951
0.003128646550618105
0.00311939889641398
0.003110117074200933
0.003100800812391516
0.003091449836566893
0.003082063869375732
0.003072642630518533
0.0030631858367016
0.003053693201613984
0.003044164433052949
0.003034599249077412
0.003024997339680259
0.003015358413574576
0.003005682168703708
0.002995968299716028
0.002986216489579656
0.002976426441536503
0.002966597828685931
0.002956730334939923
0.002946823637670484
0.002936877410685987
0.002926891324144897
0.002916865044512142
0.002906798234516856
0.002896690553085927
0.002886541655310253
0.002876351192341533
0.002866118811397822
0.00285584415564736
0.002845526864194601
0.002835166571998629
0.002824762909809371
0.002814315504106613
0.002803823977052566
0.002793287946411873
0.002782707025483676
0.002772080823046312
0.002761408943279025
0.002750690985703806
0.002739926545099051
0.002729115211453094
0.002718256569859024
0.002707350200454152
0.002696395678359649
0.002685392573583241
0.002674340450937516
0.002663238869980991
0.002652087384928491
0.002640885544543445
0.002629632892086411
0.002618328965223661
0.002606973295895425
0.002595565410310217
0.002584104828779507
0.002572591065638005
0.002561023629182883
0.002549402021540578
0.002537725738590057
0.002525994269846653
0.002514207098374124
0.002502363700662053
0.002490463546540985
0.002478506099064109
0.002466490814375472
0.002454417141644929
0.002442284522902686
0.002430092392952968
0.002417840179245802
0.00240552730174497
0.002393153172817822
0.002380717198806378
0.002368218771583342
0.002355657284664949
0.002343032117191502
0.00233034264153723
0.002317588221716009
0.00230476821315437
0.002291881962597511
0.002278928807942773
0.002265908078095146
0.002252819092788839
0.002239661162465981
0.002226433588079693
0.002213135660951117
0.002199766662565346
0.002186325864452054
0.002172812527977177
0.002159225904144521
0.002145565233451786
0.002131829745669681
0.002118018659682622
0.002104131183242725
0.002090166512824595
0.002076123833383155
0.002062002318147424
0.00204780112843123
0.002033519413388424
0.002019156309790959
0.002004710941824119
0.001990182420812894
0.001975569845024772
0.001960872299402647
0.001946088855304875
0.001931218570286769
0.001916260487787811
0.00190121363692437
0.001886077032158871
0.001870849673064805
0.001855530544008482
0.001840118613862413
0.001824612835741297
0.001809012146659459
0.001793315467200263
0.001777521701249085
0.001761629735637412
0.001745638439781464
0.00172954666539623
0.001713353246084872
0.001697056997017108
0.001680656714542575
0.001664151175826901
0.001647539138427596
0.001630819339955547
0.001613990497635731
0.001597051307871515
0.001580000445869608
0.001562836565145749
0.001545558297135616
0.001528164250689218
0.001510653011627038
0.001493023142252847
0.001475273180852011
0.001457401641198132
0.001439407012028679
0.001421287756523147
0.001403042311725497
0.001384669088025894
0.001366166468576255
0.001347532808668808
0.001328766435187661
0.001309865645956885
0.001290828709099755
0.0012716538624096
0.001252339312668341
0.001232883234973084
0.001213283771984501
0.001193539033304474
0.001173647094623232
0.001153605997028817
0.001133413746192489
0.001113068311579477
0.001092567625636735
0.001071909582910931
0.001051092039207454
0.001030112810690666
0.001008969672968651
0.0009876603601394847
0.0009661825638150961
0.000944533932166005
0.0009227120688438633
0.0009007145319948561
0.000878538833083847
0.0008561824358734081
0.0008336427552474543
0.0008109171560154106
0.0007880029517353788
0.0007648974034484665
0.000741597718399413
0.0007181010487620799
0.000694404490204715
0.0006705050805848023
0.0006463997984539043
0.0006220855616176379
0.0005975592256034427
0.0005728175820808668
0.0005478573572992476
0.0005226752103759526
0.000497267731648824
0.0004716314408623737
0.0004457627854017134
0.0004196581383979518
0.0003933137968600226
0.0003667259796303122
0.0003398908253924842
0.0003128043905777575
0.0002854626471644498
0.000257861480494804
0.0002299966869403636
0.0002018639715652471
0.0001734589456675955
0.0001447771242637209
0.0001158139235086903
8.656465801225744e-05
5.702453807695726e-05
2.718866686520416e-05
-2.947962538849946e-06
-3.339047015940349e-05
-6.414409223271921e-05
-9.521418445639432e-05
-0.0001266062252800759
-0.0001583258193467024
-0.000190378701023427
-0.0002227707380473235
-0.0002555079353017114
-0.0002885964386868454
-0.0003220425391431627
-0.000355852676761846
-0.0003900334450914842
-0.0004245915955218738
-0.0004595340418289654
-0.0004948678648975533
-0.0005306003175351392
-0.0005667388294967909
-0.0006032910126524777
-0.0006402646662949664
-0.000677667782653415
-0.0007155085525817149
-0.0007537953714177284
-0.000792536845007671
-0.000831741795981169
-0.0008714192701727436
-0.0009115785432945223
-0.0009522291277531372
-0.000993380779756481
-0.001035043506627043
-0.001077227574274317
-0.001119943515029789
-0.001163202135574053
-0.001207014525259122
-0.001251392064558264
-0.001296346433861025
-0.001341889622458697
-0.001388033937878715
-0.001434792015407312
-0.001482176827959115
-0.001530201696192909
-0.001578880298895378
-0.001628226683690275
-0.001678255278010347
-0.001728980900367179
-0.001780418771905763
-0.001832584528235872
-0.001885494231558889
-0.00193916438307438
-0.001993611935655329
-0.002048854306795981
-0.00210490939175383
-0.002161795577052443
-0.002219531754066596
-0.002278137332906477
-0.00233763225645361
-0.002398037014481695
-0.002459372658039105
-0.002521660813718149
-0.0025849236981158
-0.00264918413216071
-0.002714465555439591
-0.002780792040310023
-0.002848188305800736
-0.002916679731195426
-0.002986292369209457
-0.003057052958551078
-0.003128988935939786
-0.003202128447169624
-0.003276500357286703
-0.003352134259545736
-0.003429060483004805
-0.003507310098471012
-0.003586914922623236
-0.003667907519883637
-0.003750321201864058
-0.003834190023862296
-0.003919548778142061
-0.004006432983440434
-0.004094878870256743
-0.004184923361333597
-0.004276604046759392
-0.004369959152907685
-0.004465027504569587
-0.004561848479453552
-0.004660461953991286
-0.004760908239640901
-0.004863228008478242
-0.004967462206899982
-0.005073651956127266
-0.005181838438177248
-0.005292062765672558
-0.005404365833853259
-0.00551878815307984
-0.00563536965987993
-0.005754149504536299
-0.005875165813071268
-0.005998455421351482
-0.006124053579190848
-0.00625199362159304
-0.006382306605159293
-0.006515020906916968
-0.006650161783091675
-0.006787750885625763
-0.006927805734106936
-0.00707033914110125
-0.00721535858939903
-0.007362865559730761
-0.007512854808603573
-0.00766531359626313
-0.007820220865771657
-0.007977546375601252
-0.00813724978915043
-0.008299279726393612
-0.008463572784518213
-0.008630052536931231
-0.008798628521760714
-0.008969195234194104
-0.009141631139291445
-0.009315797725252732
-0.009491538620075316
-0.00966867879356423
-0.009847023901585081
-0.01002635971488084
-0.01020645182462779
-0.0103870454889874
-0.01056786576673682
-0.01074861793255009
-0.01092898821238609
-0.01110864486814689
-0.01128723965454968
-0.01146440966411023
-0.0116397795667632
-0.01181296423961916
-0.01198357176979371
-0.01215120679969382
-0.01231547416965777
-0.01247598279966813
-0.01263234973754078
-0.01278420428754949
-0.01293119213889239
-0.01307297937133041
-0.01320925626924313
-0.01333974155655011
0
