0.001095656453202035
0.001094199817524196
0.00109230697838371
0.001089970983842021
0.001087185875350397
0.001083946636531328
0.001080249137313524
0.001076090073811242
0.001071466904755528
0.001066377784996895
0.001060821496905588
0.001054797380166995
0.00104830526101763
0.001041345381310168
0.001033918328366338
0.001026024966218771
0.00101766636888932
0.001008843756413182
0.0009995584341720401
0.0009898117360242176
0.0009796049717731457
0.0009689393793248248
0.0009578160820321194
0.0009462360512264316
0.0009342000744255071
0.0009217087291661305
0.0009087623625708711
0.0008953610766477657
0.0008815047191990701
0.0008671928802693545
0.000852424893805648
0.000837199844386927
0.0008215165786658414
0.0008053737211657164
0.0007887696940451216
0.0007717027404575529
0.0007541709510719046
0.0007361722932210154
0.0007177046423192633
0.0006987658151187464
0.0006793536041837401
0.0006594658133159481
0.0006391002934420693
0.0006182549784904262
0.0005969279209749306
0.0005751173268246706
0.0005528215891618888
0.0005300393207571651
0.0005067693847854099
0.0004830109237512542
0.0004587633862690324
0.0004340265515670755
0.0004088005515917688
0.0003830858904848751
0.0003568834614950658
0.0003301945611073323
0.0003030209004449263
0.0002753646139395409
0.0002472282652474841
0.0002186148504031522
0.000189527798382343
0.0001599709690380856
0.0001299486485314494
9.94655423732704e-05
6.85267661602448e-05
3.713783410816494e-05
5.304645628875262e-06
-2.696653013892734e-05
-5.96690714651368e-05
-9.279602284988954e-05
-0.0001263401153250325
-0.0001602937881125558
-0.000194649211467111
-0.0002293983105741502
-0.0002645327904097841
-0.0003000441613527655
-0.0003359237654561769
-0.0003721628032316944
-0.0004087523608381763
-0.0004456834375862377
-0.0004829469735364283
-0.0005205338772276673
-0.0005584350533212028
-0.0005966414301083632
-0.0006351439868385973
-0.000673933780646941
-0.0007130019731889899
-0.0007523398567284437
-0.000791938879769952
-0.0008317906720627733
-0.0008718870689647801
-0.0009122201351235999
-0.0009527821874223026
-0.0009935658171649105
-0.001034563911419705
-0.001075769673555767
-0.001117176642882728
-0.001158778713452317
-0.001200570151925818
-0.001242545614507092
-0.00128470016302448
-0.001327029279968485
-0.001369528882715358
-0.001412195336690988
-0.001455025467716177
-0.001498016573319385
-0.001541166433178732
-0.001584473318646674
-0.001627936001301541
-0.001671553760693933
-0.001715326391141691
-0.001759254207638415
-0.001803338050967607
-0.001847579291922967
-0.001891979834694517
-0.001936542119500948
-0.001981269124330187
-0.002026164365980136
-0.002071231900336111
-0.002116476321814743
-0.002161902762193675
-0.002207516888620269
-0.002253324900995415
-0.002299333528628526
-0.002345550026235706
-0.002391982169278666
-0.002438638248615835
-0.002485527064569494
-0.002532657920316356
-0.002580040614668298
-0.002627685434239695
-0.00267560314496264
-0.002723804983042846
-0.002772302645236925
-0.002821108278558977
-0.00287023446931712
-0.002919694231591818
-0.002969500994967293
-0.003019668591729959
-0.003070211243288424
-0.003121143546014182
-0.003172480456281105
-0.003224237274849116
-0.003276429630475944
-0.003329073462726055
-0.003382185004009162
-0.003435780760724231
-0.003489877493555517
-0.003544492196826632
-0.00359964207688648
-0.003655344529460919
-0.003711617115956074
-0.003768477538616298
-0.003825943614491147
-0.003884033248179876
-0.003942764403207377
-0.004002155072090405
-0.004062223244850562
-0.00412298687608666
-0.004184463850338371
-0.004246671945831093
-0.004309628796350784
-0.004373351851309619
-0.004437858333796262
-0.004503165196557269
-0.004569289075815763
-0.004636246242868108
-0.004704052553191689
-0.004772723393220135
-0.004842273624415904
-0.00491271752475443
-0.004984068727345543
-0.00505634015622692
-0.005129543959112662
-0.005203691437131158
-0.005278792971303129
-0.005354857945836625
-0.00543189466804055
-0.005509910284857279
-0.00558891069593719
-0.005668900463194376
-0.005749882716865577
-0.005831859058029088
-0.005914829457581791
-0.005998792151733164
-0.006083743534119278
-0.006169678044521
-0.006256588054452688
-0.00634446374962606
-0.006433293009689144
-0.00652306128526551
-0.006613751472815373
-0.006705343787482903
-0.006797815634476324
-0.006891141479378464
-0.006985292717942557
-0.007080237546025853
-0.00717594083025894
-0.007272363980272539
-0.007369464823328179
-0.007467197482222077
-0.007565512257552743
-0.007664355515300128
-0.007763669581083763
-0.007863392642236126
-0.007963458659012566
-0.00806379728649096
-0.008164333808507864
-0.008264989085273115
-0.008365679516239169
-0.008466317019958093
-0.008566809032440384
-0.008667058525938267
-0.008766964049665871
-0.008866419794240108
-0.008965315681439323
-0.009063537480800523
-0.009160966954622931
-0.009257482032558179
-0.009352957017079114
-0.009447262820827576
-0.009540267236508557
-0.009631835239913008
-0.009721829326388407
-0.009810109880471001
-0.009896535578526293
-0.009980963823338934
-0.01006325120974224
-0.01014325401949018
-0.01022082874347754
-0.01029583262887169
-0.01036812424828616
-0.01043756408764209
-0.01050401514918932
-0.01056734356545067
-0.01062741921978132
-0.01068411636874676
-0.01073731426131573
-0.01078689774975605
-0.01083275788670029
-0.01087479250311472
-0.01091290676168088
-0.01094701368013925
-0.01097703461953706
-0.01100289973230956
-0.0110245483655418
-0.01104192941518011
-0.01105500162732258
-0.01106373384339291
-0.0110681051864302
-0.01106810518643019
-0.01106373384339291
-0.01105500162732258
-0.01104192941518012
-0.0110245483655418
-0.01100289973230956
-0.01097703461953706
-0.01094701368013924
-0.01091290676168088
-0.01087479250311473
-0.01083275788670029
-0.01078689774975604
-0.01073731426131574
-0.01068411636874676
-0.01062741921978132
-0.01056734356545067
-0.01050401514918931
-0.01043756408764209
-0.01036812424828617
-0.0102958326288717
-0.01022082874347754
-0.01014325401949018
-0.01006325120974224
-0.009980963823338945
-0.009896535578526299
-0.009810109880471003
-0.009721829326388414
-0.009631835239913008
-0.009540267236508561
-0.009447262820827574
-0.009352957017079118
-0.009257482032558178
-0.009160966954622929
-0.009063537480800526
-0.008965315681439323
-0.008866419794240117
-0.008766964049665881
-0.008667058525938267
-0.008566809032440385
-0.008466317019958099
-0.008365679516239163
-0.008264989085273119
-0.008164333808507862
-0.008063797286490966
-0.00796345865901257
-0.007863392642236129
-0.007763669581083767
-0.007664355515300128
-0.007565512257552743
-0.007467197482222063
-0.007369464823328176
-0.007272363980272535
-0.00717594083025893
-0.007080237546025844
-0.006985292717942562
-0.006891141479378468
-0.006797815634476326
-0.006705343787482904
-0.006613751472815382
-0.006523061285265506
-0.006433293009689137
-0.006344463749626056
-0.006256588054452693
-0.006169678044520999
-0.006083743534119285
-0.005998792151733157
-0.005914829457581778
-0.005831859058029087
-0.005749882716865573
-0.005668900463194366
-0.005588910695937185
-0.005509910284857263
-0.005431894668040548
-0.005354857945836627
-0.00527879297130312
-0.005203691437131163
-0.005129543959112657
-0.005056340156226923
-0.004984068727345537
-0.004912717524754427
-0.004842273624415918
-0.004772723393220133
-0.004704052553191683
-0.004636246242868095
-0.00456928907581576
-0.004503165196557286
-0.004437858333796266
-0.004373351851309623
-0.004309628796350787
-0.004246671945831094
-0.004184463850338367
-0.00412298687608665
-0.004062223244850565
-0.004002155072090398
-0.003942764403207373
-0.003884033248179872
-0.003825943614491156
-0.00376847753861628
-0.003711617115956077
-0.003655344529460913
-0.003599642076886473
-0.003544492196826631
-0.003489877493555509
-0.003435780760724231
-0.003382185004009161
-0.003329073462726059
-0.003276429630475947
-0.003224237274849128
-0.003172480456281105
-0.00312114354601419
-0.003070211243288432
-0.003019668591729958
-0.002969500994967308
-0.002919694231591824
-0.002870234469317112
-0.002821108278558975
-0.002772302645236919
-0.002723804983042832
-0.002675603144962632
-0.002627685434239697
-0.002580040614668289
-0.002532657920316355
-0.002485527064569487
-0.002438638248615828
-0.002391982169278653
-0.002345550026235697
-0.002299333528628524
-0.002253324900995412
-0.00220751688862026
-0.002161902762193661
-0.002116476321814745
-0.002071231900336098
-0.002026164365980125
-0.001981269124330181
-0.00193654211950094
-0.001891979834694506
-0.001847579291922963
-0.001803338050967589
-0.0017592542076384
-0.001715326391141683
-0.001671553760693926
-0.001627936001301542
-0.001584473318646659
-0.001541166433178725
-0.001498016573319368
-0.001455025467716171
-0.001412195336690961
-0.001369528882715335
-0.001327029279968489
-0.001284700163024483
-0.001242545614507082
-0.001200570151925806
-0.001158778713452312
-0.001117176642882719
-0.001075769673555748
-0.001034563911419688
-0.0009935658171649148
-0.0009527821874222913
-0.0009122201351235877
-0.0008718870689647619
-0.0008317906720627698
-0.0007919388797699503
-0.0007523398567284281
-0.0007130019731889856
-0.0006739337806469375
-0.0006351439868385765
-0.0005966414301083363
-0.0005584350533212037
-0.0005205338772276448
-0.0004829469735364153
-0.0004456834375862343
-0.0004087523608381745
-0.0003721628032316892
-0.0003359237654561604
-0.0003000441613527673
-0.000264532790409765
-0.0002293983105741389
-0.000194649211467105
-0.000160293788112542
-0.0001263401153250177
-9.279602284987219e-05
-5.966907146512119e-05
-2.696653013890913e-05
5.304645628885667e-06
3.713783410818662e-05
6.852676616025868e-05
9.946554237327647e-05
0.0001299486485314633
0.0001599709690381056
0.0001895277983823542
0.0002186148504031565
0.0002472282652474928
0.0002753646139395608
0.000303020900444948
0.0003301945611073557
0.0003568834614950805
0.0003830858904848751
0.0004088005515917826
0.0004340265515670972
0.0004587633862690507
0.0004830109237512628
0.0005067693847854359
0.0005300393207571773
0.000552821589161907
0.0005751173268246966
0.0005969279209749436
0.0006182549784904436
0.0006391002934420884
0.0006594658133159655
0.000679353604183754
0.0006987658151187525
0.0007177046423192755
0.0007361722932210241
0.000754170951071908
0.0007717027404575538
0.0007887696940451503
0.0008053737211657242
0.0008215165786658457
0.0008371998443869235
0.0008524248938056511
0.0008671928802693575
0.0008815047191990544
0.000895361076647774
0.0009087623625708809
0.0009217087291661305
0.0009342000744254975
0.0009462360512264324
0.0009578160820321166
0.0009689393793248227
0.0009796049717731459
0.0009898117360242289
0.0009995584341720553
0.001008843756413181
0.001017666368889331
0.001026024966218784
0.001033918328366348
0.00104134538131018
0.00104830526101763
0.001054797380166992
0.001060821496905585
0.001066377784996902
0.001071466904755534
0.001076090073811238
0.001080249137313539
0.001083946636531333
0.001087185875350402
0.001089970983842028
0.001092306978383706
0.001094199817524186
0.001095656453202043
0.001096684876680317
0.001097294158740918
0.001097494483790883
0.001097297177554079
0.001096714727928993
0.001095760799082467
0.001094450238371764
0.001092799076240395
0.001090824519023743
0.001088544934671305
0.001085979831641688
0.001083149831037022
0.001080076632242971
0.001076782972417187
0.001073292580035503
0.001069630122909931
0.001065821151051269
0.001061892034750866
0.001057869898364758
0.00105378255015131
0.001049658408708587
0.001045526426399652
0.00104141601027559
0.001037356940849239
0.001033379289421065
0.001029513334085397
0.001025789475186863
0.001022238150410218
0.001018889750138773
0.001015774533300643
0.001012922544346072
0.001010363531481782
0.001008126866705229
0.001006241468005502
0.001004735723883574
0.001003637420751843
0.001002973673195154
0.001002770857733608
0.001003054549947681
0.001003849465436442
0.001005179404688013
0.001007067202029323
0.001009534678816577
0.001012602600964029
0.001016290640838898
0.001020617343656836
0.001025600098357032
0.001031255112905088
0.001037597394142597
0.001044640731963125
0.001052397687859774
0.001060879587727008
0.001070096518735065
0.001080057330255468
0.001090769638616911
0.00110223983552797
0.001114473100051606
0.001127473413849215
0.001141243579613709
0.001155785242351575
0.001171098913479553
0.001187183997308133
0.001204038819965594
0.001221660660186396
0.001240045782200625
0.001259189470038191
0.001279086063439642
0.001299728994897654
0.001321110827768821
0.001343223295212489
0.001366057339763453
0.001389603153410729
0.001413850217927081
0.001438787345396316
0.001464402718661962
0.001490683931682074
0.001517618029560946
0.001545191548185826
0.00157339055326443
0.001602200678907863
0.001631607165305995
0.001661594895654901
0.001692148432270791
0.001723252051658705
0.001754889778600681
0.001787045419234618
0.001819702592927208
0.001852844763117017
0.001886455266946947
0.001920517343658668
0.001955014161888226
0.001989928845677003
0.002025244499307001
0.002060944230852472
0.002097011174636254
0.002133428512400751
0.00217017949331351
0.002207247452807771
0.002244615830303927
0.00228226818574076
0.002320188215085912
0.002358359764703388
0.002396766844699626
0.002435393641299723
0.002474224528173777
0.002513244076831459
0.002552437066154726
0.002591788490961437
0.002631283569794201
0.002670907751862807
0.002710646723226113
0.002750486412184919
0.002790412994040813
0.002830412895113556
0.002870472796163486
0.002910579635159492
0.002950720609529191
0.002990883177821996
0.003031055060864595
0.003071224242456636
0.003111378969591305
0.003151507752245388
0.003191599362838616
0.003231642835208816
0.003271627463329959
0.003311542799718389
0.003351378653479292
0.003391125088088544
0.003430772419024166
0.003470311211037002
0.003509732275274299
0.003549026666213578
0.003588185678440147
0.003627200843214364
0.003666063924933586
0.003704766917504509
0.003743302040532592
0.003781661735496768
0.003819838661739559
0.003857825692580224
0.003895615911056527
0.003933202605985
0.003970579267700473
0.004007739583902283
0.004044677435451652
0.004081386892193639
0.004117862208690309
0.00415409782006149
0.004190088337777638
0.004225828545493002
0.004261313394859628
0.004296538001460165
0.00433149764067099
0.00436618774365033
0.004400603893330465
0.004434741820405955
0.004468597399472123
0.004502166645182249
0.004535445708363471
0.004568430872352043
0.00460111854925999
0.004633505276360698
0.004665587712509367
0.004697362634667284
0.004728826934438434
0.004759977614714277
0.004790811786371324
0.004821326665011149
0.004851519567842672
0.004881387910495834
0.004910929204078064
0.004940141052155989
0.004969021147845507
0.004997567271035118
0.005025777285570913
0.005053649136584138
0.005081180847863167
0.005108370519267849
0.00513521632425075
0.005161716507397576
0.005187869382103465
0.00521367332818888
0.005239126789715924
0.005264228272807363
0.005288976343432155
0.005313369625435309
0.005337406798503364
0.005361086596157682
0.005384407803940171
0.005407369257530071
0.005429969840925684
0.005452208484799254
0.005474084164707705
0.00549559589954222
0.005516742749922832
0.005537523816655401
0.005557938239238177
0.005577985194468038
0.005597663894978583
0.005616973587978303
0.005635913553850559
0.005654483104980062
0.005672681584456231
0.005690508364958687
0.005707962847554126
0.005725044460663026
0.005741752658915382
0.00575808692219368
0.005774046754606414
0.005789631683546663
0.005804841258727415
0.005819675051362442
0.005834132653251244
0.005848213675976637
0.005861917750115552
0.005875244524441385
0.005888193665241415
0.005900764855568679
0.005912957794565783
0.005924772196858759
0.0059362077918542
0.00594726432320656
0.005957941548213525
0.005968239237281998
0.005978157173393299
0.005987695151591773
0.005996852978527823
0.006005630471996808
0.00601402746048493
0.006022043782795587
0.006029679287612825
0.0060369338331771
0.006043807286885477
0.006050299525008216
0.006056410432360064
0.006062139901987006
0.006067487834910141
0.006072454139907128
0.006077038733208842
0.006081241538334368
0.00608506248586222
0.006088501513259632
0.006091558564722804
0.006094233590998783
0.00609652654930623
0.006098437403160212
0.006099966122322721
0.006101112682686757
0.006101877066262075
0.00610225926102669
0.006102259261026688
0.006101877066262081
0.006101112682686758
0.00609996612232272
0.006098437403160209
0.006096526549306234
0.006094233590998781
0.006091558564722808
0.00608850151325963
0.006085062485862208
0.006081241538334364
0.006077038733208838
0.006072454139907125
0.006067487834910149
0.006062139901986997
0.006056410432360058
0.006050299525008213
0.006043807286885471
0.0060369338331771
0.006029679287612824
0.006022043782795583
0.006014027460484933
0.006005630471996804
0.005996852978527821
0.005987695151591768
0.0059781571733933
0.005968239237281994
0.005957941548213524
0.005947264323206559
0.005936207791854199
0.005924772196858759
0.005912957794565779
0.005900764855568673
0.005888193665241411
0.00587524452444139
0.005861917750115546
0.005848213675976635
0.005834132653251241
0.005819675051362438
0.005804841258727412
0.005789631683546661
0.005774046754606408
0.005758086922193667
0.005741752658915369
0.005725044460663018
0.005707962847554126
0.005690508364958681
0.005672681584456228
0.005654483104980051
0.005635913553850555
0.005616973587978297
0.005597663894978573
0.005577985194468029
0.005557938239238163
0.005537523816655402
0.005516742749922822
0.005495595899542219
0.005474084164707703
0.005452208484799253
0.005429969840925681
0.005407369257530067
0.005384407803940175
0.005361086596157676
0.005337406798503352
0.005313369625435307
0.005288976343432153
0.005264228272807347
0.005239126789715911
0.005213673328188873
0.005187869382103463
0.005161716507397569
0.005135216324250741
0.005108370519267844
0.005081180847863165
0.005053649136584137
0.005025777285570895
0.004997567271035117
0.004969021147845506
0.004940141052155975
0.00491092920407805
0.004881387910495827
0.004851519567842672
0.004821326665011142
0.00479081178637131
0.004759977614714261
0.004728826934438437
0.004697362634667271
0.004665587712509353
0.004633505276360685
0.004601118549259978
0.004568430872352027
0.00453544570836346
0.004502166645182243
0.004468597399472112
0.00443474182040595
0.004400603893330453
0.004366187743650326
0.004331497640670974
0.004296538001460162
0.004261313394859618
0.004225828545492995
0.004190088337777627
0.004154097820061482
0.004117862208690303
0.004081386892193639
0.004044677435451632
0.004007739583902261
0.003970579267700459
0.003933202605985002
0.003895615911056508
0.003857825692580213
0.003819838661739548
0.003781661735496766
0.003743302040532576
0.003704766917504499
0.003666063924933576
0.00362720084321436
0.003588185678440134
0.003549026666213576
0.003509732275274289
0.003470311211036992
0.003430772419024168
0.003391125088088539
0.003351378653479281
0.003311542799718385
0.003271627463329954
0.003231642835208816
0.003191599362838609
0.003151507752245389
0.003111378969591293
0.003071224242456632
0.003031055060864607
0.002990883177821973
0.002950720609529187
0.002910579635159477
0.002870472796163489
0.002830412895113542
0.002790412994040811
0.002750486412184904
0.002710646723226105
0.002670907751862795
0.002631283569794195
0.002591788490961424
0.002552437066154721
0.002513244076831459
0.002474224528173777
0.002435393641299709
0.002396766844699623
0.002358359764703381
0.002320188215085897
0.002282268185740744
0.002244615830303927
0.002207247452807761
0.002170179493313508
0.002133428512400742
0.002097011174636247
0.002060944230852468
0.002025244499306987
0.001989928845676989
0.00195501416188822
0.001920517343658658
0.001886455266946953
0.00185284476311702
0.001819702592927202
0.001787045419234609
0.001754889778600654
0.00172325205165867
0.001692148432270782
0.001661594895654898
0.001631607165305988
0.001602200678907861
0.001573390553264418
0.001545191548185827
0.00151761802956094
0.001490683931682061
0.001464402718661951
0.001438787345396321
0.001413850217927073
0.001389603153410717
0.001366057339763459
0.001343223295212483
0.001321110827768796
0.001299728994897653
0.001279086063439632
0.001259189470038171
0.001240045782200615
0.001221660660186379
0.001204038819965583
0.001187183997308133
0.001171098913479537
0.001155785242351579
0.001141243579613696
0.001127473413849205
0.001114473100051592
0.001102239835527955
0.001090769638616896
0.001080057330255446
0.001070096518735032
0.001060879587726995
0.00105239768785975
0.001044640731963134
0.001037597394142587
0.001031255112905069
0.001025600098357023
0.001020617343656802
0.001016290640838886
0.001012602600964014
0.001009534678816565
0.001007067202029306
0.001005179404687999
0.001003849465436422
0.001003054549947683
0.001002770857733584
0.00100297367319515
0.001003637420751844
0.001004735723883579
0.001006241468005486
0.001008126866705203
0.001010363531481774
0.001012922544346062
0.001015774533300643
0.001018889750138765
0.001022238150410203
0.001025789475186864
0.001029513334085372
0.00103337928942107
0.001037356940849229
0.001041416010275593
0.001045526426399663
0.001049658408708572
0.001053782550151301
0.001057869898364744
0.001061892034750857
0.001065821151051269
0.001069630122909936
0.001073292580035495
0.001076782972417193
0.001080076632242982
0.001083149831037016
0.0010859798316417
0.001088544934671295
0.001090824519023742
0.001092799076240382
0.001094450238371764
0.001095760799082464
0.001096714727928975
0.001097297177554074
0.001097494483790875
0.001097294158740919
0.001096684876680325
0
