0.001431417923621608
0.001397318640943046
0.001363222861325887
0.001329131657128514
0.001295046082106883
0.001260967170838714
0.001226895938193694
0.001192833378737313
0.001158780466189171
0.001124738152761448
0.001090707368618924
0.001056689021203682
0.001022683994610821
0.0009886931489394928
0.0009547173196124703
0.0009207573167040785
0.0008868139242151911
0.0008528878994026152
0.0008189799719746946
0.0007850908434199771
0.0007512211861788747
0.0007173716428837556
0.0006835428255467773
0.0006497353147435975
0.0006159496587635322
0.0005821863727705804
0.0005484459378927015
0.0005147288003376227
0.0004810353704737067
0.0004473660218731277
0.0004137210903645779
0.000380100873057029
0.0003465056272732197
0.0003129355695922465
0.0002793908747516956
0.0002458716745896074
0.0002123780569090186
0.0001789100644009149
0.0001454676934404418
0.0001120508929519431
7.865956316031398e-05
4.52935544150569e-05
1.195266585663672e-05
-2.136335580673124e-05
-5.465481761861421e-05
-8.792208175476771e-05
-0.0001211655668777111
-0.0001543857495434722
-0.0001875831656016206
-0.0002207584117058371
-0.0002539121468057388
-0.0002870450936251915
-0.0003201580402751195
-0.0003532518418047988
-0.0003863274218808639
-0.0004193857743742054
-0.0004524279651032118
-0.00048545513355075
-0.0005184684946240928
-0.0005514693404274418
-0.0005844590421594806
-0.0006174390518975464
-0.0006504109045868997
-0.0006833762199060028
-0.0007163367043106334
-0.000749294153022039
-0.0007822504520773651
-0.0008152075804352644
-0.0008481676121006373
-0.0008811327182836593
-0.0009141051696463902
-0.000947087338497123
-0.0009800817011112303
-0.001013090840046722
-0.001046117446488678
-0.001079164322682605
-0.001112234384335568
-0.001145330663130413
-0.001178456309201508
-0.001211614593713817
-0.001244808911443663
-0.001278042783388807
-0.001311319859440692
-0.001344643921098519
-0.001378018884130536
-0.001411448801406623
-0.001444937865663991
-0.001478490412330502
-0.001512110922347612
-0.001545804025088578
-0.001579574501286845
-0.00161342728587989
-0.001647367471048641
-0.001681400309124026
-0.001715531215644473
-0.001749765772294697
-0.001784109729978334
-0.001818569011794562
-0.001853149716127392
-0.001887858119624481
-0.001922700680293772
-0.001957684040480854
-0.001992815029928758
-0.002028100668749652
-0.002063548170456386
-0.002099164944899968
-0.002134958601210471
-0.00217093695069213
-0.002207108009700379
-0.002243480002414747
-0.002280061363634153
-0.002316860741411676
-0.002353886999734885
-0.002391149220970998
-0.002428656708388956
-0.002466418988463987
-0.002504445813102964
-0.002542747161742796
-0.002581333243321894
-0.002620214498145948
-0.002659401599470896
-0.00269890545501134
-0.002738737208271366
-0.002778908239582564
-0.002819430166970191
-0.002860314846793211
-0.002901574374047025
-0.002943221082496342
-0.002985267544394139
-0.003027726569953681
-0.003070611206425297
-0.00311393473679142
-0.003157710678143131
-0.003201952779490942
-0.003246675019231717
-0.003291891602068335
-0.003337616955417861
-0.003383865725273733
-0.003430652771417787
-0.003477993162085081
-0.003525902167878404
-0.003574395255017288
-0.003623488077749435
-0.003673196470079133
-0.003723536436467507
-0.003774524141794351
-0.003826175900207565
-0.003878508163031159
-0.003931537505557572
-0.003985280612716388
-0.004039754263480721
-0.004094975314037659
-0.004150960679569159
-0.004207727314634681
-0.004265292191987158
-0.00432367227985996
-0.004382884517563505
-0.004442945789238562
-0.004503872895870732
-0.004565682525284553
-0.00462839122007879
-0.004692015343440759
-0.004756571042701259
-0.004822074210507736
-0.004888540443553968
-0.004955984998711966
-0.005024422746477392
-0.005093868121607417
-0.005164335070830716
-0.005235836997537041
-0.005308386703300668
-0.005381996326161853
-0.005456677275510883
-0.005532440163519652
-0.005609294732956479
-0.005687249781374964
-0.005766313081492776
-0.005846491297733994
-0.005927789898897432
-0.006010213066769329
-0.006093763600833397
-0.006178442818853175
-0.006264250453483261
-0.006351184544851718
-0.00643924132913829
-0.006528415123325388
-0.006618698206120098
-0.00671008069528431
-0.006802550421467457
-0.006896092798907199
-0.006990690693103574
-0.007086324286001968
-0.007182970938889911
-0.007280605053606583
-0.007379197932490689
-0.007478717637737371
-0.007579128850761544
-0.007680392732380279
-0.007782466784593101
-0.007885304714891394
-0.007988856304134486
-0.00809306727905256
-0.008197879190520584
-0.008303229298991879
-0.00840905046834628
-0.008515271069647867
-0.008621814896329159
-0.008728601092445335
-0.008835544095592864
-0.008942553596299772
-0.00904953451567341
-0.009156387002955296
-0.009263006455057975
-0.009369283559680124
-0.009475104363877117
-0.009580350369844519
-0.009684898659513073
-0.009788622049560113
-0.009891389278242717
-0.009993065225260972
-0.01009351116575712
-0.01019258505924081
-0.01029014187396203
-0.01038603394698745
-0.01048011137993185
-0.01057222246976985
-0.01066221417401541
-0.01074993260889164
-0.01083522357888212
-0.01091793313538244
-0.01099790816200486
-0.01107499698336331
-0.01114904999382266
-0.01121992030236792
-0.01128746438910794
-0.01135154276878356
-0.01141202065618693
-0.01146876862811651
-0.01152166327636311
-0.01157058784596807
-0.01161543285296464
-0.01165609667575341
-0.01169248611449841
-0.01172451691284025
-0.01175211423672946
-0.0117752131053533
-0.01179375876958949
-0.0118077070339664
-0.01181702451860917
-0.01182168885823839
-0.01182168883611758
-0.01181702445135256
-0.01180770691888583
-0.01179375860208866
-0.01177521287878569
-0.01175211394215594
-0.01172451653871674
-0.01169248564629877
-0.01165609609548629
-0.01161543213857118
-0.01157058697062582
-0.01152166220762637
-0.01146876732693335
-0.01141201907572712
-0.01135154085305252
-0.01128746207135645
-0.0112199175032303
-0.01114904661918097
-0.01107499292186655
-0.01099790328224824
-0.01091792728264453
-0.01083521657144539
-0.01074992423382755
-0.01066220418242065
-0.0105722105714019
-0.0104800972371515
-0.01038601716797262
-0.01029012200510816
-0.0101925615767226
-0.01009348346610498
-0.009993032614966774
-0.009891350962273643
-0.009788577118698804
-0.009684846076496539
-0.009580288954212658
-0.00947503277543494
-0.00936920028053843
-0.009262909770197853
-0.00915627497922316
-0.009049404979182331
-0.008942404108173818
-0.008835371926002172
-0.008728403192976079
-0.008621587870517373
-0.00851501114179078
-0.008408753450551419
-0.008302890556395123
-0.008197493604809165
-0.008092629210192433
-0.007988359550429276
-0.007884742471354764
-0.007781831599754832
-0.007679676463533425
-0.007578322617760662
-0.0074778117754482
-0.007378181941992946
-0.007279467552241543
-0.007181699609295492
-0.007084905824288023
-0.006989110756274178
-0.006894335951731344
-0.006800600082938165
-0.006707919084817516
-0.006616306289721139
-0.006525772559893049
-0.00643632641709556
-0.006347974169295522
-0.006260720034094666
-0.00617456625872878
-0.006089513236526616
-0.006005559619671551
-0.00592270242824868
-0.005840937155479471
-0.005760257869162823
-0.005680657309305335
-0.005602126981984133
-0.005524657249446086
-0.005448237416545361
-0.00537285581356763
-0.005298499875491951
-0.005225156217842654
-0.005152810709148986
-0.00508144854019368
-0.005011054290070493
-0.004941611989239816
-0.004873105179642719
-0.00480551697198338
-0.004738830100326065
-0.004673026974100708
-0.004608089727591656
-0.004544000267098235
-0.004480740315784847
-0.004418291456399094
-0.004356635171902904
-0.004295752884164741
-0.004235625990756744
-0.004176235899994793
-0.004117564064292164
-0.004059592011894976
-0.004002301377106419
-0.003945673929063606
-0.003889691599145999
-0.003834336507080447
-0.00377959098579731
-0.003725437605137158
-0.003671859194415652
-0.003618838863941405
-0.003566360025517168
-0.003514406411972533
-0.00346296209577057
-0.003412011506758585
-0.003361539449019404
-0.003311531116975971
-0.003261972110647207
-0.003212848450197748
-0.003164146589721712
-0.00311585343031626
-0.003067956332478869
-0.003020443127795355
-0.002973302129969125
-0.002926522145195946
-0.002880092481867184
-0.002834002959638619
-0.002788243917842854
-0.002742806223235009
-0.002697681277138304
-0.002652861021872201
-0.002608337946549771
-0.002564105092209763
-0.00252015605625841
-0.002476484996215865
-0.002433086632758954
-0.002389956252066202
-0.002347089707407326
-0.002304483419983352
-0.002262134379025061
-0.00222004014108236
-0.002178198828508101
-0.002136609127160821
-0.002095270283209869
-0.00205418209913256
-0.00201334492878942
-0.001972759671631974
-0.001932427765966837
-0.001892351181311674
-0.001852532409762228
-0.00181297445640713
-0.001773680828753721
-0.001734655525133975
-0.00169590302211671
-0.001657428260844209
-0.001619236632383802
-0.00158133396197028
-0.001543726492244417
-0.001506420865363171
-0.001469424104122635
-0.001432743591939782
-0.001396387051828231
-0.00136036252430034
-0.00132467834422044
-0.001289343116637297
-0.001254365691614013
-0.001219755138043344
-0.001185520716549267
-0.001151671851408837
-0.001118218101618126
-0.001085169131087417
-0.001052534678065258
-0.001020324523773428
-0.0009885484603861473
-0.0009572162583663243
-0.0009263376332638365
-0.0008959222120302557
-0.0008659794989416738
-0.0008365188412439821
-0.0008075493945630396
-0.0007790800882416507
-0.0007511195906996638
-0.0007236762748864408
-0.0006967581840298391
-0.0006703729977395856
-0.0006445279986507209
-0.0006192300397092681
-0.0005944855122575329
-0.0005703003151077131
-0.0005466798246766495
-0.0005236288664086735
-0.0005011516876102834
-0.0004792519318680744
-0.0004579326151803289
-0.0004371961040141314
-0.000417044095387654
-0.0003974775991375961
-0.0003784969225694001
-0.0003601016575300446
-0.0003422906701479687
-0.0003250620932369885
-0.000308413321609847
-0.0002923410102371
-0.0002768410754713268
-0.0002619086993164261
-0.0002475383368046342
-0.0002337237264879129
-0.0002204579041149361
-0.0002077332193461314
-0.0001955413555726562
-0.0001838733527285402
-0.0001727196329744057
-0.000162070029190326
-0.0001519138160361165
-0.0001422397435341821
-0.0001330360728450372
-0.0001242906141159304
-0.0001159907660700738
-0.0001081235571549051
-0.0001006756879038788
-9.363357421956499e-05
-8.69833912821755e-05
-8.071111773874553e-05
-7.480257984378389e-05
-6.924349519657784e-05
-6.401951576995117e-05
-5.911626984755306e-05
-5.451940257012616e-05
-5.021461476445026e-05
-4.618769972202939e-05
-4.24245777040633e-05
-3.891132779507194e-05
-3.563421698551557e-05
-3.257972617117269e-05
-2.973457292024169e-05
-2.708573084758434e-05
-2.462044545548578e-05
-2.232624635927838e-05
-2.019095585059703e-05
-1.820269374193118e-05
-1.634987852771886e-05
-1.462122489336238e-05
-1.300573766258397e-05
-1.149270225460163e-05
-1.007167183573278e-05
-8.732451285038104e-06
-7.465078196669148e-06
-6.259801079198306e-06
-5.107055101107776e-06
-3.997435459338289e-06
-2.921668832580426e-06
-1.870583067747778e-06
-8.350754590756755e-07
1.939200685611097e-07
1.225466583129218e-06
2.268658204056619e-06
3.332654307911984e-06
4.42671352515636e-06
5.5602271796316e-06
6.742751863193135e-06
7.984040812703203e-06
9.294073736527703e-06
1.068308478721202e-05
1.21615884059313e-05
1.374040268224469e-05
1.543067000900648e-05
1.72438747651142e-05
1.919185772295299e-05
2.128682709178409e-05
2.354136587165477e-05
2.596843549607184e-05
2.858137551149491e-05
3.139389930475371e-05
3.442008577867438e-05
3.767436694349265e-05
4.117151147004557e-05
4.492660429948094e-05
4.895502226242611e-05
5.327240608032392e-05
5.789462866567265e-05
6.283776011642775e-05
6.81180295538375e-05
7.375178408963647e-05
7.975544524096382e-05
8.614546312489535e-05
9.293826868471671e-05
0.0001001502244379095
0.0001077975740215349
0.0001158963909529973
0.0001244625269786999
0.0001335115603737277
0.0001430587446103696
0.0001531189576958929
0.0001637066526377516
0.0001748358092234547
0.0001865198875921643
0.0001987717837425105
0.00021160378741067
0.0002250275423736556
0.0002390540095861442
0.0002536934331732665
0.0002689553095601756
0.0002848483597900856
0.0003013805051362934
0.0003185588461637953
0.000336389645112881
0.00035487831180454
0.0003740293929117523
0.0003938465646407107
0.0004143326286941227
0.0004354895115447205
0.0004573182667591694
0.0004798190804285009
0.000502991279409613
0.000526833342372756
0.0005513429133951614
0.0005765168179951595
0.0006023510814100594
0.0006288409489519841
0.0006559809082253686
0.0006837647131256383
0.0007121854092833578
0.0007412353609029297
0.0007709062787682186
0.0008011892492332199
0.0008320747640461592
0.000863552750823145
0.0008956126040513797
0.0009282432163952139
0.0009614330102883199
0.0009951699695226694
0.001029441670867376
0.001064235315400352
0.001099537759717957
0.001135335546616392
0.001171614935383816
0.001208361931515391
0.001245562315779988
0.001283201672599731
0.001321265417674906
0.001359738824759636
0.001398607051637995
0.001437855165139295
0.001477468165278102
0.001517431008407401
0.001557728629401589
0.001598345962894756
0.001639267963458541
0.001680479624846186
0.001721965998174539
0.001763712209193949
0.001805703474472278
0.001847925116702113
0.001890362578985523
0.001933001438211566
0.001975827417472058
0.002018826397631495
0.002061984427955444
0.00210528773596485
0.002148722736364104
0.00219227603926983
0.00223593445759056
0.002279685013695579
0.00232351494539337
0.00236741171116061
0.002411362994792829
0.002455356709358235
0.002499381000602967
0.002543424249776997
0.002587475075905735
0.002631522337578963
0.002675555134221871
0.002719562806966397
0.00276353493901833
0.00280746135569946
0.002851332124064461
0.002895137552162537
0.002938868188032909
0.002982514818307279
0.00302606846659257
0.003069520391578744
0.003112862084877527
0.00315608526868507
0.003199181893211092
0.003242144133906278
0.003284964388614052
0.003327635274414273
0.00337014962449961
0.003412500484829821
0.003454681110678016
0.003496684963144468
0.003538505705546056
0.003580137199743775
0.003621573502407507
0.003662808861255311
0.003703837711240717
0.003744654670696005
0.003785254537500832
0.003825632285185902
0.003865783059058434
0.003905702172366049
0.00394538510237867
0.003984827486590048
0.004024025118880064
0.004062973945681832
0.004101670062267256
0.00414010970895843
0.004178289267482512
0.004216205257273913
0.004253854331895355
0.004291233275466463
0.004328338999167683
0.004365168537760374
0.004401719046230272
0.004437987796376365
0.004473972173601628
0.004509669673625523
0.004545077899376992
0.004580194557843894
0.004615017457062663
0.004649544503138698
0.004683773697311345
0.00471770313313554
0.004751330993689789
0.00478465554882789
0.004817675152561784
0.004850388240439401
0.004882793327035685
0.004914889003462839
0.00494667393497746
0.004978146858647182
0.005009306581040137
0.005040151976048608
0.005070681982660125
0.005100895602933492
0.005130791899895677
0.005160369995575693
0.005189629069081997
0.005218568354690276
0.00524718714007545
0.005275484764513838
0.005303460617168312
0.005331114135401292
0.005358444803253746
0.005385452149740774
0.005412135747447413
0.005438495211028769
0.005464530195768353
0.005490240396226585
0.005515625544883234
0.005540685410862715
0.005565419798693964
0.005589828547096444
0.00561391152779284
0.005637668644428081
0.005661099831422938
0.005684205052965558
0.005706984301973099
0.005729437599125576
0.00575156499190697
0.005773366553672763
0.005794842382810234
0.005815992601857606
0.005836817356687871
0.005857316815728941
0.005877491169173609
0.005897340628292967
0.005916865424676325
0.005936065809596802
0.005954942053304881
0.005973494444453132
0.005991723289458271
0.006009628911899127
0.006027211652006296
0.006044471866070879
0.006061409925965556
0.006078026218616659
0.006094321145546657
0.00611029512239004
0.006125948578502767
0.006141281956465945
0.006156295711732375
0.00617099031224725
0.006185366238015464
0.006199423980795473
0.006213164043755658
0.006226586941124056
0.006239693197865276
0.006252483349434016
0.006264957941416131
0.006277117529323048
0.006288962678279266
0.00630049396280435
0.006311711966530836
0.006322617282034156
0.006333210510573619
0.006343492261905662
0.006353463154064972
0.006363123813201883
0.006372474873372495
0.006381516976405349
0.006390250771711521
0.006398676916134933
0.006406796073822916
0.00641460891604815
0.006422116121139658
0.006429318374287922
0.00643621636749019
0.00644281079939474
0.006449102375207082
0.006455091806592622
0.006460779811609058
0.006466167114556925
0.006471254445959738
0.006476042542416176
0.006480532146626562
0.006484724007228413
0.006488618878758814
0.006492217521626341
0.006495520702021114
0.006498529191861441
0.006501243768792661
0.006503665216048133
0.006505794322473762
0.006507631882541137
0.006509178696154119
0.006510435568758815
0.006511403311283832
0.006512082740039077
0.006512474676767185
0.006512579948602921
0.006512399388028802
0.006511933832879056
0.006511184126316243
0.006510151116812666
0.006508835658141279
0.006507238609363249
0.006505360834812339
0.006503203204109624
0.006500766592118661
0.006498051878961394
0.006495059950034106
0.006491791695947539
0.006488248012598116
0.006484429801088287
0.006480337967801492
0.006475973424342769
0.006471337087583841
0.006466429879631337
0.006461252727839033
0.006455806564848223
0.006450092328517783
0.006444110962016236
0.006437863413741147
0.006431350637388747
0.006424573591919416
0.006417533241609407
0.006410230555989492
0.006402666509923684
0.006394842083553004
0.006386758262361529
0.006378416037123341
0.00636981640395213
0.006360960364307238
0.006351848924977164
0.00634248309807798
0.006332863901104194
0.006322992356915452
0.006312869493721962
0.00630249634511751
0.00629187395006185
0.006281003352916573
0.006269885603428228
0.006258521756732631
0.006246912873371701
0.006235060019300667
0.006222964265878516
0.006210626689873638
0.006198048373472429
0.00618523040430423
0.006172173875395748
0.00615887988520316
0.006145349537626969
0.006131583941989974
0.00611758421302915
0.00610335147092995
0.00608888684131427
0.006074191455208439
0.006059266449096143
0.006044112964861514
0.006028732149833011
0.006013125156753374
0.005997293143759967
0.005981237274453093
0.005964958717799679
0.005948458648188056
0.005931738245392614
0.005914798694576751
0.005897641186303348
0.005880266916497928
0.005862677086436347
0.005844872902785864
0.005826855577522121
0.005808626327964125
0.005790186376773231
0.005771536951897431
0.005752679286592595
0.005733614619397525
0.005714344194091137
0.0056948692597605
0.005675191070678025
0.005655310886335953
0.005635229971470807
0.005614949595952464
0.005594471034840361
0.005573795568314017
0.005552924481700537
0.005531859065391227
0.005510600614896764
0.005489150430728154
0.005467509818455785
0.00544568008864629
0.00542366255682872
0.005401458543500319
0.005379069374046287
0.005356496378764765
0.005333740892816427
0.005310804256170564
0.005287687813590885
0.00526439291464908
0.005240920913587086
0.005217273169377383
0.005193451045638429
0.005169455910631077
0.005145289137150347
0.00512095210259006
0.005096446188853993
0.005071772782242429
0.005046933273537488
0.005021929057908723
0.004996761534811915
0.004971432108024591
0.004945942185568299
0.004920293179656442
0.004894486506651975
0.004868523587014268
0.004842405845258489
0.004816134709885193
0.004789711613351679
0.004763137991998305
0.004736415285993479
0.004709544939277641
0.004682528399529991
0.004655367118074393
0.004628062549835292
0.004600616153282305
0.004573029390359192
0.004545303726406549
0.004517440630122715
0.004489441573466021
0.004461308031624499
0.004433041482914948
0.004404643408714581
0.004376115293404519
0.004347458624276339
0.004318674891472561
0.004289765587894862
0.004260732209142652
0.004231576253412795
0.004202299221431301
0.004172902616357724
0.004143387943701216
0.004113756711254331
0.004084010428993214
0.004054150608949432
0.004024178765172513
0.003994096413605144
0.003963905071998273
0.003933606259820137
0.003903201498103877
0.003872692309429547
0.003842080217746758
0.003811366748323762
0.003780553427578855
0.003749641783019929
0.003718633343140622
0.003687529637229619
0.003656332195341588
0.003625042548127014
0.003593662226710574
0.003562192762605404
0.003530635687536371
0.003498992533336724
0.003467264831820993
0.003435454114626217
0.003403561913108019
0.003371589758163698
0.003339539180115971
0.003307411708562288
0.003275208872207382
0.003242932198739913
0.003210583214661125
0.003178163445109768
0.00314567441373758
0.003113117642511792
0.003080494651576561
0.003047806959055299
0.003015056080856511
0.002982243530580549
0.002949370819247298
0.002916439455125767
0.002883450943581934
0.002850406786848598
0.002817308483864504
0.002784157530013463
0.002750955416975829
0.002717703632471742
0.002684403660084206
0.002651056979004234
0.002617665063841701
0.002584229384350943
0.002550751405235294
0.002517232585880151
0.002483674380128186
0.002450078236027718
0.00241644559554455
0.002382777894344447
0.002349076561501576
0.002315343019223141
0.002281578682590677
0.002247784959250715
0.002213963249140805
0.002180114944183412
0.002146241427974656
0.002112344075489075
0.002078424252757366
0.002044483316526473
0.002010522613964345
0.001976543482257036
0.001942547248343329
0.001908535228461414
0.001874508727889447
0.001840469040500163
0.001806417448386752
0.001772355221533544
0.001738283617350242
0.001704203880300702
0.00167011724147739
0.00163602491817924
0.001601928113482284
0.001567828015773003
0.001533725798340179
0.001499622618853923
0.001465519618930533
-3.412548718550944e-05
-3.412253472888355e-05
-3.411848320223018e-05
-3.411336202301893e-05
-3.410721176572281e-05
-3.410004935880139e-05
-3.40918440835762e-05
-3.408267750975829e-05
-3.407253406372258e-05
-3.406144972375345e-05
-3.404946375687932e-05
-3.403657130548913e-05
-3.402280972770734e-05
-3.400819901152155e-05
-3.399274593365699e-05
-3.397652980766047e-05
-3.395952020769278e-05
-3.394176431877238e-05
-3.39233036695657e-05
-3.390414995463032e-05
-3.388433222657655e-05
-3.38638842600601e-05
-3.384285669618362e-05
-3.382124302354938e-05
-3.379911961971141e-05
-3.377648227360062e-05
-3.375338769478536e-05
-3.372986385517516e-05
-3.370594373648999e-05
-3.368166155451724e-05
-3.365708819417762e-05
-3.363220355373122e-05
-3.360709976306745e-05
-3.358180337633872e-05
-3.355634584900563e-05
-3.35307970212634e-05
-3.350515765032698e-05
-3.347950860970695e-05
-3.345387777822415e-05
-3.342831103620599e-05
-3.340291455207952e-05
-3.337764554808123e-05
-3.335263965485784e-05
-3.332789498421723e-05
-3.330349354648652e-05
-3.327947230647159e-05
-3.325589838076539e-05
-3.323283334747594e-05
-3.321033539997146e-05
-3.318846587603607e-05
-3.316729475010634e-05
-3.314688488233501e-05
-3.312728834353946e-05
-3.310856326455762e-05
-3.309083087197891e-05
-3.307410805057968e-05
-3.305847619198605e-05
-3.304403603106347e-05
-3.303086655850657e-05
-3.301899889108931e-05
-3.300856249288453e-05
-3.299962425772041e-05
-3.299225464369542e-05
-3.298654927127537e-05
-3.298259280239704e-05
-3.298047249569009e-05
-3.298029481523738e-05
-3.298217104103992e-05
-3.298613196780472e-05
-3.299231606624032e-05
-3.300083594267054e-05
-3.301178647774822e-05
-3.302525775087653e-05
-3.304138536066822e-05
-3.306023584763728e-05
-3.308196537298269e-05
-3.310664234984338e-05
-3.313444282751303e-05
-3.316544605561371e-05
-3.319978753405693e-05
-3.323759029313927e-05
-3.327896793720579e-05
-3.332407555950093e-05
-3.337303883398432e-05
-3.342597315091842e-05
-3.348302651989214e-05
-3.354436895199416e-05
-3.361012179519882e-05
-3.368041715222283e-05
-3.37554114602289e-05
-3.38352819408426e-05
-3.392018383215322e-05
-3.401024032891644e-05
-3.410564690299156e-05
-3.420654106725806e-05
-3.431310989209202e-05
-3.442553331518209e-05
-3.454394775872046e-05
-3.466857574713694e-05
-3.479955276064625e-05
-3.493710073544664e-05
-3.508138560380617e-05
-3.523261629858986e-05
-3.539093341090201e-05
-3.55565991866376e-05
-3.572976725767246e-05
-3.591063772926875e-05
-3.609945503178156e-05
-3.629636439313595e-05
-3.650162825653998e-05
-3.671544137598512e-05
-3.693800589003713e-05
-3.716956108801246e-05
-3.741030514927421e-05
-3.766046721002481e-05
-3.792029425674098e-05
-3.818998214522208e-05
-3.846977925178421e-05
-3.875987621386069e-05
-3.906057798249308e-05
-3.937207831941999e-05
-3.969457844991899e-05
-4.002836476300355e-05
-4.0373658572956e-05
-4.073069463957562e-05
-4.109972782514769e-05
-4.14809676280753e-05
-4.187468066040469e-05
-4.228108403708216e-05
-4.27004356477845e-05
-4.313296645772256e-05
-4.35788901861315e-05
-4.403847569847816e-05
-4.451192777971558e-05
-4.499947980495891e-05
-4.550135213940928e-05
-4.601778326371788e-05
-4.654898694108311e-05
-4.709515757695013e-05
-4.765650767550377e-05
-4.823323712489777e-05
-4.882554896368932e-05
-4.943359986692096e-05
-5.005760309836891e-05
-5.06976893848068e-05
-5.135403762616885e-05
-5.202678635245889e-05
-5.271606140069092e-05
-5.34219683288024e-05
-5.414463414565239e-05
-5.488412681752149e-05
-5.564052267106369e-05
-5.641387495639212e-05
-5.720420647581923e-05
-5.801151756604824e-05
-5.883580135705897e-05
-5.967702659221379e-05
-6.053510827713966e-05
-6.140993620658432e-05
-6.230140529787882e-05
-6.320934820317771e-05
-6.413356538648499e-05
-6.507382567755684e-05
-6.602984630125873e-05
-6.700130726865639e-05
-6.798785573106217e-05
-6.89890753571908e-05
-7.000451869496087e-05
-7.103364623250617e-05
-7.207590097541694e-05
-7.313063507085303e-05
-7.419717298231626e-05
-7.527473653005321e-05
-7.636250503473936e-05
-7.745956293347083e-05
-7.856492522290159e-05
-7.967753137001147e-05
-8.079621177764572e-05
-8.191976143289364e-05
-8.304680396457328e-05
-8.417593909368435e-05
-8.530560212095827e-05
-8.643417641838059e-05
-8.755991531406013e-05
-8.868094353100408e-05
-8.979528893601267e-05
-9.090084671293462e-05
-9.199539551153768e-05
-9.307657890407122e-05
-9.414192379256061e-05
-9.518878897982246e-05
-9.621444327884902e-05
-9.721598455909663e-05
-9.81903931394299e-05
-9.913447833056596e-05
-0.000100044941613348
-0.0001009183216428833
-0.000101751029953552
-0.0001025393354017628
-0.0001032793773059676
-0.0001039671426957737
-0.0001045985473978751
-0.0001051693239333103
-0.0001056751364057536
-0.0001061115313003588
-0.0001064739727825955
-0.0001067578284017025
-0.000106958436015791
-0.0001070710465130374
-0.0001070908859064644
-0.0001070132075222679
-0.000106833208167448
-0.000106546160930187
-0.0001061473915731416
-0.0001056322891998214
-0.0001049963674424431
-0.0001042352803792513
-0.0001033448247601448
-0.0001023210530006998
-0.0001011602033943059
-9.98588074312502e-05
-9.841371490084999e-05
-9.682209702325818e-05
-9.508150122214851e-05
-9.318993142407275e-05
-9.114578190773774e-05
-8.894796561856297e-05
-8.659588724096136e-05
-8.408953938313394e-05
-8.142942612312176e-05
-7.861669302876967e-05
-7.565309933641118e-05
-7.254101982902337e-05
-6.928350971655668e-05
-6.588427422488379e-05
-6.23476776889227e-05
-5.86787693684748e-05
-5.488323294606157e-05
-5.096740596252723e-05
-4.693826821583653e-05
-4.280340373022222e-05
-3.857094724369042e-05
-3.424961058324128e-05
-2.984858418210825e-05
-2.537752489442191e-05
-2.084649905043095e-05
-1.626591085444315e-05
-1.164645257560501e-05
-6.999078935447661e-06
-2.334882361843579e-06
2.334927520126154e-06
6.99912922605483e-06
1.164650168085664e-05
1.626596156597163e-05
2.084656578333905e-05
2.537760099865767e-05
2.984867243349904e-05
3.424971507716792e-05
3.857106927794736e-05
4.280354638401323e-05
4.693844515813925e-05
5.096761884266457e-05
5.488349011450544e-05
5.867908154677407e-05
6.234805492687261e-05
6.588471555104224e-05
6.928403840574345e-05
7.25416466383733e-05
7.565384668434174e-05
7.861758686005384e-05
8.14304888988294e-05
8.409079494286323e-05
8.659738646456168e-05
8.894971569535331e-05
9.114785307125512e-05
9.319236693406809e-05
9.508436080192073e-05
9.682543023556886e-05
9.841761182388296e-05
9.986335596739163e-05
0.0001011654955674924
0.0001023271927502879
0.0001033519448495984
0.0001042434990045181
0.0001050058532842378
0.0001056432007750486
0.0001061599207319189
0.0001065605092497921
0.0001068496015364503
0.0001070318998860852
0.0001071121669242266
0.000107095209560535
0.0001069858175580594
0.0001067887983359778
0.0001065089157099461
0.0001061508781005713
0.0001057193624926874
0.0001052189228360635
0.0001046540702309566
0.0001040291683614833
0.0001033485158067378
0.0001026162732642595
0.0001018364745469949
0.0001010130367719057
0.0001001497403008986
9.925021975950573e-05
9.831797647021328e-05
9.735638923618608e-05
9.636866426244534e-05
9.535790270242335e-05
9.432704210321751e-05
9.327888578168023e-05
9.221610314936405e-05
9.114125750314813e-05
9.005672452250669e-05
8.896479381751381e-05
8.786762329925676e-05
8.676723417954941e-05
8.566554501200432e-05
8.45643595943412e-05
8.346535598502614e-05
8.237011489299517e-05
8.128012065935686e-05
8.019674055833242e-05
7.912126399691716e-05
7.805487143973749e-05
7.699867338165882e-05
7.595367543086323e-05
7.492082034312859e-05
7.390096122128062e-05
7.289488598342247e-05
7.190330748228252e-05
7.092685742923527e-05
6.996613312063696e-05
6.902164756457304e-05
6.809384713150904e-05
6.718315297035363e-05
6.628990792972771e-05
6.541441368327003e-05
6.455691603061666e-05
6.371763213961466e-05
6.289671115225883e-05
6.209428482697652e-05
6.13104208700173e-05
6.054516845654999e-05
5.979852928452822e-05
5.907048260694989e-05
5.836096421071282e-05
5.766988602808206e-05
5.699712283190387e-05
5.63425257852738e-05
5.570592410219762e-05
5.50871122197895e-05
5.448586360073997e-05
5.390193317571771e-05
5.33350489460292e-05
5.278492322310975e-05
5.225123694409354e-05
5.173366422588205e-05
5.123185180512085e-05
5.074544038114398e-05
5.027404703058757e-05
4.981726149923618e-05
4.937468175024575e-05
4.894587399431109e-05
4.85304067619977e-05
4.812782341239488e-05
4.773764553929297e-05
4.735941337873673e-05
4.699262472192026e-05
4.663679246658983e-05
4.629140535114137e-05
4.595595065192184e-05
4.562989411086284e-05
4.531271660520917e-05
4.500386565986051e-05
4.470281761058363e-05
4.440900714652358e-05
4.412187897140011e-05
4.38408789555338e-05
4.356544832964204e-05
4.329501178388769e-05
4.302901370121501e-05
4.276688458112047e-05
4.250805305845218e-05
4.225193604507938e-05
4.199799894712055e-05
4.174564863744496e-05
4.149433645172216e-05
4.124349028889959e-05
4.099257771970243e-05
4.074102793154034e-05
4.04883124104239e-05
4.023388591126891e-05
3.997722911588069e-05
3.971781828231028e-05
3.945514692029329e-05
3.91887168402168e-05
3.891803926372517e-05
3.864265478597986e-05
3.836209782367398e-05
3.807591833509269e-05
3.778370232553909e-05
3.748503524169105e-05
3.717953099798921e-05
3.686680788096344e-05
3.654652526697915e-05
3.62183503334791e-05
3.588198348355098e-05
3.553712653916796e-05
3.518353036061731e-05
3.482097354893349e-05
3.444923189777961e-05
3.406813487766579e-05
3.367753666160106e-05
3.327731994824949e-05
3.286738768609566e-05
3.244767242097386e-05
3.201816588317721e-05
3.157886665149077e-05
3.11298072573024e-05
3.067106118648872e-05
3.020274073998605e-05
2.972498060061163e-05
2.923795208470266e-05
2.874187327415342e-05
2.823698000191949e-05
2.772355704480594e-05
2.720190884244396e-05
2.667239140660555e-05
2.613537649950449e-05
2.559128448172325e-05
2.504056652959585e-05
2.44836854214556e-05
2.392116189287364e-05
2.335352413731592e-05
2.278134704350392e-05
2.220521197982451e-05
2.162574066936504e-05
2.104357805649736e-05
2.045937206049548e-05
1.98738140615253e-05
1.928759203168609e-05
1.870141676991018e-05
1.81160148186869e-05
1.753211009084233e-05
1.695044389426875e-05
1.637175207436123e-05
1.57967849035567e-05
1.522626893440997e-05
1.466093705329363e-05
1.410151865092945e-05
1.354872143337596e-05
1.300323183763441e-05
1.246574788534558e-05
1.193690428281558e-05
1.141734235221318e-05
1.090766794936696e-05
1.040845298955982e-05
9.920241861743022e-06
9.443540261966577e-06
8.978814469744816e-06
8.526502271425656e-06
8.086998145027545e-06
7.660636569474282e-06
7.247742908293311e-06
6.848566462194596e-06
6.463337231234683e-06
6.092222721857066e-06
5.735350746492368e-06
5.39281585553655e-06
5.064656183967234e-06
4.750875831090764e-06
4.451444115338013e-06
4.166281208918944e-06
3.895272872901333e-06
3.638291889106033e-06
3.395146691100148e-06
3.165641738154425e-06
2.949551550971895e-06
2.746629276978608e-06
2.556607835910413e-06
2.379211130275987e-06
2.214147510434087e-06
2.061123193382774e-06
1.919833496842163e-06
1.789992938665567e-06
1.67129468862511e-06
1.563460051608352e-06
1.466203876101185e-06
1.379278330541477e-06
1.302431966182125e-06
1.235452662847836e-06
1.178125597516851e-06
1.130289123167828e-06
1.091794763592212e-06
1.062525570961315e-06
1.042390762918017e-06
1.031340671631513e-06
1.02935634082551e-06
1.036452599374996e-06
1.052668038394347e-06
1.078101208843598e-06
1.112857287183e-06
1.157089185043522e-06
1.210975987891115e-06
1.274731629051452e-06
1.348599673231497e-06
1.432844324330269e-06
1.52775428287615e-06
1.633652302783467e-06
1.750871121171361e-06
1.879754825080065e-06
2.020675114330682e-06
2.173987176263593e-06
2.340093260450301e-06
2.519355992058173e-06
2.712152950473654e-06
2.91885642260715e-06
3.139835825081508e-06
3.375417959244784e-06
3.625962364767148e-06
3.891733408284916e-06
4.173042245053503e-06
4.470116248986407e-06
4.783194588081723e-06
5.11242934643235e-06
5.457972736783536e-06
5.819915465489039e-06
6.198330246617498e-06
6.593195634844312e-06
7.004478986912378e-06
7.432088234032473e-06
7.875874437334243e-06
8.335652637702392e-06
8.811159635677514e-06
9.302104574963421e-06
9.808127659804696e-06
1.032884667369073e-05
1.086379947962834e-05
1.141249841341116e-05
1.197437785378704e-05
1.254887382151583e-05
1.313534570524563e-05
1.373314122518247e-05
1.434155030424875e-05
1.495985033966206e-05
1.558726498058608e-05
1.622300946915567e-05
1.686627312756945e-05
1.751622032521208e-05
1.817202098530217e-05
1.883280548610616e-05
1.949770077887595e-05
2.016583047177262e-05
2.08363353402774e-05
2.150833008822146e-05
2.21809475839254e-05
2.285331071008947e-05
2.352457858310311e-05
2.419390204957614e-05
2.486045566752848e-05
2.552342545034776e-05
2.618203527459295e-05
2.683548730171516e-05
2.748306509371451e-05
2.812402993589646e-05
2.875768347208874e-05
2.938335531866708e-05
3.000042403713426e-05
3.060827501391692e-05
3.120632283160518e-05
3.179401726253138e-05
3.237082915278223e-05
3.293630031277249e-05
3.348995331814962e-05
3.403138332015764e-05
3.456016120739107e-05
3.507597020539679e-05
3.557846089894816e-05
3.606733635116961e-05
3.654232830055832e-05
3.700320127614964e-05
3.744974179809517e-05
3.7881760822277e-05
3.829911055386287e-05
3.87016664423409e-05
3.908931610235708e-05
3.946198769294273e-05
3.981961783305156e-05
4.016217258887261e-05
4.048965452869684e-05
4.080206755696292e-05
4.109944023228775e-05
4.138181632841801e-05
4.1649275841333e-05
4.190188532946822e-05
4.213975010865939e-05
4.236298096069256e-05
4.257171865183854e-05
4.276609090557069e-05
4.29462531802994e-05
4.311236541725189e-05
4.326460972628292e-05
4.340315621103111e-05
4.352821821115784e-05
4.363996945956899e-05
4.373862731922497e-05
4.382441124565638e-05
4.389752898247825e-05
4.395820528617866e-05
4.400666910026995e-05
4.404315183256726e-05
4.406789650586917e-05
4.408112887429379e-05
4.408309006899121e-05
4.407402752123579e-05
4.405417426740516e-05
4.402377754288091e-05
4.398307167699522e-05
4.393231921892419e-05
4.387172733174693e-05
4.380156898743637e-05
4.372206990016026e-05
4.363346517859492e-05
4.353599888737682e-05
4.342989981571721e-05
4.331540646910381e-05
4.319274456027119e-05
4.306212682712325e-05
4.292381270490716e-05
4.277797780608754e-05
4.262487336002813e-05
4.246471368567168e-05
4.22976956263656e-05
4.212401969334455e-05
4.194391470119181e-05
4.175756714326542e-05
4.156516978383537e-05
4.136692241134775e-05
4.116301567474637e-05
4.09536289485842e-05
4.073895639115979e-05
4.051916488200214e-05
4.0294406749706e-05
4.006489376272637e-05
3.983076996632508e-05
3.959220508352066e-05
3.934936138024541e-05
3.910236432980337e-05
3.885140579839954e-05
3.859660142130284e-05
3.833811582340422e-05
3.807606405314702e-05
3.781060458480829e-05
3.754186470948816e-05
3.726997268011279e-05
3.699504215859875e-05
3.67172221486716e-05
3.643659291523537e-05
3.615330184516692e-05
3.586744114026155e-05
3.557913538312191e-05
3.528848136500826e-05
3.499559635786209e-05
3.470056728651738e-05
3.440347467700432e-05
3.410443976029434e-05
3.380353762658496e-05
3.35008625388104e-05
3.319649478377779e-05
3.289051761038011e-05
3.25830263525667e-05
3.227407498474421e-05
3.196375716332529e-05
3.16521405158641e-05
3.133929398987971e-05
3.102530942520883e-05
3.071019196997679e-05
3.039407594427202e-05
3.00769731806542e-05
2.975897597537263e-05
2.944013263703367e-05
2.912046762340104e-05
2.880008229969705e-05
2.847901480781663e-05
2.815730831556037e-05
2.783499633700088e-05
2.751218036516447e-05
2.718884200544013e-05
2.686505512643678e-05
2.654087363035298e-05
2.62163319289995e-05
2.589146773241693e-05
2.556629654347769e-05
2.524087296160269e-05
2.491525364234088e-05
2.45894616347454e-05
2.426350867611019e-05
2.393746544651501e-05
2.361131749490091e-05
2.328512785052667e-05
2.295890704628086e-05
2.263270733802471e-05
2.230654798160219e-05
2.198043246509065e-05
2.165440306749796e-05
2.132849341368245e-05
2.100272715201547e-05
2.06770873926441e-05
2.035165019601405e-05
2.002641603578463e-05
1.970140191984225e-05
1.937662861326483e-05
1.905210190046504e-05
1.872786348801434e-05
1.840393236438877e-05
1.808030708164274e-05
1.775701838047279e-05
1.743407877040674e-05
1.711149594324957e-05
1.678930755440514e-05
1.646750446822429e-05
1.61461035586781e-05
1.582513505057838e-05
1.550459813808773e-05
1.518450540573377e-05
1.486489292493382e-05
1.454573567497811e-05
1.422707402257888e-05
1.390891741362421e-05
1.359126567770127e-05
1.32741213855124e-05
1.295751326252728e-05
1.264145222890523e-05
1.232593951412854e-05
1.201099943965654e-05
1.169661303749339e-05
1.138280143611766e-05
1.106959323420639e-05
1.07569738583896e-05
1.044497627093288e-05
1.013357853494018e-05
9.82278961603536e-06
9.512644142501585e-06
9.203150286836849e-06
8.894295837374685e-06
8.586096453746075e-06
8.278560772607621e-06
7.971666647782775e-06
7.665468784260612e-06
7.359945083890184e-06
7.055123919489585e-06
6.750995116933545e-06
6.447565224663868e-06
6.144833653704365e-06
5.842834251593902e-06
5.541554627148807e-06
5.24099289029461e-06
4.941155523972341e-06
4.642087217469155e-06
4.343761002901343e-06
4.046158178766101e-06
3.749330168687469e-06
3.453275335668974e-06
3.157984756772759e-06
2.863480965054435e-06
2.569732939900811e-06
2.276763997710666e-06
1.98464229153513e-06
1.693266569686042e-06
1.402708873453139e-06
1.112975624727408e-06
8.2404218877563e-07
5.35922312503112e-07
2.486302156907245e-07
-3.781799888508521e-08
-3.23439354924719e-07
-6.0821897703627e-07
-8.921534592746974e-07
-1.175249588388871e-06
-1.45747155527284e-06
-1.738835651758175e-06
-2.01933516906333e-06
-2.29894840619563e-06
-2.577691037654236e-06
-2.855547517550069e-06
-3.132531066100692e-06
-3.408596222385961e-06
-3.683787253270872e-06
-3.958060712352245e-06
-4.231420821595521e-06
-4.503877399531821e-06
-4.775411578539033e-06
-5.046020887367504e-06
-5.315684526986566e-06
-5.584430321832171e-06
-5.852221172106367e-06
-6.119072795655517e-06
-6.384977925593135e-06
-6.649927147196082e-06
-6.913890894398509e-06
-7.176915166439897e-06
-7.438943665449011e-06
-7.700006612137959e-06
-7.960081930716543e-06
-8.219177320446965e-06
-8.477257163704387e-06
-8.734359880590594e-06
-8.990459966541316e-06
-9.245527608980347e-06
-9.499621184957705e-06
-9.752638151804834e-06
-1.000467264230901e-05
-1.025564645148738e-05
-1.05056046498463e-05
-1.075450184691488e-05
-1.100235402033361e-05
-1.124917507309086e-05
-1.149492045448043e-05
-1.173958241768776e-05
-1.198319846553594e-05
-1.222574132451795e-05
-1.246719073949145e-05
-1.270757342634169e-05
-1.294685494811668e-05
-1.318504143949295e-05
-1.342212908591036e-05
-1.365808761532859e-05
-1.389296260717433e-05
-1.41267118768803e-05
-1.435932445027768e-05
-1.459083502169297e-05
-1.482117092238742e-05
-1.505037592760384e-05
-1.527845086062973e-05
-1.550538221997634e-05
-1.573115540213989e-05
-1.595574006513559e-05
-1.617918314857986e-05
-1.640143590337799e-05
-1.662254201920528e-05
-1.68424333314188e-05
-1.706114325038819e-05
-1.72786593332183e-05
-1.749498406225514e-05
-1.771009727619154e-05
-1.792400389593501e-05
-1.813669378710776e-05
-1.834815548505008e-05
-1.855839177919129e-05
-1.876741850854622e-05
-1.897516972535992e-05
-1.918171861150435e-05
-1.938698385886778e-05
-1.959103115381028e-05
-1.979380612804669e-05
-1.999530734700242e-05
-2.019554430692904e-05
-2.039452071208133e-05
-2.059220779043318e-05
-2.078861596720941e-05
-2.098373594309263e-05
-2.117754305831857e-05
-2.137007125155586e-05
-2.156131179141839e-05
-2.175122079015778e-05
-2.193981434567071e-05
-2.212708931844016e-05
-2.231305043800435e-05
-2.249766859770092e-05
-2.268095991754185e-05
-2.286292072067718e-05
-2.304353018729949e-05
-2.322277070412784e-05
-2.340069501258267e-05
-2.357725550633836e-05
-2.375243812454862e-05
-2.392625011541705e-05
-2.409871324288913e-05
-2.426979561952496e-05
-2.443949620914828e-05
-2.460778257292368e-05
-2.477470779550957e-05
-2.494023650368875e-05
-2.510436208151415e-05
-2.526708280458197e-05
-2.542842462374955e-05
-2.55883241175626e-05
-2.57468086826259e-05
-2.590388256276492e-05
-2.605952848541839e-05
-2.621374848342745e-05
-2.636653233997684e-05
-2.651789930052819e-05
-2.666778864724047e-05
-2.681626890190067e-05
-2.696329779402454e-05
-2.710888611411657e-05
-2.725299399543546e-05
-2.739565103724261e-05
-2.753684279497681e-05
-2.767659188143907e-05
-2.78148614013781e-05
-2.795163378091427e-05
-2.808697469914299e-05
-2.822080872368852e-05
-2.835318954749202e-05
-2.848404725530661e-05
-2.861343661960639e-05
-2.874138151204894e-05
-2.886776771240896e-05
-2.899268467593849e-05
-2.91161131398157e-05
-2.92380134673633e-05
-2.935841149224452e-05
-2.947732570942945e-05
-2.959473537957568e-05
-2.971061477571272e-05
-2.982499560672534e-05
-2.993785918839237e-05
-3.004922245860577e-05
-3.015904402364257e-05
-3.026733843417104e-05
-3.037412754755813e-05
-3.047941097182225e-05
-3.058315172654988e-05
-3.06853540798862e-05
-3.078603187916845e-05
-3.088520823449169e-05
-3.098283077545774e-05
-3.107892656562281e-05
-3.117351954151052e-05
-3.12665450106113e-05
-3.135804459118897e-05
-3.144802554353403e-05
-3.153646873401008e-05
-3.162338428682187e-05
-3.170875127880607e-05
-3.179257179288886e-05
-3.187489764426923e-05
-3.195568380485824e-05
-3.203490813543796e-05
-3.211264384275992e-05
-3.218882264503971e-05
-3.226347934380308e-05
-3.2336596892068e-05
-3.240819660288078e-05
-3.247828075439625e-05
-3.254682801104726e-05
-3.261384153945522e-05
-3.26793711600714e-05
-3.274335390537344e-05
-3.280583724749357e-05
-3.286677672467459e-05
-3.292623944390407e-05
-3.298416801923091e-05
-3.304061472403635e-05
-3.309556408942742e-05
-3.314898568243762e-05
-3.32009228055234e-05
-3.325137144887891e-05
-3.330033080010096e-05
-3.334782192478732e-05
-3.339381969943121e-05
-3.343836293939181e-05
-3.348142105168497e-05
-3.35230321593302e-05
-3.356317301851604e-05
-3.360185075004357e-05
-3.363909150465544e-05
-3.367491091355051e-05
-3.370927132305911e-05
-3.374219806998095e-05
-3.377373173460332e-05
-3.380384115818147e-05
-3.383254375360255e-05
-3.385985861998589e-05
-3.388577315224691e-05
-3.391031973404274e-05
-3.393348985261273e-05
-3.395529562873195e-05
-3.397577045452098e-05
-3.39948451537202e-05
-3.401264382445451e-05
-3.402909035843117e-05
-3.404424375765859e-05
-3.405807335959174e-05
-3.407064278720219e-05
-3.408191858601142e-05
-3.409190954947074e-05
-3.410067113119911e-05
-3.410820719578316e-05
-3.411448694078627e-05
-3.41195764040633e-05
-3.412345742032172e-05
-3.412616094440067e-05
-3.412770798740474e-05
-3.412809471973273e-05
-3.412735534242791e-05
0
