0.001431405811350729
0.001397306460682105
0.001363210612483489
0.001329119339110507
0.00129503369429912
0.001260954712626348
0.001226883408953347
0.001192820777842465
0.001158767792992326
0.001124725406626194
0.001090694548891975
0.001056676127220669
0.001022671025704892
0.0009886801044312081
0.0009547041988170078
0.0009207441189236819
0.0008868006487529818
0.0008528745455417017
0.0008189665390033673
0.0007850773306038437
0.00075120759278215
0.0007173579681551386
0.0006835290687345263
0.0006497214750803837
0.0006159357354833511
0.0005821723650864955
0.000548431845011682
0.0005147146214568954
0.0004810211047818324
0.0004473516685507368
0.0004137066485821015
0.0003800863419608771
0.0003464910060183412
0.0003129208573183669
0.0002793760705881304
0.0002458567776458583
0.0002123630662997731
0.0001788949792198985
0.0001454525127743116
0.0001120356158713825
7.864418873413694e-05
4.527808168663418e-05
1.193709387304395e-05
-2.137902800912472e-05
-5.4670591025212e-05
-8.79379573653985e-05
-0.0001211815456939975
-0.0001544018325719499
-0.0001875993538774622
-0.00022077470627512
-0.0002539285487064107
-0.0002870616039284237
-0.000320174660048746
-0.0003532685721477202
-0.0003863442638826486
-0.0004194027291474422
-0.0004524450337747166
-0.0004854723172572064
-0.0005184857945094296
-0.0005514867576607583
-0.0005844765779054106
-0.000617456707349676
-0.000650428680931148
-0.0006833941183622049
-0.0007163547260991103
-0.0007493122993787451
-0.0007822687242469862
-0.0008152259796759551
-0.0008481861396805743
-0.0008811513754938063
-0.0009141239577757547
-0.0009471062588528407
-0.0009801007550131607
-0.001013110028819339
-0.001046136771476552
-0.001079183785233246
-0.001112253985815739
-0.001145350404910438
-0.001178476192664394
-0.001211634620253652
-0.001244829082459889
-0.001278063100292224
-0.001311340323653109
-0.001344664534037707
-0.00137803964723552
-0.00141146971612385
-0.00144495893344007
-0.001478511634609703
-0.001512132300589582
-0.001545825560768209
-0.001579596195854335
-0.001613449140807632
-0.001647389487797152
-0.001681422489171776
-0.001715553560451739
-0.001749788283329763
-0.001784132408693939
-0.00181859185965131
-0.00185317273457049
-0.001887881310098512
-0.001922724044223865
-0.001957707579283258
-0.001992838745002133
-0.002028124561483765
-0.002063572242218845
-0.002099189197034855
-0.002134983035034866
-0.002170961567508454
-0.002207132810764073
-0.002243504988960733
-0.002280086536851562
-0.002316886102460367
-0.002353912549709538
-0.002391174960939314
-0.002428682639359667
-0.002466445111383272
-0.002504472128850261
-0.002542773671132705
-0.002581359947108669
-0.002620241396979589
-0.002659428693918752
-0.002698932745565289
-0.002738764695306607
-0.002778935923366825
-0.002819458047658683
-0.002860342924403006
-0.002901602648477166
-0.002943249553486332
-0.002985296211537458
-0.003027755432668644
-0.003070640263948852
-0.003113963988182733
-0.003157740122246004
-0.003201982414933044
-0.003246704844408222
-0.003291921615127206
-0.003337647154241476
-0.003383896107450317
-0.003430683334247798
-0.003478023902543061
-0.003525933082599247
-0.003574426340264371
-0.003623519329412921
-0.003673227883621958
-0.003723568006932379
-0.003774555863748725
-0.003826207767730673
-0.003878540169681276
-0.00393156964434318
-0.003985312876055919
-0.004039786643173459
-0.004095007801225187
-0.004150993264701905
-0.004207759987416089
-0.004265324941355568
-0.004323705093936916
-0.00438291738358408
-0.004442978693540994
-0.004503905823824888
-0.004565715461241195
-0.004628424147316089
-0.004692048244114496
-0.004756603897773179
-0.004822106999699895
-0.004888573145276459
-0.004956017589999549
-0.005024455202919516
-0.005093900417281832
-0.005164367178236176
-0.005235868887512668
-0.005308418344956299
-0.005382027686798315
-0.005456708320542563
-0.005532470856390402
-0.005609325035069647
-0.005687279652007653
-0.005766342477711642
-0.005846520174318155
-0.005927818208250144
-0.00601024075885068
-0.006093790623071946
-0.006178469116073637
-0.006264275967836812
-0.006351209215732042
-0.006439265093134494
-0.006528437914148073
-0.006618719954553055
-0.006710101329134816
-0.006802569865537556
-0.006896110974946348
-0.006990707519810005
-0.00708633967900496
-0.007182984810764573
-0.007280617313893517
-0.007379208487737614
-0.007478726391558664
-0.007579135703923158
-0.007680397582896506
-0.007782469527849315
-0.007885305243810266
-0.007988854509345309
-0.008093063049096258
-0.008197872412105707
-0.008303219857260378
-0.008409038247182643
-0.008515255952027019
-0.008621796764698866
-0.008728579829145112
-0.008835519583319629
-0.008942525718614407
-0.009049503157516865
-0.009156352051257395
-0.009262967799342253
-0.009369241092721178
-0.009475057982394853
-0.009580299975227254
-0.009684844158574984
-0.009788563355329573
-0.009891326310753644
-0.009992997912384345
-0.01009343944403008
-0.0101925088747046
-0.01029006118299064
-0.0103859487171209
-0.01048002159066589
-0.01057212811334203
-0.01066211525614034
-0.01074982914945212
-0.01083511561255141
-0.0109178207121965
-0.01099779134785139
-0.01107487586036549
-0.0111489246606555
-0.01121979087444322
-0.01128733099865563
-0.01135140556481472
-0.01141187980432165
-0.01146862431029016
-0.01152151569039474
-0.01157043720499202
-0.01161527938472538
-0.01165594062177967
-0.01169232772913603
-0.01172435646217129
-0.01175195199737587
-0.01177504936316813
-0.01179359381827577
-0.01180754117360026
-0.01181685805409416
-0.01182152209772615
-0.01182152208937813
-0.01181685802814592
-0.01180754112731076
-0.01179359374696757
-0.01177504926007826
-0.01175195185341586
-0.01172435626562258
-0.01169232746526612
-0.01165594027235719
-0.0116152789274262
-0.01157043661270683
-0.01152151493036476
-0.01146862334312942
-0.01141187858284149
-0.01135140403264339
-0.01128732908865293
-0.01121978850683772
-0.01114892174090824
-0.01107487227670028
-0.01099778696842085
-0.01091781538184173
-0.01083510914910554
-0.01074982133953986
-0.01066210585041345
-0.01057211682110997
-0.01048000807384899
-0.01038593258346265
-0.01029004197846244
-0.01019248607505879
-0.01009341244539296
-0.009992966020850147
-0.00989128873090328
-0.009788519177575738
-0.009684792345298895
-0.009580239345620609
-0.0094749871959296
-0.009369158631194877
-0.009262871947428471
-0.009156240875505523
-0.009049374483756499
-0.008942377107689681
-0.008835348305144698
-0.008728382835033717
-0.008621570657928341
-0.008514996956641652
-0.00840874217502852
-0.008302882073214361
-0.008197487797584301
-0.008092625963786289
-0.007988358751255696
-0.007884744007649156
-0.007781835361817714
-0.007679682343929595
-0.007578330511498385
-0.007477821580134013
-0.007378193557944897
-0.007279480882589597
-0.007181714560066305
-0.0070849223044499
-0.006989128677782145
-0.006894355229544069
-0.006800620635017633
-0.006707940832127085
-0.006616329156209704
-0.006525796472450003
-0.006436351305513443
-0.006347999966226739
-0.006260746674988609
-0.006174593681770379
-0.006089541382565927
-0.006005588432157715
-0.005922731853149277
-0.005840967141202458
-0.00576028836647899
-0.005680688271269115
-0.005602158363842825
-0.00552468900856478
-0.005448269512324437
-0.005372888207355986
-0.005298532530513838
-0.005225189099108346
-0.005152843783388743
-0.005081481775767435
-0.005011087656902686
-0.004941645458745649
-0.004873138724649693
-0.004805550566669092
-0.004738863720155641
-0.004673060595751627
-0.004608123328897571
-0.004544033826992984
-0.004480773814236052
-0.004418324874363748
-0.004356668491265526
-0.004295786087693182
-0.00423565906204664
-0.004176268823434038
-0.004117596825009217
-0.004059624595718223
-0.004002333770529167
-0.003945706119198726
-0.003889723573695967
-0.003834368254302306
-0.003779622494469878
-0.003725468864530034
-0.003671890194262388
-0.003618869594412552
-0.003566390477193798
-0.003514436575817239
-0.003462991963118823
-0.003412041069280241
-0.003361568698714981
-0.003311560046146307
-0.003262000711883904
-0.003212876716360433
-0.003164174513927552
-0.003115881005927574
-0.003067983553083943
-0.003020469987203359
-0.00297332862219441
-0.00292654826444837
-0.002880118222547341
-0.002834028316320895
-0.002788268885273874
-0.002742830796330191
-0.002697705450965034
-0.002652884791653516
-0.002608361307654401
-0.002564128040149936
-0.002520178586682779
-0.002476507104910769
-0.002433108315644577
-0.002389977505191558
-0.002347110526948296
-0.002304503802246365
-0.00226215432044078
-0.002220059638205628
-0.002178217878024649
-0.00213662772587666
-0.002095288428058987
-0.002054199787175665
-0.002013362157214774
-0.00197277643776096
-0.001932444067246825
-0.00189236701532696
-0.001852547774231897
-0.001812989349186736
-0.001773695247841889
-0.001734669468673187
-0.001695916488396186
-0.001657441248304926
-0.001619249139618691
-0.001581345987734131
-0.00154373803544842
-0.001506431925093864
-0.001469434679631713
-0.001432753682657919
-0.001396396657368294
-0.001360371644459981
-0.001324686978989065
-0.001289351266201734
-0.00125437335636506
-0.001219762318585213
-0.00118552741369837
-0.001151678066202547
-0.001118223835327178
-0.001085174385220876
-0.001052539454373712
-0.001020328824256294
-0.0009885522873050332
-0.0009572196142513785
-0.0009263405209198796
-0.0008959246345470245
-0.0008659814597049044
-0.0008365203439369886
-0.0008075504431835087
-0.0007790806871105426
-0.0007511197444636675
-0.0007236759885359007
-0.0006967574629047901
-0.0006703718475419701
-0.0006445264254478673
-0.0006192280499498172
-0.0005944831127816432
-0.0005702975131529533
-0.0005466766278896234
-0.0005236252828540412
-0.0005011477257744531
-0.0004792476006717757
-0.000457927923987367
-0.0004371910626368583
-0.0004170387140864824
-0.0003974718886341376
-0.0003784908940412677
-0.0003600953226242211
-0.0003422840409715517
-0.0003250551823631136
-0.0003084061420683161
-0.0002923335755119537
-0.0002768333995049064
-0.0002619007964858398
-0.0002475302219173709
-0.0002337154147736623
-0.0002204494112014394
-0.0002077245612462884
-0.0001955325486642087
-0.0001838644137258051
-0.0001727105789125485
-0.0001620608773847832
-0.0001519045840643824
-0.0001422304491917907
-0.0001330267341215496
-0.000124281249142392
-0.0001159813930927218
-0.0001081141944889097
-0.0001006663538863474
-9.36242871741131e-05
-8.697416946663265e-05
-8.070197930229363e-05
-7.479354277933371e-05
-6.923457730155947e-05
-6.401073459060946e-05
-5.910764264432673e-05
-5.451094627031885e-05
-5.020634591630397e-05
-4.617963446571557e-05
-4.241673171857373e-05
-3.890371628096669e-05
-3.562685462358542e-05
-3.257262709084564e-05
-2.972775068206491e-05
-2.707919841636358e-05
-2.461421517303353e-05
-2.232032994733694e-05
-2.018536437949466e-05
-1.819743762932619e-05
-1.634496753417512e-05
-1.461666810808433e-05
-1.300154350798765e-05
-1.148887849322698e-05
-1.006822556048935e-05
-8.72938892256675e-06
-7.462405517915868e-06
-6.257523207051433e-06
-5.105176500788851e-06
-3.995959953473609e-06
-2.920599602091942e-06
-1.869922656471453e-06
-8.34825771739954e-07
1.93757764335549e-07
1.224891655148778e-06
2.267670661639529e-06
3.331254800191009e-06
4.424903350740833e-06
5.558008288633191e-06
6.740126873744509e-06
7.981013005460536e-06
9.290647065796249e-06
1.067926389894977e-05
1.215737862543835e-05
1.373581004081e-05
1.542570123722964e-05
1.723853728991583e-05
1.918615968488861e-05
2.128077732762223e-05
2.353497391966689e-05
2.596171157784192e-05
2.857433052335756e-05
3.138654480622422e-05
3.441243396319254e-05
3.766643061650686e-05
4.116330402598742e-05
4.491813967481785e-05
4.894631491843618e-05
5.326347094936111e-05
5.788548109990615e-05
6.282841585762092e-05
6.810850466117992e-05
7.374209491150824e-05
7.97456083487429e-05
8.613549524508039e-05
9.292818665586691e-05
0.0001001400451476741
0.0001077873143472529
0.0001158860677045979
0.0001244521568449387
0.0001335011598570732
0.000143048329979422
0.0001531085449420627
0.0001636962574100495
0.0001748254467917858
0.0001865095727972173
0.0001987615309670069
0.0002115936105267033
0.0002250174547312918
0.0002390440239618506
0.0002536835617589113
0.0002689455639379871
0.0002848387509077777
0.0003013710433062847
0.0003185495410384619
0.0003363805056911095
0.0003548693464188049
0.0003740206092341563
0.0003938379696741745
0.0004143242287921057
0.0004354813124093117
0.0004573102734586653
0.0004798112974014777
0.0005029837104860834
0.0005268259907933838
0.000551335781818727
0.0005765099085292985
0.0006023443956245716
0.0006288344878978593
0.0006559746724716787
0.0006837587027609783
0.0007121796239585583
0.0007412297998402517
0.0007709009407964687
0.0008011841328046257
0.0008320698672596178
0.00086354807145342
0.0008956081395613963
0.0009282389639690943
0.0009614289668532687
0.0009951661317634782
0.001029438035244541
0.001064231878192204
0.001099534517009909
0.001135332494346649
0.001171612069341651
0.001208359247367567
0.00124555980908747
0.001283199338832543
0.001321263252222073
0.001359736822955243
0.00139860520876249
0.001437853476439094
0.001477466625971961
0.001517429613696457
0.001557727374493823
0.001598344842996429
0.001639266973796275
0.001680478760665068
0.00172196525476054
0.001763711581853128
0.001805702958573274
0.001847924707659642
0.001890362272265664
0.001933001229338685
0.001975827302043471
0.002018826371305885
0.00206198448647767
0.00210528787513533
0.002148722952075506
0.002192276327485384
0.002235934814362153
0.002279685435157129
0.002323515427760261
0.002367412250745347
0.002411363587981129
0.002455357352626664
0.00249938169052309
0.002543424983001773
0.002587475849174655
0.002631523147722642
0.002675555978161926
0.002719563681701146
0.00276353584163961
0.002807462283376286
0.002851333074054541
0.002895138521812399
0.002938869174764025
0.002982515819621634
0.003026069480077043
0.003069521414894496
0.003112863115760386
0.003156086304955005
0.003199182932749038
0.003242145174684657
0.003284965428651639
0.003327636311819671
0.0033701506574495
0.003412501511548958
0.003454682129472173
0.003496685972381251
0.003538506703651542
0.003580138185201004
0.003621574473765547
0.003662809817117722
0.003703838650267043
0.003744655591603117
0.003785255439052008
0.003825633166193809
0.003865783918399368
0.003905703008948902
0.003945385915168216
0.003984828274599827
0.004024025881154032
0.00406297468132278
0.004101670770403054
0.004140110388776083
0.004178289918190912
0.004216205878131218
0.004253854922192525
0.004291233834531056
0.004328339526361578
0.004365169032474553
0.004401719507882446
0.004437988224427068
0.004473972567535362
0.004509670032965858
0.004545078223661639
0.004580194846646339
0.004615017709975232
0.004649544719780118
0.004683773877329269
0.00471770327620046
0.004751331099480591
0.00478465561706169
0.00481767518297474
0.004850388232783741
0.004882793281079734
0.004914888918998196
0.004946673811813962
0.004978146696606428
0.005009306379969056
0.005040151735795924
0.005070681703108565
0.005100895283968071
0.005130791541412067
0.00516036959748729
0.005189628631313229
0.00521856787718549
0.005247186622787912
0.005275484207400899
0.005303460020199876
0.00533111349857448
0.005358444126546026
0.005385451433156571
0.005412134991006554
0.005438494414748083
0.005464529359674477
0.005490239520352389
0.005515624629274806
0.005540684455571411
0.00556541880377847
0.005589827512615688
0.005613910453818916
0.005637667531030096
0.00566109867868359
0.005684203860974608
0.005706983070821551
0.005729436328908304
0.00575156368271627
0.005773365205617657
0.005794840995997426
0.005815991176395719
0.005836815892694417
0.005857315313318501
0.005877489628466785
0.005897339049413359
0.005916863807748876
0.00593606415474566
0.005954940360670161
0.005973492714162316
0.005991721521636574
0.00600962710669063
0.006027209809544304
0.006044469986499056
0.006061408009418403
0.006078024265235593
0.006094319155470157
0.006110293095771345
0.006125946515470904
0.006141279857170945
0.0061562935763219
0.006170988140858672
0.00618536403079667
0.006199421737893613
0.006213161765317009
0.006226584627284511
0.00623969084878132
0.006252480965241895
0.006264955522265001
0.006277115075354974
0.006288960189638164
0.006300491439626139
0.006311709408963636
0.006322614690218487
0.006333207884655101
0.006343489602018295
0.006353460460348964
0.006363121085792674
0.006372472112417543
0.006381514182033039
0.006390247944059116
0.00639867405533449
0.006406793180002996
0.006414605989351455
0.006422113161691195
0.006429315382221055
0.006436213342930522
0.006442807742465091
0.006449099286032918
0.006455088685308424
0.006460776658326662
0.006466163929398428
0.006471251229040289
0.006476039293870205
0.006480528866561442
0.006484720695748691
0.006488615535990163
0.006492214147677205
0.006495517297004485
0.006498525755887255
0.006501240301949712
0.006503661718452649
0.006505790794242268
0.006507628323754908
0.006509175106924813
0.006510431949192394
0.006511399661463711
0.006512079060061501
0.00651247096672721
0.006512576208588026
0.006512395618131708
0.006511930033185006
0.006511180296910016
0.006510147257779129
0.006508831769559886
0.006507234691317748
0.006505356887386021
0.006503199227368549
0.006500762586139802
0.006498047843822879
0.006495055885799583
0.006491787602690905
0.006488243890379428
0.006484425649980254
0.00648033378786385
0.006475969215638783
0.006471332850167747
0.006466425613561769
0.006461248433177066
0.006455802241640168
0.006450087976823645
0.006444106581875417
0.006437859005205779
0.006431346200505877
0.006424569126739993
0.006417528748161943
0.006410226034325072
0.006402661960072185
0.00639483750556021
0.006386753656249489
0.006378411402933786
0.006369811741715088
0.006360955674049656
0.006351844206717302
0.006342478351846075
0.006332859126929163
0.006322987554815593
0.006312864663714682
0.006302491487219697
0.006291869064288779
0.006280998439281345
0.006269880661941023
0.006258516787402893
0.006246907876208047
0.006235054994308578
0.006222959213057145
0.006210621609224986
0.006198043265004253
0.006185225268003525
0.006172168711261947
0.006158874693234367
0.006145344317810062
0.006131578694309055
0.006117578937482352
0.0061033461675039
0.006088881509984632
0.006074186095964558
0.00605926106191294
0.006044107549720961
0.006028726706707579
0.006013119685609622
0.005997287644590248
0.0059812317472159
0.005964953162463893
0.005948453064717308
0.005931732633752564
0.005914793054734392
0.00589763551821656
0.005880261220120312
0.005862671361734119
0.005844867149704656
0.005826849796015682
0.005808620517988727
0.005790180538271747
0.005771531084819501
0.005752673390880878
0.005733608694989737
0.005714338240941844
0.005694863277793231
0.005675185059832171
0.005655304846556288
0.005635223902677337
0.005614943498080102
0.005594464907815696
0.00557378941206987
0.005552918296155274
0.005531852850473532
0.005510594370515566
0.005489144156805698
0.005467503514912989
0.005445673755391516
0.005423656193776966
0.005401452150554605
0.005379062951119963
0.005356489925762105
0.005333734409634268
0.005310797742715935
0.005287681269769352
0.005264386340346055
0.005240914308701056
0.005217266533801169
0.005193444379265307
0.00516944921333846
0.005145282408839058
0.005120945343142023
0.005096439398132564
0.005071765960143569
0.005046926419940082
0.005021922172670936
0.004996754617810377
0.004971425159132218
0.004945935204656003
0.00492028616658997
0.004894479461287663
0.004868516509222411
0.004842398734891467
0.004816127566801296
0.004789704437400672
0.004763130783031386
0.004736408043855824
0.004709537663819279
0.00468252109059519
0.004655359775504846
0.004628055173473797
0.004600608742964621
0.004573021945912202
0.004545296247664047
0.00451743311691185
0.004489434025612483
0.004461300448956488
0.004433033865249798
0.004404635755871609
0.004376107605196356
0.004347450900519266
0.004318667131976046
0.004289757792466389
0.004260724377588745
0.004231568385536808
0.004202291317023611
0.004172894675217985
0.004143379965625576
0.004113748696035997
0.004084002376412064
0.004054142518790349
0.004024170637223771
0.003994088247647065
0.003963896867806348
0.003933598017157318
0.003903193216751434
0.003872683989147954
0.003842071858305199
0.003811358349474873
0.003780544989083939
0.003749633304642089
0.003718624824615051
0.003687521078315338
0.003656323595779019
0.003625033907657687
0.003593653545075577
0.003562184039539604
0.003530626922765201
0.003498983726592032
0.003467255982823895
0.003435445223098989
0.003403552978765313
0.003371580780723773
0.003339530159287938
0.003307402644052225
0.00327519976372053
0.003242923045975683
0.003210574017307343
0.003178154202862937
0.003145665126284339
0.003113108309541697
0.00308048527276068
0.00304779753406784
0.003015046609384852
0.002982234012282813
0.002949361253779317
0.002916429842152489
0.002883441282760322
0.002850397077835157
0.002817298726300958
0.002784147723543862
0.00275094556123472
0.002717693727096157
0.002684393704701708
0.00265104697324605
0.002617655007318029
0.002584219276683709
0.002550741246029411
0.002517222374744259
0.002483664116670464
0.002450067919836429
0.002416435226215247
0.002382767471463255
0.002349066084649776
0.002315332487979274
0.002281568096528522
0.002247774317932065
0.002213952552124889
0.002180104191023854
0.002146230618225125
0.002112333208694187
0.00207841332845429
0.002044472334259698
0.002010511573252974
0.001976532382627
0.001942536089304011
0.001908524009531536
0.001874497448570641
0.001840457700284035
0.001806406046779428
0.001772343758015039
0.001738272091403305
0.001704192291395659
0.001670105589080287
0.001636013201754645
0.001601916332481672
0.001567816169653779
0.001533713886534361
0.00149961064080356
0.001465507574056916
0
