-0.001279728419301492
-0.001316556321469828
-0.001353374709330363
-0.001390182708732239
-0.001426979426262965
-0.001463763949808069
-0.001500535349098978
-0.001537292676248235
-0.001574034966272751
-0.001610761237606069
-0.001647470492599209
-0.001684161718010916
-0.001720833885485567
-0.001757485952023356
-0.001794116860437746
-0.001830725539805002
-0.001867310905901402
-0.001903871861634504
-0.001940407297462227
-0.00197691609180402
-0.00201339711144339
-0.002049849211921306
-0.002086271237922164
-0.002122662023650107
-0.002159020393198851
-0.002195345160912647
-0.002231635131740144
-0.002267889101581183
-0.002304105857625275
-0.002340284178684309
-0.002376422835516735
-0.002412520591147591
-0.002448576201179057
-0.002484588414096089
-0.002520555971567219
-0.002556477608734648
-0.002592352054505576
-0.002628178031829459
-0.002663954257977314
-0.00269967944480903
-0.002735352299040825
-0.002770971522502773
-0.002806535812394562
-0.002842043861533947
-0.002877494358602628
-0.002912885988384616
-0.002948217432002582
-0.002983487367147827
-0.003018694468305674
-0.003053837406979842
-0.00308891485190662
-0.003123925469271391
-0.003158867922916254
-0.003193740874546077
-0.003228542983930818
-0.003263272909101534
-0.003297929306547599
-0.003332510831405067
-0.003367016137644717
-0.003401443878255607
-0.00343579270542635
-0.003470061270721673
-0.003504248225256028
-0.003538352219866131
-0.003572371905277335
-0.00360630593227003
-0.003640152951840119
-0.003673911615359924
-0.003707580574733677
-0.003741158482552476
-0.003774643992243367
-0.003808035758221492
-0.003841332436032059
-0.003874532682497885
-0.003907635155857541
-0.003940638515906716
-0.003973541424134023
-0.004006342543853728
-0.004039040540341517
-0.004071634080961353
-0.004104121835294809
-0.004136502475266827
-0.004168774675270589
-0.004200937112286939
-0.004232988466007708
-0.004264927418951011
-0.004296752656579479
-0.004328462867413853
-0.004360056743146823
-0.004391532978751332
-0.004422890272594121
-0.004454127326540076
-0.004485242846059536
-0.004516235540332509
-0.004547104122352894
-0.004577847309028291
-0.004608463821279422
-0.004638952384141918
-0.004669311726859943
-0.004699540582982785
-0.004729637690460552
-0.004759601791735357
-0.004789431633834865
-0.004819125968459379
-0.004848683552074001
-0.004878103145996771
-0.004907383516481594
-0.004936523434806878
-0.004965521677359475
-0.004994377025715987
-0.00502308826672657
-0.005051654192594642
-0.005080073600956792
-0.005108345294961928
-0.005136468083348215
-0.005164440780520398
-0.005192262206623591
-0.005219931187621024
-0.005247446555363837
-0.005274807147666923
-0.00530201180837763
-0.005329059387448886
-0.0053559487410087
-0.005382678731426474
-0.005409248227383849
-0.005435656103941608
-0.005461901242603161
-0.005487982531383996
-0.005513898864872114
-0.005539649144294933
-0.005565232277580266
-0.005590647179419338
-0.005615892771328301
-0.005640967981707871
-0.005665871745902691
-0.005690603006262174
-0.005715160712197658
-0.005739543820239178
-0.005763751294094116
-0.005787782104700889
-0.005811635230286829
-0.005835309656421198
-0.005858804376068188
-0.005882118389643847
-0.005905250705064285
-0.005928200337801357
-0.005950966310930335
-0.00597354765518431
-0.005995943409000788
-0.006018152618574022
-0.006040174337900319
-0.006062007628829818
-0.006083651561110391
-0.006105105212437345
-0.006126367668498482
-0.006147438023019355
-0.006168315377808219
-0.006188998842802607
-0.006209487536109661
-0.006229780584052361
-0.006249877121210957
-0.006269776290465952
-0.00628947724303726
-0.006308979138529769
-0.006328281144968653
-0.006347382438843326
-0.006366282205144438
-0.006384979637404056
-0.006403473937731993
-0.006421764316857286
-0.006439849994161714
-0.006457730197717886
-0.006475404164325304
-0.00649287113954795
-0.006510130377744799
-0.006527181142109597
-0.00654402270470289
-0.006560654346483293
-0.006577075357344649
-0.006593285036146782
-0.006609282690747321
-0.006625067638032514
-0.006640639203951753
-0.006655996723544303
-0.00667113954097173
-0.006686067009547101
-0.006700778491764228
-0.006715273359325168
-0.006729550993171104
-0.006743610783507045
-0.006757452129831562
-0.006771074440962683
-0.006784477135063738
-0.006797659639669225
-0.006810621391711832
-0.006823361837545219
-0.006835880432970552
-0.006848176643259023
-0.006860249943174453
-0.006872099817000448
-0.006883725758559006
-0.006895127271233304
-0.006906303867991881
-0.006917255071407545
-0.006927980413678285
-0.006938479436649996
-0.006948751691833291
-0.006958796740424847
-0.006968614153325938
-0.006978203511161232
-0.0069875644042972
-0.006996696432859149
-0.007005599206748151
-0.00701427234565929
-0.007022715479097047
-0.007030928246391492
-0.007038910296713608
-0.007046661289090144
-0.007054180892418921
-0.007061468785483118
-0.007068524656963461
-0.007075348205453326
-0.007081939139471095
-0.007088297177471381
-0.007094422047859423
-0.007100313489000661
-0.007105971249232116
-0.007111395086874239
-0.007116584770240479
-0.007121540077646261
-0.00712626079741949
-0.007130746727910182
-0.007134997677497447
-0.007139013464598274
-0.007142793917675101
-0.007146338875243886
-0.007149648185879297
-0.007152721708222826
-0.007155559310988269
-0.007158160872966538
-0.007160526283031121
-0.007162655440143146
-0.00716454825335603
-0.007166204641817604
-0.007167624534776336
-0.007168807871581036
-0.007169754601685244
-0.007170464684650548
-0.007170938090145112
-0.007171174797947836
-0.007171174797947838
-0.007170938090145113
-0.00717046468465055
-0.007169754601685244
-0.007168807871581034
-0.007167624534776337
-0.007166204641817606
-0.007164548253356033
-0.007162655440143149
-0.007160526283031121
-0.00715816087296654
-0.00715555931098827
-0.007152721708222828
-0.0071496481858793
-0.007146338875243887
-0.007142793917675101
-0.007139013464598275
-0.007134997677497447
-0.007130746727910179
-0.00712626079741949
-0.007121540077646265
-0.007116584770240483
-0.007111395086874242
-0.007105971249232119
-0.007100313489000664
-0.007094422047859422
-0.007088297177471381
-0.007081939139471095
-0.007075348205453326
-0.007068524656963459
-0.007061468785483125
-0.007054180892418927
-0.007046661289090153
-0.007038910296713613
-0.0070309282463915
-0.007022715479097048
-0.007014272345659291
-0.007005599206748155
-0.006996696432859153
-0.006987564404297205
-0.006978203511161235
-0.006968614153325939
-0.006958796740424851
-0.006948751691833293
-0.006938479436649997
-0.006927980413678285
-0.006917255071407552
-0.006906303867991887
-0.00689512727123331
-0.006883725758559013
-0.006872099817000453
-0.006860249943174464
-0.006848176643259033
-0.006835880432970559
-0.006823361837545228
-0.006810621391711845
-0.006797659639669234
-0.006784477135063747
-0.006771074440962693
-0.006757452129831574
-0.006743610783507055
-0.006729550993171109
-0.006715273359325178
-0.006700778491764232
-0.006686067009547105
-0.006671139540971735
-0.006655996723544307
-0.006640639203951766
-0.006625067638032523
-0.006609282690747333
-0.00659328503614679
-0.006577075357344655
-0.006560654346483299
-0.006544022704702893
-0.006527181142109599
-0.006510130377744806
-0.006492871139547957
-0.006475404164325313
-0.006457730197717895
-0.006439849994161724
-0.006421764316857298
-0.006403473937732004
-0.006384979637404071
-0.006366282205144447
-0.006347382438843339
-0.006328281144968666
-0.006308979138529782
-0.006289477243037272
-0.00626977629046596
-0.006249877121210964
-0.00622978058405237
-0.006209487536109669
-0.00618899884280262
-0.006168315377808231
-0.006147438023019374
-0.006126367668498491
-0.006105105212437364
-0.006083651561110408
-0.006062007628829831
-0.006040174337900333
-0.006018152618574042
-0.005995943409000801
-0.005973547655184323
-0.005950966310930349
-0.00592820033780137
-0.005905250705064297
-0.005882118389643862
-0.005858804376068204
-0.005835309656421215
-0.005811635230286846
-0.005787782104700904
-0.005763751294094132
-0.005739543820239192
-0.005715160712197675
-0.005690603006262188
-0.005665871745902711
-0.005640967981707892
-0.005615892771328319
-0.005590647179419358
-0.00556523227758029
-0.005539649144294952
-0.005513898864872135
-0.005487982531384016
-0.005461901242603177
-0.005435656103941624
-0.005409248227383869
-0.005382678731426492
-0.005355948741008719
-0.005329059387448905
-0.005302011808377654
-0.00527480714766695
-0.005247446555363864
-0.005219931187621049
-0.00519226220662362
-0.005164440780520422
-0.005136468083348241
-0.005108345294961957
-0.00508007360095682
-0.005051654192594669
-0.005023088266726595
-0.004994377025716013
-0.004965521677359507
-0.004936523434806907
-0.004907383516481627
-0.004878103145996804
-0.004848683552074034
-0.004819125968459416
-0.004789431633834897
-0.00475960179173539
-0.004729637690460577
-0.004699540582982813
-0.004669311726859971
-0.004638952384141949
-0.004608463821279453
-0.004577847309028321
-0.004547104122352924
-0.004516235540332545
-0.004485242846059568
-0.00445412732654011
-0.004422890272594153
-0.004391532978751369
-0.00436005674314685
-0.004328462867413879
-0.004296752656579508
-0.00426492741895104
-0.004232988466007737
-0.004200937112286969
-0.004168774675270626
-0.004136502475266866
-0.004104121835294846
-0.004071634080961381
-0.004039040540341547
-0.00400634254385376
-0.003973541424134057
-0.00394063851590675
-0.003907635155857576
-0.003874532682497921
-0.003841332436032093
-0.003808035758221526
-0.0037746439922434
-0.00374115848255251
-0.003707580574733714
-0.003673911615359958
-0.003640152951840155
-0.003606305932270065
-0.00357237190527737
-0.003538352219866168
-0.003504248225256065
-0.003470061270721712
-0.003435792705426388
-0.003401443878255646
-0.003367016137644756
-0.003332510831405107
-0.003297929306547645
-0.003263272909101575
-0.00322854298393086
-0.00319374087454612
-0.003158867922916297
-0.003123925469271436
-0.003088914851906666
-0.003053837406979887
-0.003018694468305721
-0.002983487367147875
-0.002948217432002631
-0.002912885988384665
-0.002877494358602678
-0.002842043861533997
-0.002806535812394611
-0.002770971522502823
-0.002735352299040876
-0.002699679444809084
-0.00266395425797737
-0.002628178031829512
-0.002592352054505631
-0.002556477608734705
-0.002520555971567268
-0.002484588414096139
-0.002448576201179107
-0.002412520591147643
-0.002376422835516788
-0.002340284178684367
-0.002304105857625335
-0.002267889101581244
-0.002231635131740206
-0.002195345160912708
-0.002159020393198914
-0.002122662023650168
-0.002086271237922227
-0.002049849211921369
-0.002013397111443454
-0.001976916091804084
-0.001940407297462291
-0.001903871861634569
-0.001867310905901467
-0.001830725539805067
-0.001794116860437812
-0.001757485952023422
-0.001720833885485634
-0.001684161718010985
-0.001647470492599278
-0.001610761237606138
-0.001574034966272821
-0.001537292676248305
-0.001500535349099051
-0.001463763949808142
-0.001426979426263037
-0.001390182708732312
-0.001353374709330436
-0.001316556321469904
-0.001279728419301576
-0.001242891857142546
-0.001206047468890209
-0.001169196067423524
-0.001132338443991023
-0.001095475367584131
-0.001058607584296426
-0.001021735816668756
-0.0009848607630188152
-0.0009479830967553984
-0.0009111034656772581
-0.0008742224912557748
-0.0008373407679012864
-0.0008004588622118138
-0.0007635773122059124
-0.0007266966265365534
-0.0006898172836879486
-0.00065293973115279
-0.0006160643845920063
-0.0005791916269739514
-0.0005423218076943528
-0.0005054552416759646
-0.0004685922084474409
-0.0004317329512012146
-0.0003948776758294416
-0.000358026549938097
-0.0003211797018382853
-0.000284337219514489
-0.0002474991495692256
-0.0002106654961434544
-0.0001738362198124301
-0.0001370112364562284
-0.0001001904161047522
-6.337358175618795e-05
-2.656050816882172e-05
1.024907937458512e-05
4.705550633040877e-05
8.385915018627575e-05
0.0001206604417822571
0.0001574598666618346
0.0001942579664529908
0.0002310553402803504
0.000267852646208635
0.0003046506027182245
0.0003414499902134576
0.0003782516525640699
0.0004150564986805463
0.0004518655041241761
0.0004886797127518372
0.0005255002383966858
0.0005623282665852943
0.0005991650562913064
0.000636011941727144
0.0006728703341733237
0.0007097417238467864
0.000746627681808377
0.0007835298619103913
0.0008204500027841735
0.0008573899298692549
0.0008943515574834414
0.0009313368909352761
0.0009683480286792586
0.001005387164513646
0.001042456589822128
0.001079558695859521
0.001116695976081435
0.001153871028519693
0.00119108655820149
0.00122834537961544
0.001265650419222758
0.001303004718014233
0.001340411434114121
0.001377873845430163
0.001415395352349594
0.001452979480483089
0.001490629883453449
0.00152835034573279
0.00156614478552443
0.001604017257691877
0.001641971956733602
0.001680013219802955
0.001718145529773554
0.00175637351834856
0.001794701969214531
0.001833135821237495
0.001871680171701825
0.001910340279589241
0.001949121568898902
0.001988029632005124
0.002027070233052548
0.00206624931138646
0.002105572985017736
0.002145047554117983
0.002184679504544916
0.002224475511395159
0.002264442442580479
0.002304587362425914
0.002344917535286379
0.002385440429178744
0.002426163719423541
0.002467095292295677
0.002508243248677594
0.002549615907709753
0.002591221810436947
0.00263306972343846
0.00267516864244486
0.002717527795928024
0.002760156648660461
0.002803064905237423
0.002846262513554069
0.002889759668226844
0.002933566813954678
0.002977694648806445
0.003022154127428247
0.003066956464156225
0.003112113136027874
0.003157635885675915
0.003203536724092824
0.003249827933255892
0.003296522068590864
0.003343631961267277
0.003391170720301161
0.003439151734454572
0.003487588673907473
0.003536495491685832
0.00358588642482409
0.003635775995240271
0.003686179010298057
0.003737110563034304
0.003788586032022925
0.003840621080848497
0.003893231657159429
0.003946433991269468
0.004000244594275416
0.004054680255653885
0.004109758040301968
0.004165495284982254
0.004221909594131793
0.004279018834986373
0.004336841131984027
0.004395394860388742
0.004454698639088091
0.004514771322514432
0.004575631991622406
0.00463729994387703
0.004699794682175037
0.004763135902644656
0.004827343481248993
0.004892437459119499
0.004958438026545616
0.005025365505540647
0.005093240330893698
0.005162083029630642
0.005231914198779478
0.005302754481355847
0.005374624540459691
0.005447545031382883
0.005521536571618839
0.005596619708661735
0.005672814885476322
0.005750142403519506
0.005828622383189294
0.00590827472156783
0.005989119047332235
0.006071174672694419
0.006154460542226951
0.006238995178443596
0.006324796623978572
0.006411882380228963
0.006500269342308553
0.006589973730168124
0.006681011015737725
0.006773395845942927
0.006867141961459398
0.006962262111066009
0.007058767961464575
0.00715667000244676
0.007255977447289846
0.007356698128282066
0.007458838387290389
0.007562402961294426
0.007667394862837068
0.007773815255362623
0.007881663323437853
0.007990936137877186
0.008101628515838386
0.008213732875978224
0.008327239088807786
0.008442134322435818
0.008558402883933674
0.00867602605661103
0.008794981933568575
0.008915245247939078
0.009036787200317638
0.009159575283958539
0.009283573108392066
0.00940874022221303
0.009535031935884409
0.009662399145497907
0.009790788158538318
0.009920140522809652
0.01005039285978578
0.01018147670376337
0.01031331834831713
0.01044583870165164
0.01057895315258013
0.0107125714489458
0.01084659759042019
0.01098092973769982
0.01111546014020869
0.011250075084484
0.01138465486548863
0.01151907378311604
0.01165320016618736
0.01178689642622276
0.01192001914323859
0.0120524191857587
0.01218394186712426
0.01231442714006585
0.01244370983131194
0.01257161991781479
0.01269798284590381
0.01282261989439684
0.01294534858234634
0.0130659831217266
0.01318433491494436
0.01330021309658952
0.01341342511836278
0.01352377737558001
0.01363107587310884
0.01373512692803679
0.01383573790578414
0.01393271798581438
0.01402587895251121
0.01411503600626889
0.01420000858931273
0.01428062122030135
0.01435670433134095
0.01442809510069145
0.01449463827416087
0.01455618696799191
0.01461260344594083
0.01466375986324332
0.01470953897026708
0.01474983476885264
0.01478455311466486
0.01481361225929395
0.01483694332637644
0.01485449071662088
0.01486621243732677
0.01487208035278745
0.01487208035278749
0.01486621243732687
0.01485449071662106
0.01483694332637669
0.01481361225929427
0.01478455311466525
0.0147498347688531
0.01470953897026761
0.01466375986324392
0.01461260344594148
0.01455618696799263
0.01449463827416165
0.01442809510069229
0.01435670433134185
0.0142806212203023
0.01420000858931373
0.01411503600626995
0.01402587895251231
0.01393271798581553
0.01383573790578534
0.01373512692803802
0.01363107587311011
0.01352377737558133
0.01341342511836413
0.01330021309659089
0.01318433491494576
0.01306598312172803
0.01294534858234778
0.01282261989439831
0.01269798284590531
0.0125716199178163
0.01244370983131346
0.01231442714006738
0.0121839418671258
0.01205241918576025
0.01192001914324015
0.01178689642622432
0.01165320016618893
0.01151907378311761
0.0113846548654902
0.01125007508448557
0.01111546014021025
0.01098092973770137
0.01084659759042175
0.01071257144894734
0.01057895315258166
0.01044583870165317
0.01031331834831865
0.01018147670376488
0.01005039285978728
0.009920140522811132
0.00979078815853978
0.009662399145499358
0.009535031935885849
0.009408740222214447
0.009283573108393473
0.009159575283959928
0.009036787200319018
0.008915245247940438
0.00879498193356992
0.008676026056612364
0.008558402883934984
0.00844213432243711
0.008327239088809061
0.008213732875979478
0.008101628515839621
0.007990936137878405
0.007881663323439057
0.007773815255363808
0.007667394862838226
0.007562402961295566
0.007458838387291509
0.007356698128283181
0.007255977447290944
0.007156670002447839
0.007058767961465637
0.006962262111067053
0.006867141961460426
0.006773395845943928
0.00668101101573871
0.006589973730169099
0.006500269342309515
0.006411882380229906
0.006324796623979484
0.006238995178444498
0.006154460542227835
0.006071174672695287
0.005989119047333087
0.005908274721568672
0.005828622383190139
0.005750142403520326
0.005672814885477126
0.005596619708662525
0.00552153657161962
0.005447545031383651
0.005374624540460438
0.00530275448135658
0.005231914198780201
0.005162083029631353
0.0050932403308944
0.005025365505541336
0.004958438026546293
0.004892437459120162
0.004827343481249645
0.0047631359026453
0.004699794682175669
0.004637299943877652
0.004575631991623012
0.004514771322515024
0.004454698639088673
0.00439539486038932
0.00433684113198459
0.004279018834986928
0.004221909594132335
0.004165495284982786
0.004109758040302492
0.004054680255654405
0.004000244594275926
0.003946433991269968
0.00389323165715992
0.003840621080848978
0.003788586032023393
0.003737110563034769
0.003686179010298515
0.003635775995240721
0.003585886424824532
0.003536495491686266
0.003487588673907897
0.003439151734454989
0.003391170720301575
0.003343631961267684
0.003296522068591263
0.003249827933256284
0.003203536724093211
0.003157635885676294
0.003112113136028253
0.003066956464156596
0.00302215412742861
0.002977694648806802
0.002933566813955031
0.002889759668227188
0.00284626251355441
0.002803064905237761
0.002760156648660793
0.002717527795928352
0.002675168642445182
0.002633069723438781
0.002591221810437263
0.002549615907710058
0.002508243248677895
0.002467095292295969
0.002426163719423829
0.002385440429179027
0.002344917535286659
0.002304587362426191
0.002264442442580757
0.002224475511395431
0.002184679504545189
0.002145047554118251
0.002105572985017998
0.002066249311386711
0.002027070233052795
0.00198802963200537
0.00194912156889914
0.001910340279589478
0.001871680171702059
0.001833135821237725
0.001794701969214753
0.00175637351834878
0.001718145529773767
0.001680013219803173
0.001641971956733816
0.001604017257692083
0.001566144785524633
0.00152835034573299
0.001490629883453646
0.001452979480483284
0.001415395352349787
0.001377873845430356
0.001340411434114311
0.001303004718014419
0.001265650419222941
0.001228345379615622
0.001191086558201674
0.001153871028519875
0.001116695976081615
0.001079558695859697
0.001042456589822302
0.001005387164513818
0.0009683480286794305
0.0009313368909354445
0.0008943515574836094
0.0008573899298694208
0.0008204500027843304
0.0007835298619105453
0.000746627681808531
0.0007097417238469371
0.0006728703341734723
0.0006360119417272897
0.0005991650562914502
0.0005623282665854371
0.0005255002383968262
0.0004886797127519754
0.0004518655041243141
0.0004150564986806821
0.0003782516525642059
0.0003414499902135917
0.0003046506027183584
0.0002678526462087642
0.0002310553402804809
0.0001942579664531173
0.0001574598666619592
0.00012066044178238
8.385915018639815e-05
4.705550633052809e-05
1.024907937470018e-05
-2.656050816870876e-05
-6.337358175607524e-05
-0.0001001904161046415
-0.0001370112364561187
-0.0001738362198123174
-0.0002106654961433425
-0.0002474991495691133
-0.0002843372195143794
-0.0003211797018381769
-0.0003580265499379913
-0.0003948776758293365
-0.0004317329512011119
-0.0004685922084473373
-0.0005054552416758631
-0.0005423218076942525
-0.0005791916269738529
-0.0006160643845919069
-0.0006529397311526925
-0.0006898172836878526
-0.0007266966265364597
-0.0007635773122058194
-0.0008004588622117215
-0.0008373407679011962
-0.0008742224912556849
-0.0009111034656771731
-0.0009479830967553137
-0.0009848607630187313
-0.001021735816668674
-0.001058607584296344
-0.001095475367584046
-0.00113233844399094
-0.001169196067423442
-0.001206047468890136
-0.001242891857142465
-3.685916669278893e-05
-3.68500766306044e-05
-3.68401215998149e-05
-3.682928204079497e-05
-3.681753896037731e-05
-3.680487391930542e-05
-3.679126902034349e-05
-3.677670689539528e-05
-3.676117069537499e-05
-3.674464407723269e-05
-3.672711119375232e-05
-3.67085566829446e-05
-3.66889656563525e-05
-3.666832368963423e-05
-3.664661681247891e-05
-3.66238314988042e-05
-3.659995465623251e-05
-3.657497361763892e-05
-3.654887613247677e-05
-3.652165035547007e-05
-3.64932848415804e-05
-3.646376853414814e-05
-3.64330907584783e-05
-3.640124121377407e-05
-3.636820996386245e-05
-3.633398743023979e-05
-3.629856438624828e-05
-3.626193194708602e-05
-3.622408156305329e-05
-3.618500501378092e-05
-3.614469440270994e-05
-3.610314214595374e-05
-3.606034097031213e-05
-3.601628390417623e-05
-3.597096427322818e-05
-3.592437569269567e-05
-3.587651206340934e-05
-3.582736756311037e-05
-3.577693664481626e-05
-3.572521402826949e-05
-3.567219469550087e-05
-3.561787388528577e-05
-3.556224709055451e-05
-3.550531004848447e-05
-3.544705874097809e-05
-3.538748938651917e-05
-3.532659843742375e-05
-3.526438257223722e-05
-3.520083869592953e-05
-3.513596393477241e-05
-3.506975562493689e-05
-3.50022113214775e-05
-3.49333287817001e-05
-3.486310596834034e-05
-3.479154104556134e-05
-3.471863237090054e-05
-3.46443784958798e-05
-3.456877816288183e-05
-3.449183029722865e-05
-3.441353400789673e-05
-3.433388858347962e-05
-3.425289348547498e-05
-3.417054835018007e-05
-3.408685298771385e-05
-3.400180736397982e-05
-3.391541161906712e-05
-3.382766604873047e-05
-3.373857110817522e-05
-3.364812740674652e-05
-3.355633570803285e-05
-3.346319692390934e-05
-3.336871211628227e-05
-3.327288248872958e-05
-3.317570939039787e-05
-3.30771943101388e-05
-3.297733886987149e-05
-3.287614483804308e-05
-3.277361410331467e-05
-3.266974869547241e-05
-3.256455077000963e-05
-3.245802260773022e-05
-3.235016661654782e-05
-3.224098532902324e-05
-3.213048139155794e-05
-3.20186575828337e-05
-3.190551678632052e-05
-3.179106200344338e-05
-3.167529635572543e-05
-3.155822307005099e-05
-3.143984548684396e-05
-3.132016705574755e-05
-3.119919132730357e-05
-3.107692196810791e-05
-3.095336273979702e-05
-3.082851750882343e-05
-3.070239024229407e-05
-3.057498500668393e-05
-3.044630596901846e-05
-3.031635738856551e-05
-3.018514361919935e-05
-3.005266911486064e-05
-2.9918938415126e-05
-2.978395615631081e-05
-2.964772705555271e-05
-2.95102559262188e-05
-2.937154767333507e-05
-2.923160727283598e-05
-2.909043979693136e-05
-2.894805039854585e-05
-2.880444432193034e-05
-2.865962687169191e-05
-2.851360345132799e-05
-2.836637953867668e-05
-2.821796068440712e-05
-2.806835252569159e-05
-2.791756076889931e-05
-2.776559119452703e-05
-2.761244966372721e-05
-2.74581421049708e-05
-2.730267452243456e-05
-2.714605299016044e-05
-2.698828364793983e-05
-2.682937271608979e-05
-2.66693264701928e-05
-2.650815126457769e-05
-2.634585351340602e-05
-2.618243969806955e-05
-2.60179163664751e-05
-2.585229012947264e-05
-2.568556766317699e-05
-2.551775570147483e-05
-2.534886104672896e-05
-2.517889055767978e-05
-2.500785115385639e-05
-2.483574981734097e-05
-2.466259358158133e-05
-2.448838954495913e-05
-2.431314486080335e-05
-2.413686673924124e-05
-2.395956244276596e-05
-2.378123929628396e-05
-2.360190467243513e-05
-2.342156599685342e-05
-2.324023075488669e-05
-2.305790648020337e-05
-2.287460075492852e-05
-2.269032121903394e-05
-2.250507555659329e-05
-2.231887150364899e-05
-2.213171684814805e-05
-2.194361942015371e-05
-2.175458710607017e-05
-2.156462782837592e-05
-2.137374956818409e-05
-2.118196034184071e-05
-2.098926822207869e-05
-2.079568131357313e-05
-2.060120777836113e-05
-2.040585580720294e-05
-2.020963365566967e-05
-2.001254959429945e-05
-1.981461195802676e-05
-1.961582911184687e-05
-1.941620946572586e-05
-1.921576146541675e-05
-1.901449360497536e-05
-1.881241440814364e-05
-1.86095324438849e-05
-1.840585631182318e-05
-1.820139466021614e-05
-1.799615616323388e-05
-1.779014953991973e-05
-1.758338353825023e-05
-1.737586694926119e-05
-1.716760858359531e-05
-1.695861731390494e-05
-1.674890202048988e-05
-1.653847162559903e-05
-1.632733508975279e-05
-1.611550139951582e-05
-1.590297957727242e-05
-1.568977867216009e-05
-1.547590777026266e-05
-1.526137598118368e-05
-1.504619245197952e-05
-1.48303663531766e-05
-1.461390688817184e-05
-1.439682328335435e-05
-1.417912480366462e-05
-1.396082072979999e-05
-1.374192037438242e-05
-1.352243308084789e-05
-1.330236821013184e-05
-1.308173515646179e-05
-1.28605433338614e-05
-1.263880218882568e-05
-1.241652117890182e-05
-1.21937098010195e-05
-1.197037755849242e-05
-1.174653399958631e-05
-1.152218866991018e-05
-1.129735115732693e-05
-1.107203106053975e-05
-1.084623800156502e-05
-1.061998162188714e-05
-1.039327159050049e-05
-1.016611758443457e-05
-9.938529309442295e-06
-9.710516485666129e-06
-9.482088852816118e-06
-9.253256168711123e-06
-9.024028207244283e-06
-8.794414759521013e-06
-8.564425636906337e-06
-8.33407066446424e-06
-8.103359678000078e-06
-7.872302537515463e-06
-7.640909111228223e-06
-7.409189285723843e-06
-7.177152964334866e-06
-6.944810048828591e-06
-6.712170473346409e-06
-6.479244175230177e-06
-6.246041101838516e-06
-6.012571219240596e-06
-5.77884449943209e-06
-5.54487092733929e-06
-5.310660496072679e-06
-5.076223213578373e-06
-4.841569093598913e-06
-4.606708160598698e-06
-4.371650450202576e-06
-4.136405998077844e-06
-3.900984857838925e-06
-3.665397080353189e-06
-3.429652737953214e-06
-3.19376189295543e-06
-2.957734626637104e-06
-2.721581020040254e-06
-2.485311161558883e-06
-2.248935139035078e-06
-2.012463055176115e-06
-1.775905009315764e-06
-1.539271102560987e-06
-1.30257145353108e-06
-1.065816156959945e-06
-8.290153393231559e-07
-5.921791089917802e-07
-3.553175823800989e-07
-1.184408811780518e-07
1.18440881166491e-07
3.55317582380718e-07
5.921791089958046e-07
8.29015339311389e-07
1.065816156960532e-06
1.302571453526085e-06
1.539271102548219e-06
1.775905009325896e-06
2.012463055173572e-06
2.248935139032689e-06
2.485311161556808e-06
2.721581020036668e-06
2.957734626640412e-06
3.193761892957147e-06
3.429652737952564e-06
3.665397080348164e-06
3.900984857840246e-06
4.136405998074009e-06
4.371650450190564e-06
4.606708160607087e-06
4.841569093610569e-06
5.076223213569564e-06
5.310660496067272e-06
5.544870927340652e-06
5.778844499420289e-06
6.01257121924354e-06
6.246041101837794e-06
6.479244175248833e-06
6.712170473327941e-06
6.944810048835878e-06
7.177152964329452e-06
7.409189285745891e-06
7.64090911125612e-06
7.872302537512348e-06
8.103359677999205e-06
8.334070664469463e-06
8.564425636866294e-06
8.794414759514024e-06
9.024028207230992e-06
9.253256168703721e-06
9.482088852809601e-06
9.710516485654882e-06
9.938529309441479e-06
1.016611758442484e-05
1.039327159053769e-05
1.06199816218824e-05
1.084623800157639e-05
1.107203106052072e-05
1.129735115737e-05
1.152218866990695e-05
1.174653399963003e-05
1.197037755846933e-05
1.219370980103182e-05
1.241652117890487e-05
1.263880218883153e-05
1.286054333390929e-05
1.308173515645987e-05
1.33023682101394e-05
1.352243308083927e-05
1.374192037436882e-05
1.396082072979996e-05
1.417912480363677e-05
1.439682328333693e-05
1.461390688818013e-05
1.48303663531631e-05
1.504619245196717e-05
1.526137598115968e-05
1.547590777025785e-05
1.568977867211572e-05
1.590297957726355e-05
1.611550139950883e-05
1.632733508976581e-05
1.65384716255828e-05
1.674890202045543e-05
1.695861731390995e-05
1.71676085835573e-05
1.737586694925528e-05
1.758338353826184e-05
1.779014953993379e-05
1.799615616321744e-05
1.820139466021307e-05
1.840585631181646e-05
1.860953244390668e-05
1.881241440814946e-05
1.901449360496765e-05
1.921576146541019e-05
1.941620946572664e-05
1.961582911180249e-05
1.98146119580508e-05
2.0012549594323e-05
2.020963365566187e-05
2.040585580719527e-05
2.060120777836925e-05
2.079568131357937e-05
2.098926822210065e-05
2.118196034184688e-05
2.137374956818872e-05
2.156462782836097e-05
2.175458710602471e-05
2.194361942013633e-05
2.213171684818117e-05
2.231887150363644e-05
2.250507555657871e-05
2.269032121905635e-05
2.287460075494078e-05
2.305790648019401e-05
2.324023075490885e-05
2.342156599689602e-05
2.360190467245259e-05
2.378123929629764e-05
2.395956244280505e-05
2.4136866739222e-05
2.431314486078827e-05
2.448838954494353e-05
2.46625935815709e-05
2.483574981732717e-05
2.50078511538327e-05
2.517889055772552e-05
2.534886104671693e-05
2.551775570146007e-05
2.568556766318054e-05
2.585229012946894e-05
2.601791636648024e-05
2.618243969811449e-05
2.634585351336147e-05
2.650815126458192e-05
2.666932647018997e-05
2.682937271608424e-05
2.698828364793495e-05
2.714605299018643e-05
2.730267452243773e-05
2.745814210494567e-05
2.761244966373018e-05
2.776559119454026e-05
2.791756076890727e-05
2.806835252567075e-05
2.821796068441405e-05
2.836637953864964e-05
2.851360345132922e-05
2.865962687171166e-05
2.880444432191706e-05
2.894805039854145e-05
2.909043979693045e-05
2.923160727285911e-05
2.93715476733467e-05
2.951025592622776e-05
2.964772705554557e-05
2.97839561563299e-05
2.991893841511687e-05
3.005266911487746e-05
3.018514361921569e-05
3.031635738855788e-05
3.044630596901679e-05
3.057498500669753e-05
3.070239024227473e-05
3.082851750884139e-05
3.095336273982018e-05
3.107692196810761e-05
3.119919132731299e-05
3.132016705575686e-05
3.14398454868431e-05
3.155822307005315e-05
3.167529635571848e-05
3.179106200343707e-05
3.19055167863539e-05
3.201865758284733e-05
3.213048139153017e-05
3.224098532904377e-05
3.235016661653297e-05
3.245802260773776e-05
3.25645507700324e-05
3.266974869546091e-05
3.277361410331593e-05
3.287614483807855e-05
3.297733886987568e-05
3.307719431013546e-05
3.317570939041213e-05
3.327288248873449e-05
3.336871211629894e-05
3.346319692390123e-05
3.355633570804529e-05
3.364812740675865e-05
3.373857110816017e-05
3.382766604873429e-05
3.391541161907028e-05
3.400180736397173e-05
3.40868529877105e-05
3.417054835017311e-05
3.425289348548927e-05
3.43338885834802e-05
3.441353400788106e-05
3.449183029721478e-05
3.456877816287605e-05
3.464437849588718e-05
3.471863237089428e-05
3.479154104555155e-05
3.486310596833766e-05
3.493332878170248e-05
3.500221132146991e-05
3.506975562493902e-05
3.513596393476986e-05
3.520083869592715e-05
3.52643825722294e-05
3.532659843741954e-05
3.538748938651512e-05
3.544705874097428e-05
3.550531004847059e-05
3.556224709055334e-05
3.561787388528414e-05
3.567219469549897e-05
3.572521402826768e-05
3.577693664481377e-05
3.582736756309752e-05
3.587651206340147e-05
3.592437569270462e-05
3.597096427323061e-05
3.601628390416458e-05
3.606034097031567e-05
3.61031421459534e-05
3.614469440270708e-05
3.618500501377175e-05
3.622408156305381e-05
3.626193194708534e-05
3.629856438625281e-05
3.633398743022954e-05
3.636820996386159e-05
3.640124121377507e-05
3.643309075848117e-05
3.646376853413848e-05
3.649328484157753e-05
3.652165035546641e-05
3.654887613247191e-05
3.657497361763844e-05
3.659995465622889e-05
3.662383149880138e-05
3.664661681247459e-05
3.666832368962961e-05
3.668896565635167e-05
3.670855668294107e-05
3.672711119374637e-05
3.674464407723257e-05
3.676117069536794e-05
3.677670689539697e-05
3.679126902034054e-05
3.680487391930259e-05
3.681753896037465e-05
3.682928204079092e-05
3.684012159980951e-05
3.685007663060094e-05
3.685916669278339e-05
3.686741192546116e-05
3.68748330599794e-05
3.688145143398918e-05
3.688728900462792e-05
3.689236836293196e-05
3.689671274857084e-05
3.690034606397904e-05
3.690329289028298e-05
3.69055785022181e-05
3.690722888446097e-05
3.69082707477357e-05
3.690873154531739e-05
3.690863949048367e-05
3.690802357352993e-05
3.690691358008245e-05
3.69053401088344e-05
3.690333459085906e-05
3.690092930825095e-05
3.689815741398296e-05
3.689505295178014e-05
3.689165087681919e-05
3.688798707636077e-05
3.688409839137711e-05
3.688002263855544e-05
3.687579863240958e-05
3.687146620815879e-05
3.686706624564856e-05
3.6862640692788e-05
3.685823258947545e-05
3.685388609370382e-05
3.684964650655528e-05
3.684556029752917e-05
3.684167513230494e-05
3.683803989887566e-05
3.683470473600928e-05
3.683172106085173e-05
3.68291415982238e-05
3.682702040979425e-05
3.682541292412525e-05
3.682437596746296e-05
3.682396779479657e-05
3.682424812095257e-05
3.682527815478918e-05
3.682712062989752e-05
3.682983984032921e-05
3.683350167279016e-05
3.683817364360165e-05
3.684392493169222e-05
3.685082641696485e-05
3.685895071612321e-05
3.68683722179664e-05
3.687916712571689e-05
3.68914134903629e-05
3.690519125301825e-05
3.692058228350239e-05
3.693767042066753e-05
3.695654151227318e-05
3.69772834585659e-05
3.699998625147748e-05
3.702474201788637e-05
3.705164506413825e-05
3.708079191525699e-05
3.711228136648148e-05
3.714621451551136e-05
3.71826948191064e-05
3.722182813238094e-05
3.726372275296556e-05
3.730848947051041e-05
3.735624160989322e-05
3.740709507816986e-05
3.746116841147333e-05
3.751858282105267e-05
3.757946223950157e-05
3.764393336845768e-05
3.771212572434098e-05
3.778417168459674e-05
3.786020653461892e-05
3.794036851443084e-05
3.802479886340888e-05
3.811364186559505e-05
3.82070448947341e-05
3.830515845891681e-05
3.840813624362598e-05
3.851613515360051e-05
3.86293153549174e-05
3.874784031895114e-05
3.887187685440996e-05
3.900159515102279e-05
3.913716881501461e-05
3.927877490086947e-05
3.942659394912267e-05
3.958081000875837e-05
3.97416106771864e-05
3.99091871145237e-05
4.008373407178003e-05
4.026544991418055e-05
4.045453663049011e-05
4.065119985028914e-05
4.085564885557333e-05
4.10680965790283e-05
4.128875961559783e-05
4.151785820449979e-05
4.175561623500533e-05
4.200226121230635e-05
4.225802426273945e-05
4.252314007971334e-05
4.279784690493771e-05
4.308238648815336e-05
4.337700402476989e-05
4.368194811684966e-05
4.399747067926896e-05
4.43238268908676e-05
4.466127508930887e-05
4.501007668128818e-05
4.537049603183795e-05
4.574280033448163e-05
4.612725948451595e-05
4.652414592931477e-05
4.693373449646555e-05
4.735630221796793e-05
4.779212813430965e-05
4.824149307215059e-05
4.87046794178069e-05
4.918197085170455e-05
4.96736520864523e-05
5.018000854893321e-05
5.070132607327333e-05
5.123789054035187e-05
5.17899875062448e-05
5.235790179520093e-05
5.294191706182549e-05
5.354231532744578e-05
5.415937647652307e-05
5.479337771733734e-05
5.544459300443653e-05
5.611329242165248e-05
5.679974153125714e-05
5.750420066010868e-05
5.822692415264537e-05
5.896815956961e-05
5.972814683636821e-05
6.050711733346052e-05
6.130529292361629e-05
6.212288493491059e-05
6.29600930561582e-05
6.381710418216968e-05
6.469409117691357e-05
6.559121157552495e-05
6.650860618627496e-05
6.744639763977661e-05
6.840468881000935e-05
6.938356120079117e-05
7.03830731827456e-05
7.140325816965131e-05
7.244412268217263e-05
7.350564429723112e-05
7.45877694860076e-05
7.56904113655351e-05
7.681344728615257e-05
7.795671633571791e-05
7.912001668042038e-05
8.030310281772503e-05
8.150568265759408e-05
8.272741448252668e-05
8.396790376736301e-05
8.522669985003796e-05
8.650329246700617e-05
8.779710812612489e-05
8.910750635816421e-05
9.04337757978693e-05
9.177513013097051e-05
9.313070389651013e-05
9.44995481475266e-05
9.588062599255667e-05
9.727280797575576e-05
9.867486738193037e-05
0.0001000854753976211
0.0001015031961857249
0.0001029264819000832
0.0001043536676035782
0.0001057829661699769
0.000107212463158289
0.0001086401116945798
0.0001100637274015451
0.0001114809834106488
0.0001128894054609797
0.0001142863671977948
0.0001156690856579418
0.0001170346170238399
0.0001183798526984802
0.0001197015157736189
0.0001209961579640597
0.0001222601570397397
0.0001234897149484317
0.0001246808565389319
0.0001258294291806988
0.0001269311032035315
0.0001279813733807864
0.0001289755614778987
0.0001299088200310523
0.0001307761374481649
0.0001315723445424786
0.0001322921226327697
0.0001329300132306987
0.0001334804296611529
0.0001339376703887707
0.0001342959344331729
0.0001345493387903483
0.000134691938084687
0.0001347177462985292
0.000134620760933693
0.0001343949893253086
0.0001340344772608295
0.0001335333400065337
0.0001328857953980136
0.0001320861991244881
0.0001311290821535336
0.0001300091898520477
0.0001287215229500807
0.0001272613798473698
0.0001256244001590538
0.0001238066091291978
0.00012180446253445
0.0001196148916060166
0.0001172353477897889
0.0001146638465067504
0.0001118990096151249
0.0001089401062100771
0.0001057870906945101
0.0001024406379915993
9.890217530768686e-05
9.517390954941039e-05
9.125885013139868e-05
8.716082660043274e-05
8.288450040159387e-05
7.843537067769727e-05
7.381977322393381e-05
6.904487285785607e-05
6.411864838770531e-05
5.904987058514735e-05
5.384807260947818e-05
4.852351326755528e-05
4.308713311906838e-05
3.755050369954011e-05
3.192577033813249e-05
2.622558877574668e-05
2.046305657693316e-05
1.465163955338562e-05
8.805094305578847e-06
2.937387447542837e-06
-2.937387447432102e-06
-8.805094305486873e-06
-1.465163955329422e-05
-2.04630565768386e-05
-2.622558877561748e-05
-3.19257703380517e-05
-3.755050369944719e-05
-4.308713311903657e-05
-4.852351326744147e-05
-5.384807260934839e-05
-5.904987058502719e-05
-6.411864838766199e-05
-6.90448728577273e-05
-7.381977322392624e-05
-7.843537067763732e-05
-8.288450040153001e-05
-8.716082660034286e-05
-9.125885013130884e-05
-9.517390954936895e-05
-9.890217530763899e-05
-0.000102440637991528
-0.000105787090694496
-0.0001089401062100191
-0.0001118990096150693
-0.0001146638465066832
-0.0001172353477898044
-0.0001196148916060106
-0.0001218044625344107
-0.0001238066091291532
-0.0001256244001590086
-0.0001272613798472943
-0.0001287215229500331
-0.0001300091898519991
-0.000131129082153527
-0.0001320861991244916
-0.0001328857953980171
-0.0001335333400064117
-0.0001340344772608436
-0.0001343949893253013
-0.0001346207609336306
-0.0001347177462985269
-0.0001346919380846636
-0.0001345493387903587
-0.0001342959344331876
-0.0001339376703887426
-0.0001334804296611439
-0.0001329300132307372
-0.000132292122632754
-0.0001315723445424944
-0.0001307761374481548
-0.0001299088200310622
-0.0001289755614778886
-0.0001279813733808047
-0.0001269311032035413
-0.0001258294291807079
-0.0001246808565390151
-0.0001234897149484712
-0.0001222601570397671
-0.0001209961579640469
-0.0001197015157736388
-0.0001183798526984792
-0.0001170346170238743
-0.000115669085657959
-0.0001142863671977957
-0.0001128894054610407
-0.0001114809834106965
-0.0001100637274015434
-0.0001086401116945942
-0.000107212463158316
-0.0001057829661700017
-0.0001043536676035944
-0.0001029264819001172
-0.0001015031961857128
-0.0001000854753976792
-9.867486738193014e-05
-9.727280797577582e-05
-9.588062599256734e-05
-9.449954814755083e-05
-9.313070389654432e-05
-9.17751301309632e-05
-9.043377579789224e-05
-8.910750635817838e-05
-8.779710812613748e-05
-8.650329246703857e-05
-8.522669985004584e-05
-8.39679037674394e-05
-8.272741448253508e-05
-8.15056826576035e-05
-8.030310281780437e-05
-7.912001668041451e-05
-7.795671633573044e-05
-7.681344728618534e-05
-7.56904113655811e-05
-7.458776948606365e-05
-7.350564429726872e-05
-7.244412268222155e-05
-7.140325816965938e-05
-7.038307318276835e-05
-6.93835612007822e-05
-6.84046888100326e-05
-6.744639763982001e-05
-6.650860618628546e-05
-6.559121157551023e-05
-6.469409117692003e-05
-6.381710418218824e-05
-6.296009305617642e-05
-6.212288493498021e-05
-6.130529292364661e-05
-6.050711733347358e-05
-5.972814683642021e-05
-5.896815956960602e-05
-5.822692415268683e-05
-5.750420066009708e-05
-5.679974153124524e-05
-5.611329242167102e-05
-5.544459300442193e-05
-5.479337771735127e-05
-5.415937647655555e-05
-5.354231532746507e-05
-5.294191706183722e-05
-5.235790179523271e-05
-5.178998750624436e-05
-5.123789054037623e-05
-5.070132607328255e-05
-5.018000854896422e-05
-4.967365208646377e-05
-4.918197085170923e-05
-4.870467941783068e-05
-4.824149307216239e-05
-4.779212813431802e-05
-4.735630221797457e-05
-4.693373449647362e-05
-4.652414592930592e-05
-4.612725948454355e-05
-4.574280033446435e-05
-4.537049603184716e-05
-4.501007668128622e-05
-4.466127508932228e-05
-4.432382689089575e-05
-4.399747067928235e-05
-4.368194811684878e-05
-4.33770040247847e-05
-4.308238648817056e-05
-4.279784690494675e-05
-4.252314007972687e-05
-4.225802426273408e-05
-4.200226121232344e-05
-4.175561623502642e-05
-4.151785820449415e-05
-4.128875961561017e-05
-4.106809657902691e-05
-4.08556488555841e-05
-4.065119985029221e-05
-4.045453663049274e-05
-4.026544991419464e-05
-4.008373407179815e-05
-3.990918711452639e-05
-3.974161067719792e-05
-3.958081000875436e-05
-3.942659394913165e-05
-3.927877490087219e-05
-3.913716881502521e-05
-3.900159515103745e-05
-3.887187685441612e-05
-3.874784031896911e-05
-3.86293153549194e-05
-3.851613515360434e-05
-3.840813624363966e-05
-3.830515845891456e-05
-3.820704489474153e-05
-3.811364186560261e-05
-3.802479886341342e-05
-3.794036851443469e-05
-3.786020653461198e-05
-3.77841716846029e-05
-3.771212572434151e-05
-3.764393336846416e-05
-3.757946223950455e-05
-3.751858282106871e-05
-3.746116841147351e-05
-3.740709507817941e-05
-3.735624160990159e-05
-3.730848947051268e-05
-3.726372275296972e-05
-3.722182813238867e-05
-3.718269481911662e-05
-3.714621451551693e-05
-3.711228136648769e-05
-3.708079191526628e-05
-3.705164506414481e-05
-3.702474201788798e-05
-3.699998625147997e-05
-3.697728345857044e-05
-3.695654151227636e-05
-3.693767042067541e-05
-3.692058228350403e-05
-3.690519125301778e-05
-3.689141349036282e-05
-3.687916712571929e-05
-3.686837221797191e-05
-3.685895071612641e-05
-3.685082641697041e-05
-3.684392493169472e-05
-3.683817364360152e-05
-3.683350167279076e-05
-3.682983984033289e-05
-3.682712062989884e-05
-3.682527815479429e-05
-3.682424812095543e-05
-3.682396779479807e-05
-3.682437596746523e-05
-3.682541292412609e-05
-3.682702040979702e-05
-3.682914159822768e-05
-3.683172106085449e-05
-3.683470473601394e-05
-3.683803989887821e-05
-3.684167513230699e-05
-3.684556029753103e-05
-3.684964650655975e-05
-3.685388609370857e-05
-3.685823258947914e-05
-3.686264069279138e-05
-3.686706624565017e-05
-3.687146620816247e-05
-3.687579863241096e-05
-3.688002263855784e-05
-3.688409839137912e-05
-3.688798707636526e-05
-3.689165087682165e-05
-3.689505295178264e-05
-3.689815741398615e-05
-3.690092930825387e-05
-3.6903334590862e-05
-3.690534010883758e-05
-3.690691358008757e-05
-3.690802357353435e-05
-3.69086394904858e-05
-3.690873154532136e-05
-3.690827074773798e-05
-3.69072288844619e-05
-3.690557850222262e-05
-3.690329289028563e-05
-3.690034606398253e-05
-3.689671274857472e-05
-3.689236836293327e-05
-3.68872890046333e-05
-3.688145143399343e-05
-3.687483305998193e-05
-3.6867411925384e-05
0
