-1.225466584165158e-06
-2.268658205759522e-06
-3.332654311320174e-06
-4.4267135248942e-06
-5.560227178706993e-06
-6.742751865610255e-06
-7.98404081233349e-06
-9.294073737337819e-06
-1.068308478660357e-05
-1.216158840631858e-05
-1.374040268207815e-05
-1.543067001028324e-05
-1.724387476482363e-05
-1.919185772396867e-05
-2.128682709460778e-05
-2.354136587184516e-05
-2.59684354957661e-05
-2.858137550986817e-05
-3.139389930578284e-05
-3.442008578079768e-05
-3.767436694126396e-05
-4.117151147231849e-05
-4.492660429963099e-05
-4.895502226247598e-05
-5.327240608474703e-05
-5.78946286690662e-05
-6.283776011831903e-05
-6.811802955573312e-05
-7.375178408889661e-05
-7.975544524309406e-05
-8.614546312788861e-05
-9.29382686857363e-05
-0.000100150224438795
-0.0001077975740257095
-0.000115896390953071
-0.0001244625269820605
-0.0001335115603736813
-0.0001430587446075342
-0.0001531189576985045
-0.0001637066526384056
-0.0001748358092275542
-0.0001865198875905614
-0.000198771783743452
-0.0002116037874093355
-0.0002250275423750186
-0.0002390540095857391
-0.0002536934331756188
-0.0002689553095638069
-0.0002848483597890838
-0.0003013805051376561
-0.0003185588461635247
-0.0003363896451121558
-0.0003548783118053076
-0.0003740293929144216
-0.0003938465646370634
-0.0004143326286962655
-0.0004354895115431722
-0.0004573182667584556
-0.000479819080429586
-0.0005029912794126904
-0.0005268333423736303
-0.0005513429133927692
-0.0005765168179977216
-0.0006023510814102207
-0.0006288409489522044
-0.0006559809082274286
-0.0006837647131265109
-0.0007121854092832927
-0.000741235360905524
-0.0007709062787676609
-0.0008011892492335608
-0.0008320747640468201
-0.0008635527508251894
-0.0008956126040511915
-0.0009282432163952399
-0.0009614330102884665
-0.0009951699695265022
-0.001029441670869271
-0.001064235315397728
-0.001099537759715698
-0.001135335546612183
-0.00117161493538314
-0.001208361931512567
-0.001245562315780996
-0.001283201672600477
-0.001321265417673602
-0.001359738824758017
-0.001398607051638384
-0.001437855165138672
-0.001477468165283222
-0.001517431008407618
-0.001557728629399823
-0.001598345962894472
-0.001639267963459218
-0.001680479624844683
-0.001721965998179107
-0.001763712209192112
-0.001805703474471299
-0.001847925116701383
-0.001890362578985412
-0.00193300143821183
-0.001975827417473891
-0.002018826397632028
-0.002061984427955896
-0.002105287735963048
-0.002148722736365626
-0.00219227603927024
-0.002235934457590103
-0.002279685013695845
-0.002323514945394987
-0.002367411711166515
-0.002411362994794167
-0.002455356709357702
-0.002499381000601415
-0.002543424249779094
-0.002587475075907612
-0.002631522337575307
-0.002675555134221116
-0.002719562806965701
-0.002763534939021892
-0.002807461355699047
-0.002851332124057481
-0.002895137552162036
-0.002938868188030519
-0.002982514818308837
-0.003026068466590698
-0.003069520391576546
-0.003112862084876987
-0.003156085268684892
-0.003199181893210062
-0.003242144133904877
-0.003284964388614298
-0.003327635274412098
-0.003370149624503425
-0.003412500484831336
-0.003454681110679144
-0.003496684963145838
-0.003538505705546376
-0.003580137199740818
-0.00362157350240585
-0.003662808861253124
-0.003703837711239135
-0.003744654670697606
-0.003785254537499492
-0.003825632285187763
-0.003865783059058099
-0.003905702172370116
-0.003945385102377193
-0.003984827486594185
-0.004024025118880269
-0.004062973945684395
-0.004101670062268976
-0.004140109708956589
-0.00417828926748146
-0.004216205257274884
-0.004253854331893073
-0.00429123327546702
-0.004328338999171562
-0.004365168537761237
-0.004401719046232121
-0.004437987796372068
-0.00447397217360034
-0.004509669673627137
-0.004545077899377149
-0.004580194557844358
-0.004615017457066026
-0.004649544503138287
-0.004683773697316702
-0.004717703133140282
-0.004751330993686788
-0.004784655548828198
-0.004817675152558269
-0.004850388240437622
-0.004882793327033717
-0.004914889003459333
-0.004946673934978824
-0.004978146858648053
-0.005009306581042686
-0.005040151976048381
-0.005070681982659196
-0.005100895602936511
-0.005130791899895473
-0.005160369995578501
-0.005189629069081068
-0.005218568354694309
-0.00524718714007986
-0.005275484764518478
-0.005303460617170987
-0.005331114135410112
-0.005358444803254915
-0.005385452149742478
-0.005412135747446709
-0.005438495211027499
-0.005464530195770246
-0.005490240396222677
-0.005515625544881175
-0.005540685410863586
-0.005565419798693801
-0.005589828547100432
-0.005613911527790673
-0.005637668644427758
-0.005661099831420556
-0.005684205052963043
-0.005706984301975746
-0.005729437599126345
-0.005751564991908044
-0.005773366553671671
-0.005794842382802571
-0.005815992601862041
-0.005836817356685873
-0.005857316815726603
-0.005877491169173872
-0.005897340628295144
-0.005916865424677316
-0.005936065809598141
-0.005954942053305949
-0.005973494444454723
-0.005991723289457177
-0.00600962891190327
-0.006027211652007396
-0.006044471866070334
-0.006061409925962142
-0.006078026218617641
-0.006094321145543599
-0.006110295122394312
-0.006125948578501698
-0.006141281956467338
-0.006156295711732058
-0.006170990312248387
-0.006185366238014952
-0.006199423980796636
-0.006213164043755493
-0.00622658694112597
-0.006239693197864736
-0.006252483349432146
-0.006264957941414512
-0.006277117529322839
-0.006288962678277727
-0.006300493962799495
-0.006311711966528297
-0.006322617282034523
-0.006333210510576833
-0.006343492261907462
-0.006353463154069063
-0.006363123813196713
-0.006372474873372383
-0.006381516976406637
-0.006390250771712323
-0.006398676916134096
-0.006406796073822477
-0.006414608916048289
-0.006422116121141533
-0.00642931837428541
-0.006436216367492169
-0.006442810799393675
-0.006449102375205164
-0.006455091806598129
-0.006460779811606913
-0.006466167114557604
-0.006471254445956743
-0.006476042542411313
-0.006480532146627076
-0.006484724007226317
-0.006488618878754503
-0.006492217521626953
-0.006495520702020587
-0.006498529191867177
-0.006501243768791254
-0.006503665216045204
-0.00650579432247184
-0.006507631882536523
-0.006509178696157128
-0.006510435568761353
-0.006511403311283688
-0.006512082740039908
-0.006512474676772818
-0.006512579948603289
-0.006512399388026622
-0.006511933832876874
-0.006511184126312614
-0.006510151116815903
-0.006508835658139554
-0.006507238609362186
-0.006505360834815934
-0.006503203204110663
-0.006500766592117424
-0.00649805187896341
-0.00649505995003279
-0.006491791695949794
-0.006488248012596751
-0.006484429801088508
-0.00648033796779735
-0.006475973424339807
-0.00647133708758484
-0.00646642987963165
-0.006461252727835118
-0.006455806564846811
-0.006450092328518136
-0.006444110962014443
-0.006437863413742191
-0.006431350637384483
-0.006424573591916623
-0.006417533241609582
-0.006410230555992053
-0.006402666509920839
-0.006394842083554088
-0.006386758262360841
-0.006378416037123026
-0.006369816403953905
-0.006360960364308002
-0.006351848924974491
-0.006342483098078312
-0.006332863901106859
-0.00632299235691846
-0.006312869493724499
-0.006302496345118807
-0.00629187395006156
-0.00628100335291681
-0.006269885603434279
-0.006258521756734119
-0.006246912873371323
-0.0062350600192983
-0.006222964265880138
-0.006210626689876156
-0.00619804837347275
-0.006185230404307931
-0.006172173875400075
-0.006158879885199822
-0.006145349537628072
-0.006131583941991217
-0.006117584213028052
-0.006103351470928194
-0.006088886841311329
-0.006074191455208171
-0.006059266449095331
-0.00604411296486124
-0.006028732149835026
-0.006013125156748443
-0.005997293143762689
-0.005981237274453637
-0.005964958717802486
-0.005948458648187291
-0.005931738245391512
-0.005914798694582887
-0.00589764118630508
-0.005880266916497028
-0.00586267708643642
-0.005844872902780671
-0.005826855577524956
-0.005808626327968176
-0.005790186376774872
-0.005771536951900131
-0.005752679286595024
-0.005733614619398114
-0.00571434419409949
-0.005694869259759005
-0.005675191070676048
-0.005655310886338566
-0.005635229971467313
-0.005614949595951518
-0.005594471034840269
-0.005573795568317602
-0.005552924481700218
-0.005531859065392338
-0.005510600614897898
-0.005489150430724984
-0.005467509818455256
-0.005445680088650611
-0.005423662556832869
-0.005401458543495517
-0.00537906937404665
-0.0053564963787654
-0.0053337408928171
-0.005310804256168979
-0.005287687813592374
-0.005264392914644445
-0.005240920913585224
-0.005217273169379566
-0.005193451045639029
-0.00516945591062844
-0.005145289137144946
-0.005120952102598571
-0.005096446188858694
-0.005071772782241708
-0.005046933273541311
-0.005021929057909161
-0.004996761534808992
-0.004971432108026435
-0.004945942185568447
-0.004920293179658719
-0.004894486506653781
-0.004868523587016694
-0.00484240584525936
-0.00481613470988479
-0.004789711613347147
-0.00476313799199462
-0.00473641528598913
-0.004709544939275129
-0.004682528399531828
-0.004655367118070752
-0.004628062549838127
-0.004600616153285364
-0.004573029390359655
-0.004545303726406187
-0.004517440630121061
-0.004489441573465238
-0.004461308031627707
-0.004433041482917458
-0.004404643408714242
-0.004376115293406979
-0.004347458624277244
-0.004318674891469728
-0.004289765587895768
-0.004260732209142129
-0.004231576253414792
-0.004202299221434329
-0.004172902616353757
-0.004143387943698025
-0.004113756711258083
-0.004084010428990572
-0.004054150608948145
-0.004024178765165542
-0.003994096413607992
-0.003963905071999259
-0.003933606259820512
-0.003903201498106995
-0.003872692309427879
-0.003842080217745408
-0.00381136674832435
-0.003780553427580029
-0.003749641783025691
-0.003718633343139008
-0.003687529637231654
-0.003656332195342777
-0.0036250425481286
-0.003593662226708236
-0.003562192762611509
-0.003530635687539359
-0.003498992533335821
-0.003467264831823043
-0.00343545411463141
-0.003403561913105403
-0.003371589758161302
-0.00333953918011375
-0.003307411708560995
-0.003275208872208676
-0.0032429321987466
-0.003210583214664927
-0.003178163445112273
-0.003145674413737203
-0.00311311764251306
-0.003080494651577887
-0.003047806959053128
-0.003015056080857424
-0.00298224353058205
-0.002949370819239183
-0.00291643945512093
-0.002883450943579655
-0.002850406786849298
-0.00281730848386138
-0.002784157530014346
-0.002750955416973231
-0.002717703632467975
-0.002684403660087872
-0.00265105697901043
-0.002617665063847128
-0.002584229384348683
-0.002550751405231562
-0.002517232585883887
-0.002483674380129164
-0.002450078236027275
-0.002416445595546838
-0.002382777894338885
-0.002349076561501108
-0.002315343019229492
-0.002281578682594015
-0.002247784959256103
-0.002213963249139581
-0.002180114944183299
-0.00214624142797002
-0.002112344075484967
-0.002078424252751328
-0.002044483316527504
-0.002010522613959705
-0.001976543482259245
-0.001942547248341045
-0.001908535228464012
-0.001874508727889014
-0.0018404690404997
-0.001806417448386351
-0.001772355221534996
-0.001738283617353323
-0.001704203880299712
-0.001670117241479754
-0.001636024918181434
-0.001601928113480062
-0.001567828015772733
-0.001533725798344372
-0.001499622618855055
-0.001465519618933178
-0.001431417923625188
-0.001397318640946004
-0.001363222861323866
-0.001329131657136338
-0.001295046082104747
-0.001260967170839429
-0.001226895938194086
-0.00119283337873619
-0.001158780466189809
-0.001124738152761737
-0.001090707368617046
-0.001056689021203908
-0.001022683994607179
-0.0009886931489417954
-0.0009547173196077182
-0.0009207573167050967
-0.0008868139242156458
-0.0008528878993952799
-0.0008189799719788093
-0.0007850908434208271
-0.0007512211861779537
-0.000717371642881571
-0.0006835428255475738
-0.0006497353147409512
-0.0006159496587624536
-0.0005821863727691725
-0.0005484459378944412
-0.0005147288003354053
-0.0004810353704718471
-0.0004473660218760913
-0.0004137210903718579
-0.0003801008730508174
-0.0003465056272696739
-0.0003129355695922036
-0.0002793908747506812
-0.0002458716745868798
-0.0002123780569052082
-0.000178910064403468
-0.0001454676934418641
-0.0001120508929519383
-7.865956315836892e-05
-4.529355440650905e-05
-1.195266585359445e-05
2.136335580536558e-05
5.465481762233779e-05
8.792208175292153e-05
0.0001211655668771042
0.0001543857495447457
0.0001875831656044302
0.0002207584117081443
0.0002539121468074371
0.0002870450936273816
0.0003201580402719443
0.000353251841806501
0.0003863274218838409
0.0004193857743754405
0.0004524279651003465
0.0004854551335543036
0.0005184684946229166
0.0005514693404297237
0.0005844590421596723
0.0006174390518986824
0.0006504109045875001
0.0006833762199012195
0.0007163367043101299
0.0007492941530228749
0.0007822504520812353
0.0008152075804357117
0.000848167612096132
0.0008811327182828275
0.0009141051696489786
0.0009470873384966965
0.0009800817011115337
0.001013090840048237
0.001046117446489468
0.001079164322682927
0.00111223438433596
0.00114533066313079
0.001178456309201259
0.001211614593715079
0.001244808911445587
0.00127804278338633
0.001311319859444338
0.001344643921094132
0.001378018884130133
0.00141144880140689
0.001444937865664882
0.001478490412330074
0.001512110922349804
0.001545804025091746
0.001579574501286307
0.001613427285883286
0.001647367471046058
0.001681400309124033
0.001715531215642594
0.001749765772294351
0.001784109729980276
0.001818569011796682
0.001853149716123668
0.00188785811962467
0.001922700680294427
0.001957684040479496
0.001992815029928492
0.002028100668748077
0.002063548170457463
0.002099164944900288
0.002134958601207494
0.002170936950690616
0.002207108009701267
0.002243480002417699
0.002280061363633721
0.002316860741413739
0.002353886999733185
0.002391149220970227
0.002428656708388197
0.002466418988467221
0.002504445813104692
0.002542747161741168
0.00258133324332575
0.002620214498146226
0.002659401599469052
0.002698905455011267
0.00273873720827035
0.002778908239581883
0.002819430166971219
0.002860314846789155
0.002901574374047033
0.002943221082497261
0.002985267544395649
0.003027726569956125
0.003070611206425175
0.003113934736791391
0.003157710678144441
0.00320195277948721
0.003246675019231611
0.003291891602069119
0.003337616955415655
0.0033838657252761
0.003430652771415727
0.00347799316208343
0.003525902167881602
0.003574395255014917
0.003623488077750405
0.00367319647007854
0.003723536436469584
0.003774524141796686
0.003826175900205591
0.003878508163030106
0.00393153750555808
0.003985280612715362
0.004039754263483993
0.004094975314039439
0.004150960679570565
0.004207727314637156
0.004265292191987439
0.004323672279862134
0.004382884517565577
0.00444294578923757
0.004503872895871297
0.004565682525284671
0.004628391220079426
0.004692015343442198
0.004756571042702213
0.004822074210507924
0.004888540443550743
0.004955984998713929
0.005024422746476844
0.0050938681216067
0.005164335070832577
0.005235836997535624
0.005308386703299522
0.005381996326161538
0.005456677275512099
0.005532440163517027
0.005609294732959175
0.005687249781374619
0.005766313081490732
0.005846491297734878
0.005927789898896698
0.006010213066772774
0.006093763600834307
0.006178442818854617
0.006264250453485036
0.00635118454485442
0.006439241329138448
0.006528415123322018
0.006618698206118753
0.006710080695285121
0.006802550421469732
0.006896092798904107
0.006990690693103976
0.007086324286000641
0.007182970938892828
0.007280605053606585
0.007379197932491546
0.007478717637739641
0.007579128850759944
0.007680392732381771
0.007782466784593385
0.007885304714892412
0.007988856304136349
0.008093067279054185
0.008197879190521288
0.008303229298991915
0.00840905046834837
0.008515271069649307
0.008621814896333577
0.00872860109244656
0.008835544095591053
0.008942553596301396
0.009049534515675035
0.009156387002954449
0.00926300645506006
0.009369283559680763
0.009475104363876951
0.009580350369845675
0.009684898659512154
0.009788622049559815
0.009891389278243082
0.00999306522526084
0.01009351116575664
0.01019258505923985
0.01029014187396197
0.01038603394698824
0.01048011137993437
0.01057222246977079
0.01066221417401509
0.01074993260889364
0.01083522357888296
0.0109179331353821
0.01099790816200578
0.01107499698336375
0.01114904999382308
0.01121992030237102
0.0112874643891109
0.01135154276878471
0.01141202065619043
0.01146876862811773
0.01152166327636391
0.01157058784596969
0.0116154328529642
0.01165609667575456
0.0116924861144998
0.01172451691284236
0.0117521142367316
0.0117752131053562
0.01179375876959115
0.0118077070339648
0.01181702451861006
0.01182168885823832
0.01182168883611861
0.01181702445135336
0.01180770691888659
0.01179375860209039
0.01177521287878907
0.01175211394215786
0.01172451653871859
0.01169248564629987
0.01165609609548675
0.01161543213857074
0.01157058697062681
0.0115216622076252
0.0114687673269329
0.01141201907572667
0.01135154085305454
0.01128746207135746
0.01121991750322909
0.01114904661918141
0.01107499292186818
0.01099790328224822
0.01091792728264468
0.01083521657144589
0.0107499242338281
0.01066220418241993
0.01057221057140154
0.01048009723715159
0.01038601716797204
0.01029012200510758
0.01019256157672039
0.01009348346610496
0.00999303261496748
0.009891350962275218
0.009788577118697224
0.009684846076494323
0.009580288954213076
0.009475032775435419
0.009369200280538576
0.009262909770199713
0.009156274979223477
0.009049404979183415
0.008942404108174852
0.008835371926003156
0.008728403192976989
0.008621587870516374
0.008515011141792834
0.008408753450550747
0.008302890556394502
0.008197493604809857
0.008092629210190883
0.007988359550427803
0.00788474247135483
0.007781831599755823
0.007679676463533693
0.007578322617760383
0.007477811775446972
0.007378181941991606
0.007279467552242755
0.007181699609295841
0.007084905824286255
0.006989110756273896
0.006894335951732854
0.006800600082939242
0.00670791908481717
0.006616306289719034
0.006525772559893235
0.006436326417096176
0.0063479741692963
0.006260720034095792
0.006174566258729131
0.00608951323652826
0.0060055596196716
0.005922702428248284
0.005840937155481027
0.005760257869162417
0.005680657309305985
0.005602126981984923
0.005524657249445439
0.005448237416545848
0.005372855813567306
0.005298499875494365
0.00522515621784185
0.005152810709151249
0.005081448540193151
0.005011054290071508
0.004941611989240758
0.004873105179641736
0.004805516971983853
0.004738830100326137
0.004673026974101499
0.004608089727592497
0.004544000267097894
0.004480740315785914
0.00441829145639843
0.004356635171904132
0.004295752884165273
0.004235625990755974
0.004176235899993259
0.004117564064290181
0.004059592011895556
0.004002301377108106
0.003945673929064288
0.003889691599146362
0.003834336507080508
0.003779590985798304
0.003725437605136819
0.003671859194416993
0.003618838863941974
0.003566360025517892
0.00351440641197087
0.003462962095772563
0.003412011506759017
0.003361539449019683
0.003311531116975767
0.00326197211064734
0.003212848450196785
0.003164146589722812
0.003115853430315598
0.003067956332478606
0.003020443127795294
0.002973302129969166
0.002926522145197833
0.002880092481868346
0.002834002959639722
0.002788243917841607
0.002742806223234874
0.00269768127713932
0.002652861021872904
0.002608337946548927
0.002564105092209795
0.002520156056259625
0.002476484996216529
0.002433086632758726
0.002389956252063872
0.002347089707407758
0.002304483419983469
0.002262134379025352
0.002220040141080171
0.002178198828509204
0.002136609127161808
0.002095270283212678
0.002054182099132641
0.002013344928789332
0.001972759671631891
0.001932427765966471
0.001892351181311854
0.001852532409761934
0.001812974456406986
0.001773680828754765
0.001734655525134899
0.001695903022117339
0.001657428260842821
0.001619236632382315
0.001581333961970006
0.001543726492244544
0.001506420865363641
0.00146942410412272
0.00143274359193978
0.001396387051829429
0.001360362524300918
0.001324678344220959
0.001289343116638698
0.001254365691612218
0.001219755138042957
0.001185520716550512
0.001151671851407556
0.001118218101616605
0.001085169131087931
0.001052534678065127
0.001020324523771215
0.0009885484603848957
0.0009572162583655073
0.0009263376332636622
0.0008959222120298888
0.0008659794989434848
0.0008365188412458313
0.0008075493945629633
0.0007790800882405699
0.0007511195906982678
0.0007236762748866728
0.0006967581840316029
0.0006703729977405957
0.0006445279986490417
0.0006192300397082542
0.0005944855122570402
0.0005703003151091143
0.000546679824676561
0.0005236288664073685
0.0005011516876113845
0.000479251931867662
0.0004579326151786852
0.000437196104014612
0.0004170440953855051
0.0003974775991381838
0.0003784969225691538
0.0003601016575301126
0.000342290670145704
0.0003250620932365332
0.0003084133216097332
0.0002923410102350305
0.0002768410754726168
0.0002619086993171345
0.0002475383368042506
0.0002337237264868437
0.0002204579041172397
0.0002077332193469363
0.0001955413555745824
0.0001838733527285401
0.0001727196329767275
0.0001620700291883725
0.0001519138160356202
0.0001422397435346156
0.0001330360728467837
0.0001242906141161364
0.0001159907660719045
0.0001081235571559211
0.0001006756879034813
9.363357421920526e-05
8.698339128381492e-05
8.071111773788262e-05
7.480257984403705e-05
6.924349519640046e-05
6.401951577052027e-05
5.911626984701681e-05
5.451940256942858e-05
5.021461476381172e-05
4.618769972500672e-05
4.242457770259247e-05
3.891132779502114e-05
3.563421698391488e-05
3.257972616679816e-05
2.973457292058078e-05
2.708573084721916e-05
2.462044545168979e-05
2.232624635612954e-05
2.019095585066143e-05
1.820269374529313e-05
1.63498785267337e-05
1.462122489277393e-05
1.300573766241809e-05
1.149270225191904e-05
1.007167183412257e-05
8.732451284441684e-06
7.46507819479646e-06
6.259801081101406e-06
5.107055101732276e-06
3.997435458948572e-06
2.921668832398449e-06
1.8705830690381e-06
8.350754579418982e-07
-1.939200684274818e-07
-1.036447505523223e-06
-1.052671712607861e-06
-1.078099168371586e-06
-1.112858464236996e-06
-1.157089692667521e-06
-1.210975068306491e-06
-1.274736068841744e-06
-1.348597557096118e-06
-1.432841735388228e-06
-1.527757706804608e-06
-1.633654051007814e-06
-1.750868645363906e-06
-1.879756659153994e-06
-2.020672272362925e-06
-2.173987850507565e-06
-2.340091139044263e-06
-2.519353058967567e-06
-2.712155054542811e-06
-2.918856477494044e-06
-3.139836942197118e-06
-3.375420765667223e-06
-3.625960231975849e-06
-3.891735676236625e-06
-4.173041686444311e-06
-4.470118263497563e-06
-4.783191040315604e-06
-5.112428506351761e-06
-5.457969911334531e-06
-5.819915750469974e-06
-6.198324762424321e-06
-6.593192754349641e-06
-7.004478389514515e-06
-7.432087720061716e-06
-7.875870482242401e-06
-8.335655352621719e-06
-8.811154625672788e-06
-9.302103468924387e-06
-9.808131807844734e-06
-1.0328843469362e-05
-1.086379715988227e-05
-1.141249257498393e-05
-1.19743777010744e-05
-1.254886877628158e-05
-1.313534573848e-05
-1.373314165437832e-05
-1.434155489351711e-05
-1.495984917761575e-05
-1.558726240467496e-05
-1.62230068322074e-05
-1.686626950713153e-05
-1.751622018668497e-05
-1.817202319233194e-05
-1.883280246907704e-05
-1.949769902583162e-05
-2.016583746284212e-05
-2.083633652332758e-05
-2.150832944426624e-05
-2.218095195373693e-05
-2.285331353500816e-05
-2.352457683800241e-05
-2.419390097030665e-05
-2.486045794134026e-05
-2.552342452242823e-05
-2.618203754819277e-05
-2.683548551128624e-05
-2.748306106398343e-05
-2.812402977242956e-05
-2.875768142269271e-05
-2.938335638255076e-05
-3.000042587232674e-05
-3.060827634446478e-05
-3.12063252377781e-05
-3.179401365021076e-05
-3.237082908581139e-05
-3.293629828537167e-05
-3.348995413057765e-05
-3.403137274396456e-05
-3.45601595271152e-05
-3.507597335356233e-05
-3.557846094736896e-05
-3.606734089849431e-05
-3.654232976174946e-05
-3.700320802019742e-05
-3.744973710548391e-05
-3.788176163878142e-05
-3.829911136572306e-05
-3.870166862005158e-05
-3.908931303263729e-05
-3.946199007488313e-05
-3.981961365068497e-05
-4.016217239650617e-05
-4.048965442559162e-05
-4.0802071413444e-05
-4.109944056274661e-05
-4.138181999597396e-05
-4.164926873325727e-05
-4.190188278803717e-05
-4.213975110536758e-05
-4.236298600017213e-05
-4.257172113881341e-05
-4.276609216672701e-05
-4.294625193786584e-05
-4.31123625847387e-05
-4.326460802554907e-05
-4.340316065786377e-05
-4.352821131983092e-05
-4.3639966959882e-05
-4.37386277735587e-05
-4.382440618892834e-05
-4.389752771325459e-05
-4.395819700586364e-05
-4.400667012173173e-05
-4.404315571770122e-05
-4.40678991432302e-05
-4.408112821324662e-05
-4.408308630675037e-05
-4.407402556749177e-05
-4.405417759268759e-05
-4.402378119172288e-05
-4.398306847616651e-05
-4.393231562433873e-05
-4.387173659059702e-05
-4.380157218891604e-05
-4.372206759679399e-05
-4.363346412312715e-05
-4.353600564934839e-05
-4.342990256385026e-05
-4.331540805176673e-05
-4.319274725177982e-05
-4.306212623620976e-05
-4.292381466179781e-05
-4.277797901074663e-05
-4.262487719651758e-05
-4.246471099181331e-05
-4.229768792492282e-05
-4.212402143330965e-05
-4.19439091459832e-05
-4.175756297748057e-05
-4.156517165089166e-05
-4.136692925089572e-05
-4.11630184933524e-05
-4.095363312014915e-05
-4.073895494008521e-05
-4.051916934283845e-05
-4.029440755889744e-05
-4.006490361219352e-05
-3.983076777415127e-05
-3.959220658561972e-05
-3.934935539941405e-05
-3.910236847409082e-05
-3.88513994725871e-05
-3.85965971904756e-05
-3.8338121304576e-05
-3.807606916498511e-05
-3.781060634618766e-05
-3.754185947876185e-05
-3.72699729610112e-05
-3.69950342462156e-05
-3.671722121565007e-05
-3.643659052912006e-05
-3.61533110154336e-05
-3.586744604936875e-05
-3.557913643337615e-05
-3.528848606185539e-05
-3.499560016294984e-05
-3.470056426549243e-05
-3.4403469987227e-05
-3.4104436429419e-05
-3.380352932449694e-05
-3.350086242511429e-05
-3.319649350285608e-05
-3.289052628200581e-05
-3.25830239749739e-05
-3.227408437553553e-05
-3.196377184979391e-05
-3.165214219287023e-05
-3.133929414900433e-05
-3.102530193941494e-05
-3.071018688683672e-05
-3.039407576124536e-05
-3.007697619624643e-05
-2.975898232368687e-05
-2.944012562714198e-05
-2.912047205816208e-05
-2.880008125328356e-05
-2.847901393845985e-05
-2.815730631492276e-05
-2.783499624667664e-05
-2.751217298858498e-05
-2.718884244163537e-05
-2.68650562781623e-05
-2.654087638179474e-05
-2.621633504461208e-05
-2.589146024353729e-05
-2.556629988252829e-05
-2.52408755202836e-05
-2.491525439479606e-05
-2.458946829760088e-05
-2.426350782572164e-05
-2.393746871717068e-05
-2.361131948397691e-05
-2.328512893485916e-05
-2.295891514310659e-05
-2.263270875499325e-05
-2.23065490413632e-05
-2.198042966554642e-05
-2.165440106981545e-05
-2.132851362145151e-05
-2.100271626642779e-05
-2.067709682910754e-05
-2.035165243920232e-05
-2.002642220712172e-05
-1.970139613116802e-05
-1.937663170361822e-05
-1.9052102702998e-05
-1.872786667070879e-05
-1.840393041724949e-05
-1.808031337569569e-05
-1.775701870823697e-05
-1.743407111603492e-05
-1.711149781723632e-05
-1.678931073968747e-05
-1.646749916235559e-05
-1.614610726437271e-05
-1.582513205207491e-05
-1.550459433649273e-05
-1.518450836077189e-05
-1.486489177256439e-05
-1.454574059218819e-05
-1.422707678611947e-05
-1.390891100023551e-05
-1.359126541793511e-05
-1.327411646213819e-05
-1.295751617464683e-05
-1.264144706722003e-05
-1.232594373431817e-05
-1.201099775676904e-05
-1.169661811347328e-05
-1.138280115193287e-05
-1.106959362782517e-05
-1.075697594596923e-05
-1.044497313232513e-05
-1.013356977213405e-05
-9.822785268875304e-06
-9.512650479863319e-06
-9.203150748714238e-06
-8.894290442906609e-06
-8.586089498613424e-06
-8.278558039536798e-06
-7.971660139280705e-06
-7.665467849571382e-06
-7.359939668756294e-06
-7.055125471324471e-06
-6.750994273544818e-06
-6.447562070685325e-06
-6.144839438537752e-06
-5.842828775496733e-06
-5.541553004610115e-06
-5.240995728100664e-06
-4.941158692522236e-06
-4.642089632444493e-06
-4.343761687173101e-06
-4.046160667528986e-06
-3.749331722300935e-06
-3.453270914411451e-06
-3.157981936097046e-06
-2.863474860820238e-06
-2.569733442109572e-06
-2.276766372375313e-06
-1.984643669921223e-06
-1.693276810007112e-06
-1.402707157266214e-06
-1.112967851419234e-06
-8.240395660674541e-07
-5.359217258512098e-07
-2.486206690376785e-07
3.782234995715946e-08
3.234362383211726e-07
6.082187013595718e-07
8.921558966890086e-07
1.175244516246946e-06
1.457474960635827e-06
1.738833755113414e-06
2.019332352943556e-06
2.298949158102101e-06
2.577690182048787e-06
2.855553985354713e-06
3.132529873197168e-06
3.408597226623955e-06
3.683785799829962e-06
3.958063354609853e-06
4.23142577231797e-06
4.503875297146179e-06
4.775403897966438e-06
5.046027511854264e-06
5.315676567149417e-06
5.584435563793179e-06
5.85221856544038e-06
6.119068500763341e-06
6.384981176358044e-06
6.649928539856094e-06
6.913893420830912e-06
7.176909614869243e-06
7.438947982501636e-06
7.700009201466999e-06
7.960096211454925e-06
8.219181761374151e-06
8.477257500671597e-06
8.734364546164226e-06
8.990461278405982e-06
9.245524901473697e-06
9.499619004170931e-06
9.7526423787086e-06
1.000467770855428e-05
1.025564643475952e-05
1.05056069340909e-05
1.075450295733772e-05
1.100235463773563e-05
1.124917859768559e-05
1.149492485017758e-05
1.173958891400405e-05
1.198319676153699e-05
1.222573652198119e-05
1.246719995177142e-05
1.270758215055821e-05
1.294685865107836e-05
1.318505956657853e-05
1.342212012237688e-05
1.365809296073177e-05
1.389296489614841e-05
1.412671270325659e-05
1.435933278201852e-05
1.459080834748707e-05
1.482116345839345e-05
1.505037229281503e-05
1.527844375344916e-05
1.550537893525082e-05
1.573115097329322e-05
1.595574260179891e-05
1.617918062954058e-05
1.640144349754591e-05
1.662253607939603e-05
1.684243524294085e-05
1.706116374992434e-05
1.727866951814385e-05
1.749497281691725e-05
1.771009216908692e-05
1.792400058382352e-05
1.813668821064269e-05
1.834815929910912e-05
1.855839478283816e-05
1.876740862095906e-05
1.897517255126637e-05
1.918170719354521e-05
1.938698615166866e-05
1.959102975382328e-05
1.979380239341088e-05
1.999530149360707e-05
2.019554667040608e-05
2.039451864960099e-05
2.059220579953773e-05
2.078861257255257e-05
2.098373994840748e-05
2.11775485372924e-05
2.137007645408102e-05
2.156130761968815e-05
2.175121440864912e-05
2.193980246493197e-05
2.212709719143333e-05
2.231304076834772e-05
2.249765906426634e-05
2.268096098198753e-05
2.286291614579157e-05
2.304354195992154e-05
2.322278228342927e-05
2.340069966946481e-05
2.357724458999566e-05
2.375246798141625e-05
2.392626041667278e-05
2.40987209850848e-05
2.42697836209639e-05
2.443948124003379e-05
2.460779745805527e-05
2.477470547444175e-05
2.494024312642995e-05
2.510437277065546e-05
2.526709709245217e-05
2.542840501352367e-05
2.558831939408941e-05
2.574681623904754e-05
2.590388082191538e-05
2.605953094525823e-05
2.621374595623751e-05
2.636653826998712e-05
2.651789399033227e-05
2.66677944807509e-05
2.681625485669785e-05
2.696328827096766e-05
2.710887832962423e-05
2.725299116885399e-05
2.739565340461974e-05
2.753684108418238e-05
2.76765931296704e-05
2.781486055224245e-05
2.795163250843258e-05
2.808699427208022e-05
2.822081489805173e-05
2.835317908204071e-05
2.848405288947867e-05
2.86134440752923e-05
2.874136832359611e-05
2.886776713718702e-05
2.899269323760397e-05
2.911611318070974e-05
2.923801411707882e-05
2.935841122149408e-05
2.947732418118209e-05
2.959472047994835e-05
2.971061373096379e-05
2.982500910259176e-05
2.993786248288259e-05
3.004921143356552e-05
3.015903744056376e-05
3.026734570120784e-05
3.03741313566351e-05
3.047941313952642e-05
3.058314693073574e-05
3.068535145887299e-05
3.078603127658504e-05
3.088520600711114e-05
3.098283720311384e-05
3.10789379264471e-05
3.117351461095135e-05
3.126654161382194e-05
3.135804497892623e-05
3.144801282453695e-05
3.1536470632915e-05
3.162338129033317e-05
3.170875610707038e-05
3.179257449691564e-05
3.18749079398651e-05
3.195569181319144e-05
3.203491610090191e-05
3.211262293862949e-05
3.21888194819106e-05
3.22634638755449e-05
3.233660039668544e-05
3.240819438338742e-05
3.247828063850902e-05
3.254682691470619e-05
3.261384499208381e-05
3.267937153210671e-05
3.274335469171931e-05
3.280583767107249e-05
3.286677266210373e-05
3.292622537413414e-05
3.298415728718047e-05
3.304060356719435e-05
3.309555750259516e-05
3.314899709972282e-05
3.320091614432413e-05
3.325138714827349e-05
3.330034810043351e-05
3.334783451821422e-05
3.339382652023468e-05
3.343838615537157e-05
3.348143043555582e-05
3.35230154167635e-05
3.356317005873133e-05
3.36018563922488e-05
3.363909309754489e-05
3.367491321879049e-05
3.370928155493647e-05
3.374220056469703e-05
3.377373821164694e-05
3.38038398550451e-05
3.383254552198883e-05
3.385985612235385e-05
3.38857793899104e-05
3.391032811682717e-05
3.393349047549631e-05
3.395528798634588e-05
3.39757646871278e-05
3.399484849067477e-05
3.401263307065491e-05
3.402907952176258e-05
3.404423314899832e-05
3.405808379335767e-05
3.407063324811614e-05
3.408191069110639e-05
3.409190526158594e-05
3.410068102517355e-05
3.410820597001554e-05
3.411447618802187e-05
3.411957410306011e-05
3.412345979873272e-05
3.412616329000133e-05
3.412770579272524e-05
3.412810037888491e-05
3.412734550423672e-05
3.412549038717862e-05
3.41225351248785e-05
3.411848094914488e-05
3.411336115948627e-05
3.410720835879833e-05
3.410002970384462e-05
3.409184408116641e-05
3.408268002026996e-05
3.407253288386359e-05
3.406145602938737e-05
3.404946994979558e-05
3.403656948052887e-05
3.402281595198724e-05
3.400820221052016e-05
3.399275083199505e-05
3.397652296878763e-05
3.395952374622595e-05
3.394176572846524e-05
3.392329679126683e-05
3.390415750669708e-05
3.388433444791211e-05
3.386387905573487e-05
3.384285437947737e-05
3.382125480949662e-05
3.37991165640848e-05
3.377648914653207e-05
3.375338805108854e-05
3.372986650703726e-05
3.370593234932009e-05
3.36816576811656e-05
3.365708631537795e-05
3.363221971518614e-05
3.360708701567314e-05
3.358180489852011e-05
3.355634711332371e-05
3.353079652360429e-05
3.350516226536762e-05
3.347949933307242e-05
3.34538814937493e-05
3.342831279690281e-05
3.340291258790599e-05
3.337765965125581e-05
3.335262507571537e-05
3.332789535661203e-05
3.330349405442009e-05
3.327946834013709e-05
3.32558970295436e-05
3.323283949783337e-05
3.321033839693123e-05
3.318846201439546e-05
3.316729881653777e-05
3.314688475031913e-05
3.312727241948593e-05
3.31085734428138e-05
3.309083047438099e-05
3.307410394478948e-05
3.305846974018889e-05
3.304404395976137e-05
3.303087468694855e-05
3.301900364146415e-05
3.30085601616483e-05
3.299962938939572e-05
3.299225426373547e-05
3.298654333304461e-05
3.298259617666107e-05
3.298047888249421e-05
3.29802969246221e-05
3.298216932757505e-05
3.298612348105994e-05
3.299231935773798e-05
3.300083655378663e-05
3.301178058588992e-05
3.302526092526214e-05
3.304138006830895e-05
3.306022743385258e-05
3.308195811446734e-05
3.310665579907442e-05
3.313444786020003e-05
3.316544613882438e-05
3.319979235975981e-05
3.323760298483679e-05
3.32789691439665e-05
3.332407216893039e-05
3.337303330503972e-05
3.342596565824294e-05
3.348302648512123e-05
3.354436267969231e-05
3.361011809959998e-05
3.368042270064886e-05
3.375541182373972e-05
3.383529520081964e-05
3.392018980308286e-05
3.401024116348822e-05
3.410564686784774e-05
3.420654084769156e-05
3.43131147888283e-05
3.442554266350331e-05
3.454395289418245e-05
3.466857504670883e-05
3.479955871205304e-05
3.493710182136484e-05
3.508138222217363e-05
3.523261239266723e-05
3.539092947301076e-05
3.555659939812462e-05
3.572976474447626e-05
3.591062944745997e-05
3.609944872578217e-05
3.629636921244757e-05
3.650163647420579e-05
3.671543683143386e-05
3.693800194220619e-05
3.716955604451516e-05
3.741030849574976e-05
3.76604767411051e-05
3.792029911119305e-05
3.818998414829454e-05
3.846977230838322e-05
3.875987881408053e-05
3.906056958859964e-05
3.937206915877593e-05
3.969458277325511e-05
4.002836555044528e-05
4.037365471835252e-05
4.073069647832613e-05
4.109972287529205e-05
4.148097083245947e-05
4.187468245356675e-05
4.22810879830084e-05
4.270043888268613e-05
4.313296652049089e-05
4.357888815819958e-05
4.403847788191138e-05
4.451192174364168e-05
4.499947828618104e-05
4.550135098067452e-05
4.601777564273103e-05
4.654899069080507e-05
4.709515165709439e-05
4.765650437746132e-05
4.823324225590683e-05
4.882554476459697e-05
4.943360014464713e-05
5.005760072077212e-05
5.069769340948496e-05
5.13540348910765e-05
5.202678211179692e-05
5.271606374041357e-05
5.342197091210392e-05
5.414463506127419e-05
5.488413441967683e-05
5.564052245217351e-05
5.64138770910092e-05
5.720420849877699e-05
5.801152111733061e-05
5.883580347905551e-05
5.967703433160766e-05
6.05351026553957e-05
6.140993285687444e-05
6.230140426448594e-05
6.32093526970686e-05
6.413356894932333e-05
6.507382385923183e-05
6.602984188697458e-05
6.700130123995037e-05
6.798785908894656e-05
6.898907215166907e-05
7.000451561145493e-05
7.103364874852481e-05
7.207589695412887e-05
7.313063362219933e-05
7.419717050875351e-05
7.527473782345415e-05
7.636250254966943e-05
7.74595661141003e-05
7.856492385463601e-05
7.967752801344834e-05
8.079621562344255e-05
8.191975786906651e-05
8.304680991102163e-05
8.417594009074551e-05
8.530560682553165e-05
8.643417903706391e-05
8.755991704965292e-05
8.868094469724887e-05
8.979528106079727e-05
9.090084595772327e-05
9.199539804435194e-05
9.307658107825256e-05
9.414191538488826e-05
9.518879225696637e-05
9.621444099149318e-05
9.721598793801491e-05
9.819038891648888e-05
9.913447846890286e-05
0.0001000449469486913
0.000100918317338098
0.0001017510323241553
0.0001025393336338334
0.0001032793790728738
0.000103967146618212
0.0001045985482062405
0.0001051693255142778
0.0001056751355471168
0.0001061115330975038
0.0001064739766306403
0.0001067578345168591
0.0001069584328008511
0.0001070710406713876
0.0001070908896412025
0.0001070132075040984
0.0001068332055301935
0.000106546164536247
0.0001061473893655566
0.0001056322879981196
0.0001049963718715065
0.0001042352734724747
0.0001033448229493437
0.000102321052852598
0.0001011602019771463
9.98588091733491e-05
9.841370936264368e-05
9.682209444334308e-05
9.508150138985439e-05
9.318993541358829e-05
9.114578072523661e-05
8.894796318532886e-05
8.659588915046707e-05
8.408953808348562e-05
8.142942433438132e-05
7.861669145976531e-05
7.565309876535111e-05
7.254101928224759e-05
6.928351758523824e-05
6.588427875923292e-05
6.234767746778047e-05
5.867877319906006e-05
5.488323554810731e-05
5.096740716430646e-05
4.693827042452387e-05
4.280340252585694e-05
3.857094954038992e-05
3.424961290940842e-05
2.984858506689073e-05
2.537752857310747e-05
2.084650429013822e-05
1.626590867022094e-05
1.164644704369766e-05
6.999080624481284e-06
2.334880463572352e-06
-2.334924377760285e-06
-6.999129414991031e-06
-1.16465016314461e-05
-1.626595834453709e-05
-2.084655886466308e-05
-2.537759949609408e-05
-2.984867127009156e-05
-3.424971378689177e-05
-3.857106968624196e-05
-4.280354716543417e-05
-4.693844367097133e-05
-5.09676203109703e-05
-5.488349084210474e-05
-5.867908278547483e-05
-6.234805040072075e-05
-6.588471360179847e-05
-6.928404075511832e-05
-7.254164693591366e-05
-7.565384230324678e-05
-7.861758813676657e-05
-8.143048734267512e-05
-8.409079404190184e-05
-8.659738709550949e-05
-8.894971887796431e-05
-9.114785302804525e-05
-9.319236710738832e-05
-9.508436557826335e-05
-9.682543347080714e-05
-9.841761479189106e-05
-9.986335465249758e-05
-0.0001011654959998808
-0.0001023271930418523
-0.0001033519466517335
-0.0001042435024928651
-0.00010500585325753
-0.0001056432011440496
-0.0001061599196112022
-0.0001065605094587138
-0.0001068495992872314
-0.0001070318985104527
-0.0001071121677525637
-0.0001070952074553659
-0.0001069858179414581
-0.0001067887988438452
-0.0001065089132084032
-0.0001061508806872257
-0.0001057193618045102
-0.0001052189214276294
-0.0001046540724248251
-0.0001040291698455187
-0.0001033485168503685
-0.0001026162735257187
-0.0001018364757028412
-0.000101013037051641
-0.0001001497432784797
-9.925022119445446e-05
-9.831797552816958e-05
-9.73563886085055e-05
-9.636866461876302e-05
-9.53579013617956e-05
-9.43270400022275e-05
-9.327888399630142e-05
-9.221610353342695e-05
-9.114125805304317e-05
-9.00567191483402e-05
-8.896479389688825e-05
-8.786762172409012e-05
-8.676723202156962e-05
-8.566554585789956e-05
-8.456435670079572e-05
-8.346535658137832e-05
-8.237011609618934e-05
-8.12801187643077e-05
-8.019673897179904e-05
-7.91212662168641e-05
-7.805486913238724e-05
-7.699867221294557e-05
-7.595367668060095e-05
-7.492081979980281e-05
-7.390096259876255e-05
-7.289488904876565e-05
-7.190330413184035e-05
-7.092686098143346e-05
-6.99661310457207e-05
-6.902164726599663e-05
-6.809384767282307e-05
-6.718315087586753e-05
-6.628990887849447e-05
-6.541441464320892e-05
-6.455691526844806e-05
-6.371763316250683e-05
-6.289671481467219e-05
-6.2094281751487e-05
-6.131042165659752e-05
-6.054516756338034e-05
-5.979853034746555e-05
-5.907048832449433e-05
-5.836096714937814e-05
-5.76698853439332e-05
-5.699712174217161e-05
-5.634252722254944e-05
-5.570591921524257e-05
-5.508711037251998e-05
-5.448586473527319e-05
-5.390193549836028e-05
-5.333504677421989e-05
-5.278492509568926e-05
-5.225123844976445e-05
-5.17336655979274e-05
-5.123185445548287e-05
-5.074544230241961e-05
-5.027404750369179e-05
-4.981726254502878e-05
-4.937468357732295e-05
-4.894587388175766e-05
-4.853040799096427e-05
-4.812782184920065e-05
-4.773764871068939e-05
-4.7359411641669e-05
-4.699262544604398e-05
-4.663679103296203e-05
-4.629140422352985e-05
-4.595594763974484e-05
-4.5629894535597e-05
-4.531271362672168e-05
-4.500386905457773e-05
-4.470281969327404e-05
-4.440900578536462e-05
-4.412187843484081e-05
-4.384087828044163e-05
-4.35654444340752e-05
-4.329501688760874e-05
-4.302901225986929e-05
-4.276688686402505e-05
-4.250805278498861e-05
-4.225193879576052e-05
-4.199800062290322e-05
-4.174565174455257e-05
-4.149433071127688e-05
-4.124349216073512e-05
-4.099257241871568e-05
-4.074102886436203e-05
-4.048830890303708e-05
-4.023388682029269e-05
-3.997722717068961e-05
-3.971781834395921e-05
-3.94551464333311e-05
-3.918871451159307e-05
-3.891804025457548e-05
-3.864265540647505e-05
-3.836209739871183e-05
-3.807591810130737e-05
-3.778370185809373e-05
-3.748503367429119e-05
-3.717952831666714e-05
-3.686680647570917e-05
-3.654652418003313e-05
-3.621835396684978e-05
-3.588198158352489e-05
-3.553712796045981e-05
-3.518353283430607e-05
-3.482097194816837e-05
-3.444922674313998e-05
-3.406813497651076e-05
-3.367753749766619e-05
-3.327731945966094e-05
-3.286738590421834e-05
-3.244767415271245e-05
-3.201816526278439e-05
-3.15788656103135e-05
-3.112980421992246e-05
-3.067106226657814e-05
-3.020274091485087e-05
-2.972498029480293e-05
-2.92379544677136e-05
-2.874187466760624e-05
-2.823698251732057e-05
-2.772355445590331e-05
-2.720190867142754e-05
-2.667239066764346e-05
-2.613537780851678e-05
-2.559128236694203e-05
-2.504056786139305e-05
-2.448368460232091e-05
-2.392115872924429e-05
-2.335352714985339e-05
-2.278134646776345e-05
-2.220521426831346e-05
-2.16257446651693e-05
-2.104357648527088e-05
-2.045937347424797e-05
-1.98738151862273e-05
-1.928759211942915e-05
-1.870141566143756e-05
-1.811601763236406e-05
-1.753211011592653e-05
-1.695044856934462e-05
-1.637175408265715e-05
-1.579678212699538e-05
-1.522626808583784e-05
-1.466093951175615e-05
-1.410152064311099e-05
-1.354872098005523e-05
-1.300323223955342e-05
-1.246574876510921e-05
-1.193690677962097e-05
-1.141734437826725e-05
-1.090766846558103e-05
-1.040845424298529e-05
-9.920239534791511e-06
-9.443538599442319e-06
-8.978812526031545e-06
-8.526503737068022e-06
-8.086998263923777e-06
-7.660638511395999e-06
-7.247742528041325e-06
-6.848564148980026e-06
-6.463340991949787e-06
-6.09221982658274e-06
-5.735351796930222e-06
-5.39281747310885e-06
-5.064657305434383e-06
-4.750877446871651e-06
-4.451444382831628e-06
-4.166276302791194e-06
-3.895278430656856e-06
-3.638290974180549e-06
-3.395148592557723e-06
-3.165642845687233e-06
-2.94954891983892e-06
-2.7466295391615e-06
-2.556609209627969e-06
-2.379209428182287e-06
-2.214145187563675e-06
-2.061120632083417e-06
-1.919836302066071e-06
-1.789991619839131e-06
-1.671295629966645e-06
-1.563459699056365e-06
-1.466206801027448e-06
-1.379277341165538e-06
-1.302434836737644e-06
-1.235452243753823e-06
-1.178127146057661e-06
-1.130290059461057e-06
-1.091797545967467e-06
-1.062524910807654e-06
-1.042393096157653e-06
-1.031340448941476e-06
-1.029354049121231e-06
0
