0.001093984876395251
0.001092510825091268
0.001090583484476561
0.001088195673165138
0.001085341088546072
0.001082014256007065
0.001078210473257936
0.001073925750916298
0.001069156749472572
0.001063900713747248
0.001058155405204418
0.001051919033219011
0.001045190185728452
0.001037967760098906
0.001030250895142612
0.001022038904865574
0.00101333121447525
0.00100412729965431
0.0009944266295074681
0.0009842286136716532
0.0009735325542037125
0.0009623376026420129
0.0009506427225604906
0.0009384466578633686
0.0009257479069703766
0.0009125447032895884
0.0008988350015187433
0.0008846164701653622
0.0008698864899725131
0.0008546421580683974
0.0008388802976375715
0.000822597472882994
0.0008057900087574325
0.0007884540150714938
0.0007705854149182759
0.0007521799763017623
0.000733233347149758
0.0007137410927855782
0.0006936987354925846
0.0006731017957003749
0.0006519458343010414
0.0006302264954950575
0.000607939549901543
0.0005850809373405433
0.0005616468088948516
0.0005376335678824434
0.0005130379093894436
0.0004878568582870561
0.0004620878046839917
0.0004357285376302244
0.00040877727605531
0.0003812326970500297
0.0003530939614028142
0.0003243607362150847
0.000295033214480041
0.0002651121316509142
0.0002345987792916728
0.0002034950155713196
0.0001718032728312228
0.0001395265622244094
0.0001066684756084171
7.323318463848356e-05
3.922543736558249e-05
4.650552152935927e-06
-3.048559047651341e-05
-6.617655825006535e-05
-0.000102415379849537
-0.0001391945589261584
-0.0001765060902165819
-0.0002143414771890949
-0.0002526917507583719
-0.000291547489453611
-0.0003308988405453911
-0.0003707355419386191
-0.0004110469450305178
-0.0004518220378409515
-0.0004930494688772883
-0.0005347175711073694
-0.0005768143860998367
-0.0006193276884321215
-0.0006622450098039065
-0.0007055536632102387
-0.000749240766589266
-0.0007932932665519919
-0.0008376979613181337
-0.0008824415233225752
-0.0009275105213508899
-0.0009728914419586238
-0.001018570710308775
-0.001064534710272349
-0.001110769804010144
-0.001157262350277426
-0.001203998722693262
-0.001250965326586907
-0.001298148615433712
-0.001345535106204199
-0.00139311139408079
-0.00144086416625094
-0.001488780214999867
-0.001536846449882387
-0.001585049909122011
-0.001633377770199824
-0.001681817359776685
-0.001730356162843802
-0.001778981830915094
-0.001827682189850663
-0.001876445246651987
-0.001925259195849022
-0.001974112425151
-0.00202299352037444
-0.002071891269863651
-0.002120794668393927
-0.002169692920409139
-0.002218575442699997
-0.002267431866812478
-0.002316252040758752
-0.002365026030323037
-0.002413744120088252
-0.002462396813761114
-0.002510974834467642
-0.002559469124555543
-0.002607870844839475
-0.00265617137399653
-0.002704362307249221
-0.002752435455006931
-0.002800382841195617
-0.002848196701423702
-0.002895869480803007
-0.002943393831699961
-0.002990762611315987
-0.003037968878926079
-0.003085005893266922
-0.003131867109569893
-0.003178546176565577
-0.003225036933309604
-0.003271333406117723
-0.003317429805132313
-0.003363320521115613
-0.003409000121923736
-0.003454463349218137
-0.003499705114899862
-0.003544720497429794
-0.003589504738724698
-0.003634053240192173
-0.003678361559481025
-0.003722425406829553
-0.003766240641466074
-0.003809803268218501
-0.003853109434016444
-0.003896155424346496
-0.003938937659821198
-0.003981452692868624
-0.00402369720418894
-0.004065667999629386
-0.004107362006650499
-0.004148776271366453
-0.004189907955046127
-0.004230754331291375
-0.0042713127826342
-0.004311580797696324
-0.004351555968112469
-0.004391235985701615
-0.004430618639401679
-0.004469701812676366
-0.004508483480632479
-0.004546961707334214
-0.004585134643196065
-0.004623000522361856
-0.00466055766028476
-0.004697804451090179
-0.004734739365356313
-0.004771360947649263
-0.00480766781441931
-0.00484365865146741
-0.004879332212045807
-0.004914687314728243
-0.004949722841168722
-0.004984437734297315
-0.005018830996383475
-0.005052901686898028
-0.005086648921042836
-0.005120071867736747
-0.005153169747858967
-0.005185941832758137
-0.005218387442410617
-0.005250505944063766
-0.005282296750514179
-0.005313759318738369
-0.005344893148377866
-0.005375697780424048
-0.005406172795777336
-0.005436317814044765
-0.005466132492260012
-0.005495616523487325
-0.005524769635891446
-0.005553591591440943
-0.005582082184871196
-0.005610241242482867
-0.005638068621345365
-0.00566556420804965
-0.005692727917918992
-0.005719559693997308
-0.0057460595061413
-0.005772227350205933
-0.005798063247186254
-0.00582356724248081
-0.005848739404790939
-0.005873579825873013
-0.005898088619506436
-0.005922265920689308
-0.00594611188533297
-0.005969626689325138
-0.005992810527937461
-0.006015663615316189
-0.006038186183924776
-0.006060378483817519
-0.00608224078229396
-0.006103773363327759
-0.006124976526963034
-0.006145850588964176
-0.006166395880359101
-0.006186612746928331
-0.00620650154876786
-0.006226062659987894
-0.006245296468368505
-0.006264203374629905
-0.00628278379251262
-0.00630103814826535
-0.006318966880181263
-0.006336570438468345
-0.006353849284839334
-0.006370803892339843
-0.00638743474484
-0.006403742337016784
-0.006419727173998257
-0.006435389771066702
-0.006450730653462197
-0.006465750356222902
-0.006480449423838353
-0.006494828410167557
-0.006508887878255449
-0.006522628399893106
-0.006536050555797765
-0.00654915493521703
-0.00656194213583871
-0.00657441276356065
-0.006586567432424196
-0.006598406764458804
-0.006609931389505841
-0.006621141945159692
-0.006632039076479566
-0.006642623436145028
-0.006652895684089416
-0.006662856487529111
-0.006672506520760369
-0.006681846465285159
-0.006690877009362366
-0.006699598848266475
-0.006708012683945232
-0.006716119225214717
-0.006723919187344193
-0.00673141329227656
-0.006738602268418869
-0.006745486850578673
-0.006752067780033622
-0.006758345804178383
-0.006764321676897046
-0.006769996158167638
-0.006775370014041704
-0.00678044401681076
-0.00678521894485842
-0.006789695582471987
-0.006793874719972596
-0.006797757153625241
-0.006801343685737189
-0.00680463512429647
-0.006807632283270845
-0.006810335982380735
-0.006812747047244726
-0.006814866309146786
-0.006816694605160895
-0.006818232778025778
-0.006819481676368817
-0.006820442154153838
-0.006821115071356896
-0.006821501293432915
-0.006821601691381528
-0.006821417141958962
-0.006820948527416816
-0.006820196735608048
-0.006819162659999572
-0.006817847199483045
-0.006816251258609169
-0.006814375747365637
-0.006812221581285755
-0.006809789681394822
-0.006807080974213942
-0.006804096391716565
-0.006800836871386794
-0.006797303356079802
-0.006793496794184472
-0.006789418139475142
-0.006785068351178828
-0.006780448393974821
-0.006775559237838112
-0.00677040185818813
-0.00676497723594093
-0.006759286357280705
-0.006753330213702001
-0.006747109802283376
-0.006740626125197983
-0.006733880190154409
-0.006726873010049761
-0.006719605603201308
-0.006712078993263751
-0.006704294209112023
-0.006696252284864671
-0.00668795425998188
-0.006679401179309149
-0.00667059409279339
-0.006661534055600707
-0.006652222128259704
-0.00664265937647794
-0.00663284687108629
-0.006622785688124693
-0.006612476908961965
-0.006601921619869851
-0.006591120912551128
-0.006580075883633854
-0.006568787634905144
-0.006557257273312033
-0.006545485910806431
-0.006533474664434465
-0.00652122465632579
-0.006508737013535847
-0.006496012868216782
-0.006483053357532104
-0.006469859623478346
-0.006456432813055395
-0.006442774078263372
-0.006428884575893789
-0.006414765467651188
-0.006400417920113049
-0.006385843104636921
-0.006371042197383317
-0.006356016379358849
-0.006340766836176117
-0.006325294758324212
-0.006309601340931498
-0.006293687783625397
-0.006277555290894974
-0.006261205071708299
-0.006244638339596585
-0.006227856312715473
-0.006210860213598375
-0.006193651269295134
-0.006176230711306823
-0.006158599775553303
-0.006140759702220922
-0.00612271173585827
-0.006104457125347118
-0.00608599712378137
-0.006067332988390827
-0.006048465980702379
-0.006029397366253567
-0.006010128414662617
-0.005990660399640121
-0.005970994598898325
-0.005951132293890567
-0.005931074770276468
-0.005910823317334332
-0.005890379228196583
-0.005869743799818713
-0.005848918332740284
-0.005827904131228325
-0.005806702503081268
-0.005785314759701814
-0.005763742215924436
-0.005741986190042784
-0.005720048003733116
-0.005697928981897732
-0.005675630452804722
-0.00565315374787111
-0.005630500201631676
-0.00560767115168071
-0.005584667938659837
-0.005561491906095159
-0.005538144400469
-0.00551462677098615
-0.005490940369625436
-0.005467086551062405
-0.00544306667253468
-0.005418882093782608
-0.005394534177042862
-0.005370024286911293
-0.005345353790286118
-0.005320524056338213
-0.005295536456271374
-0.005270392363434744
-0.005245093153157407
-0.005219640202622927
-0.005194034890879515
-0.005168278598690138
-0.005142372708504634
-0.00511631860418122
-0.005090117671248621
-0.005063771296462131
-0.005037280867876786
-0.005010647774779864
-0.004983873407519862
-0.004956959157424052
-0.00492990641673712
-0.004902716578472563
-0.004875391036386303
-0.004847931184698374
-0.004820338418242425
-0.004792614132119984
-0.004764759721749738
-0.004736776582675829
-0.00470866611049209
-0.004680429700713003
-0.004652068748589483
-0.004623584649132954
-0.004594978796872519
-0.004566252585860759
-0.00453740740936168
-0.004508444659837245
-0.004479365728898863
-0.004450172006949668
-0.004420864883312848
-0.004391445745851059
-0.004361915981084301
-0.004332276973767393
-0.004302530106996686
-0.004272676761954045
-0.00424271831761938
-0.004212656151040908
-0.00418249163665959
-0.004152226146500996
-0.004121861049958009
-0.004091397713466048
-0.004060837500705179
-0.004030181771901384
-0.003999431884242425
-0.003968589191165329
-0.003937655042579787
-0.003906630784600472
-0.003875517759143278
-0.003844317304029053
-0.003813030752704858
-0.003781659433927561
-0.003750204671797195
-0.003718667785348576
-0.003687050088445224
-0.003655352889657723
-0.003623577491899415
-0.003591725192318582
-0.003559797282057034
-0.003527795046012985
-0.003495719762684273
-0.003463572703907978
-0.003431355134546349
-0.003399068312359234
-0.003366713487843627
-0.00333429190373708
-0.003301804795021113
-0.003269253388558289
-0.003236638902817496
-0.003203962547733191
-0.003171225524246172
-0.003138429024208106
-0.003105574230117174
-0.003072662314629799
-0.003039694440472923
-0.00300667176021862
-0.002973595415707603
-0.002940466538013752
-0.002907286247009938
-0.002874055651008523
-0.002840775846695781
-0.002807447918603763
-0.002774072938595135
-0.002740651966093566
-0.002707186047125922
-0.002673676214343532
-0.002640123486676086
-0.002606528868727469
-0.002572893350618331
-0.0025392179074761
-0.00250550349925724
-0.00247175107013401
-0.002437961548169703
-0.002404135844971231
-0.002370274855280249
-0.002336379456421438
-0.002302450508051016
-0.002268488851618731
-0.002234495309859192
-0.002200470686580025
-0.002166415765942156
-0.002132331312031697
-0.002098218068564073
-0.00206407675825296
-0.002029908082240454
-0.001995712719685418
-0.001961491327366618
-0.001927244538829411
-0.001892972964111158
-0.001858677189246444
-0.00182435777540111
-0.001790015258455682
-0.001755650148646789
-0.001721262929542498
-0.001686854057775121
-0.001652423962278563
-0.001617973043637807
-0.001583501673510944
-0.001549010193992689
-0.001514498916830369
-0.001479968122793349
-0.001445418061116746
-0.001410848948475555
-0.001376260968517815
-0.001341654271112801
-0.001307028971437582
-0.001272385149279201
-0.001237722848387538
-0.001203042075420244
-0.001168342799337244
-0.001133624950440348
-0.001098888419537691
-0.001064133057145282
-0.001029358672538786
-0.0009945650328321747
-0.0009597518621291098
-0.0009249188405338106
-0.0008900656031311854
-0.0008551917391680322
-0.0008202967909032779
-0.0007853802526414078
-0.0007504415697534124
-0.0007154801374643498
-0.0006804952999752315
-0.0006454863492082511
-0.0006104525237151878
-0.0005753930075995475
-0.0005403069293542847
-0.0005051933604265186
-0.0004700513144362927
-0.000434879745598314
-0.0003996775475348974
-0.0003644435521289692
-0.0003291765280361366
-0.0002938751794783112
-0.0002585381448465347
-0.0002231639953089303
-0.0001877512334385095
-0.0001522982916911521
-0.0001168035310811371
-8.126523963677382e-05
-4.568163081362215e-05
-1.005084205933583e-05
2.562906680674318e-05
6.136011513109638e-05
9.714440311352104e-05
0.000132984113405368
0.0001688815128426027
0.000204838954074282
0.0002408588773368436
0.0002769438121997194
0.000313096379461478
0.0003493192926250699
0.0003856153602682739
0.0004219874874404146
0.0004584386777905856
0.0004949720354918115
0.0005315907670370888
0.0005682981835084281
0.000605097702323651
0.0006419928493845066
0.0006789872610517471
0.0007160846864151427
0.0007532889891571099
0.0007906041499463196
0.0008280342684088148
0.0008655835652848325
0.0009032563849231724
0.0009410571970877234
0.0009789905995134527
0.001017061320108772
0.001055274219169474
0.001093634291607356
0.001132146669496917
0.001170816624149312
0.00120964956866922
0.001248651060066199
0.001287826801762048
0.001327182645875511
0.001366724595630556
0.001406458807578487
0.001446391594166325
0.001486529425859929
0.001526878933493029
0.001567446910762782
0.001608240316327725
0.001649266276139919
0.001690532085651336
0.001732045212109566
0.001773813296719034
0.001815844156544746
0.001858145786908959
0.001900726363195213
0.001943594242905097
0.001986757967444614
0.002030226263967897
0.002074008047211728
0.002118112420920804
0.002162548679498613
0.002207326309342362
0.002252454990104361
0.00229794459601068
0.002343805196526709
0.002390047057433215
0.002436680641422901
0.002483716608500963
0.002531165816300065
0.002579039320012657
0.00262734837225673
0.002676104422685791
0.002725319116976975
0.002775004296053088
0.002825171994578114
0.002875834439240573
0.002927004046632714
0.002978693420874615
0.003030915350625359
0.003083682805642366
0.003137008933112147
0.003190907053102307
0.003245390653621692
0.003300473385273718
0.00335616905487628
0.003412491618723651
0.003469455175048361
0.003527073955695598
0.003585362316816232
0.003644334729069331
0.003704005766583683
0.003764390094944362
0.003825502458362454
0.003887357665477132
0.003949970574216451
0.004013356075161656
0.004077529073716978
0.0041425044709879
0.004208297142843454
0.004274921917859789
0.00434239355309529
0.004410726708585866
0.004479935919621586
0.004550035567237557
0.004621039846695178
0.004692962733574116
0.004765817947804178
0.004839618915251906
0.004914378726605707
0.004990110093873252
0.005066825304029313
0.005144536169661074
0.005223253976775486
0.005302989429301432
0.005383752590464361
0.005465552820675539
0.005548398712007736
0.005632298018828799
0.005717257584930637
0.005803283266720716
0.005890379852275753
0.005978550976645362
0.006067799032844955
0.006158125078664505
0.006249528739273447
0.00634200810566871
0.006435559628742966
0.00653017800902819
0.00662585608250329
0.006722584702137997
0.006820352615471606
0.006919146338495178
0.007018950025751502
0.007119745337317553
0.007221511302701278
0.007324224182018163
0.007427857325124207
0.007532381028960648
0.00763776239394274
0.007743965179788709
0.007850949661943583
0.007958672488728332
0.008067086541095544
0.0081761407952749
0.00828578018961099
0.008395945496953574
0.008506573203889962
0.008617595397983194
0.008728939664890018
0.008840528996592394
0.008952281712594283
0.009064111395825417
0.009175926845076546
0.009287632045693557
0.009399126160394287
0.009510303542523312
0.00962105377314109
0.009731261723947586
0.009840807648281547
0.009949567301294024
0.01005741209159616
0.01016420926536068
0.01026982212451717
0.01037411028013778
0.0104769299418423
0.01057813424382951
0.01067757360783922
0.01077509614314568
0.01087054808286519
0.01096377425602606
0.01105461859401024
0.01114292466955322
0.01122853626645318
0.01131129797691306
0.01139105582367445
0.01146765790316839
0.01154095504594711
0.01161080148934966
0.01167705555827103
0.01173958034802339
0.01179824440464504
0.01185292239598041
0.01190349576858469
0.01194985338355613
0.01199189212602234
0.01202951748197764
0.01206264407663813
0.01209119616931645
0.01211510809888707
0.01213432467606078
0.0121488015171658
0.01215850531693593
0.0121634140562837
0.01216351714353653
0.01215881548686141
0.012149321497897
0.01213505902570994
0.0121160632224498
0.01209238034177954
0.01206406747261662
0.01203119221109682
0.01199383227400506
0.01195207505832684
0.01190601715122149
0.01185576379559563
0.01180142831686641
0.01174313151652404
0.01168100103826541
0.01161517071284711
0.01154577988751301
0.01147297274586894
0.01139689762406037
0.01131770632853165
0.01123555346071676
0.01115059575355098
0.0110629914242095
0.01097289954714335
0.01088047945104405
0.01078589014300134
0.01068928976230383
0.01059083506648952
0.01049068095081623
0.01038898000327751
0.01028588209526967
0.01018153400882429
0.01007607910064221
0.009969657002139289
0.009862403355642667
0.009754449585424456
0.00964592270271674
0.009536945143485435
0.009427634637308509
0.009318104106130428
0.009208461590798734
0.009098810203974697
0.008989248107270958
0.008879868511186613
0.00877075969538583
0.008662005048179556
0.008553683122807564
0.008445867708978042
0.008338627918193791
0.00823202828080119
0.008126128853380743
0.008020985335117017
0.007916649191666415
0.007813167785119618
0.007710584508923408
0.007608938926772078
0.007508266914262169
0.007408600802262248
0.007309969521681037
0.007212398748154641
0.00711591104647835
0.007020526013987968
0.006926260422364231
0.006833128357364431
0.006741141356216745
0.006650308542069486
0.006560636755500088
0.006472130682605754
0.006384792979672523
0.006298624394025072
0.006213623881208802
0.006129788718308749
0.006047114613255911
0.005965595810192681
0.005885225191020257
0.0058059943728373
0.005727893801585076
0.005650912841856658
0.005575039862961861
0.005500262321141389
0.005426566838393555
0.005353939277730908
0.005282364814896829
0.005211828006904094
0.005142312857466219
0.005073802879183622
0.00500628115287199
0.004939730384016384
0.004874132956543582
0.004809470983953372
0.004745726357909225
0.004682880794478156
0.004620915878156666
0.004559813103621792
0.004499553915419481
0.004440119745788056
0.004381492050474695
0.004323652342898627
0.004266582226489261
0.004210263425540876
0.004154677814481791
0.004099807445714415
0.004045634576063134
0.003992141691995033
0.003939311533425726
0.00388712711661619
0.003835571755696938
0.003784629083326858
0.00373428307012238
0.003684518043479538
0.00363531870500995
0.003586670147428424
0.00353855787055577
0.003490967796339969
0.003443886283270022
0.003397300139914923
0.003351196637816462
0.003305563523542755
0.00326038903021324
0.003215661888117415
0.003171371334900968
0.003127507124863415
0.003084059537737457
0.003041019386760194
0.002998378026079603
0.00295612735748328
0.002914259836553335
0.002872768477990251
0.002831646860537241
0.002790889130838165
0.002750490006967123
0.002710444780907457
0.002670749320732921
0.002631400071592742
0.002592394056218748
0.002553728874605891
0.002515402702903615
0.002477414291349847
0.002439762961716838
0.002402448603470378
0.002365471669344893
0.002328833169992113
0.002292534667453263
0.00225657826818834
0.002220966614564839
0.002185702875678761
0.002150790737240093
0.0021162343901525
0.002082038518170877
0.002048208284595899
0.002014749317628165
0.001981667694862885
0.001948969926469191
0.001916662937293775
0.001884754047831766
0.001853250954011957
0.00182216170576748
0.001791494684487007
0.001761258579203793
0.00173146236172967
0.001702115260377459
0.001673226732808151
0.001644806437432295
0.001616864203888107
0.001589410002190303
0.001562453910820801
0.001536006083920118
0.001510076717193842
0.001484676012883641
0.001459814143881347
0.00143550121672043
0.001411747233910222
0.001388562055410169
0.001365955359301813
0.001343936601911893
0.00132251497738212
0.001301699376673355
0.001281498346271536
0.001261920046597954
0.001242972210300555
0.001224662100494607
0.001206996469064725
0.001189981515257372
0.001173622844648305
0.001157925428565517
0.001142893564237908
0.001128530835891049
0.00111484007661035
0.001101823331705601
0.001089481823061324
0.001077815915440467
0.001066825084192512
0.001056507884931521
0.001046861925561468
0.001037883840185546
0.001029569265784693
0.001021912821398428
0.001014908090178952
0.001008547604476066
0.001002822833908265
0.0009977241769517768
0.0009932409559109644
0.0009893614153784007
0.0009860727246545653
0.0009833609836539551
0.000981211233062908
0.0009796074682262481
0.0009785326572456245
0.0009779687630434284
0.0009778967696233687
0.0009782967123762813
0.0009791477124529457
0.0009804280152248268
0.0009821150325332482
0.0009841853891128689
0.000986614972305646
0.0009893789858862715
0.0009924520067581813
0.0009958080454973606
0.0009994206093870729
0.001003262768591499
0.001007307224622
0.001011526381325438
0.001015892417472657
0.001020377361415849
0.001024953166462202
0.001029591787697674
0.001034265258934246
0.001038945770024764
0.001043605743834648
0.001048217912425584
0.001052755392084111
0.001057191756942069
0.001061501110223011
0.001065658153073158
0.001069638250659
0.001073417494275336
0.001076972760035622
0.001080281762979245
0.001083323106348251
0.001086076325843636
0.001088521928202408
0.001090641423844848
0.001092417353393793
0.001093833307726342
0.001094873941168247
0.0010955249780609
0.001095773212274297
0.001095606499802072
0.00109501374436995
-1.250780383284499e-06
-1.700530076262195e-06
-2.157861771391253e-06
-2.622060647583313e-06
-3.092018716946169e-06
-3.567129952025826e-06
-4.046515554673397e-06
-4.529574056831066e-06
-5.015696126416011e-06
-5.504306709304845e-06
-5.994928593945549e-06
-6.487123559534612e-06
-6.980528403991412e-06
-7.474947846083356e-06
-7.970097424527677e-06
-8.465868087087078e-06
-8.962219900995667e-06
-9.459080607275912e-06
-9.956446554150836e-06
-1.045449512579907e-05
-1.095327534034259e-05
-1.145302583923319e-05
-1.195388477484789e-05
-1.245616072443454e-05
-1.296006145573452e-05
-1.346584200867572e-05
-1.397382228239239e-05
-1.4484272214032e-05
-1.499747074019494e-05
-1.551375100290732e-05
-1.603332905937983e-05
-1.655646316080407e-05
-1.708342055594205e-05
-1.761430741199091e-05
-1.814941291528521e-05
-1.868882884984658e-05
-1.923258957479713e-05
-1.978084502129776e-05
-2.033357958031791e-05
-2.089080790789333e-05
-2.145247321493017e-05
-2.201843090674977e-05
-2.258847860039608e-05
-2.316247281001813e-05
-2.374027128691913e-05
-2.432163296531401e-05
-2.490593256037019e-05
-2.549314596537749e-05
-2.60827652191977e-05
-2.667439002759843e-05
-2.726753203233734e-05
-2.7861804462384e-05
-2.845664824876486e-05
-2.905154507434233e-05
-2.964605396317424e-05
-3.023951303430833e-05
-3.083134729205059e-05
-3.142102477614831e-05
-3.200807097309856e-05
-3.259177250096459e-05
-3.317167510204404e-05
-3.374697889295197e-05
-3.43172912236123e-05
-3.48820214174097e-05
-3.544046730315426e-05
-3.599237962966965e-05
-3.653699990604695e-05
-3.707376663862193e-05
-3.760238806872908e-05
-3.812223013406694e-05
-3.863286526719777e-05
-3.913384933434966e-05
-3.962472022495084e-05
-4.010519460199909e-05
-4.057476359096729e-05
-4.103320997463409e-05
-4.148010449824257e-05
-4.191513634231283e-05
-4.233811527981597e-05
-4.274869301615277e-05
-4.314673653151377e-05
-4.353184542315572e-05
-4.39041119868582e-05
-4.426321764344418e-05
-4.460899808484396e-05
-4.494142759678768e-05
-4.526032589839381e-05
-4.556569810402374e-05
-4.585742179826359e-05
-4.613563300814784e-05
-4.640005075730769e-05
-4.665083181362729e-05
-4.688802223108912e-05
-4.7111674040856e-05
-4.732177483889289e-05
-4.7518393605493e-05
-4.770158658780341e-05
-4.787156000794711e-05
-4.8028389929132e-05
-4.8172192759046e-05
-4.830304695722758e-05
-4.842116464558925e-05
-4.852673949391041e-05
-4.861982517012516e-05
-4.870065517258679e-05
-4.876933771646418e-05
-4.882609785554826e-05
-4.887119064569528e-05
-4.890472527713245e-05
-4.892696776021357e-05
-4.893812993231203e-05
-4.893838543481847e-05
-4.892783309848174e-05
-4.890687800329093e-05
-4.887567052773667e-05
-4.883435836132137e-05
-4.878329773544047e-05
-4.872253503259661e-05
-4.865233386323176e-05
-4.857310450534947e-05
-4.848480754468485e-05
-4.838788002098105e-05
-4.828235841984618e-05
-4.816852682292401e-05
-4.804661656145824e-05
-4.791687118346289e-05
-4.777938786409367e-05
-4.763449038568867e-05
-4.748240946805566e-05
-4.732312773936742e-05
-4.715711455106724e-05
-4.698440415862694e-05
-4.680530650076457e-05
-4.661985288939872e-05
-4.642846332208154e-05
-4.623106227979177e-05
-4.602801650112093e-05
-4.58194125886044e-05
-4.560551578297459e-05
-4.538650347658954e-05
-4.516223431623711e-05
-4.493331980660951e-05
-4.469969855559465e-05
-4.446151865107432e-05
-4.42190482228218e-05
-4.397227402237579e-05
-4.372135212027736e-05
-4.346661121518484e-05
-4.320813800477269e-05
-4.294593702022347e-05
-4.268028600364266e-05
-4.241118795313847e-05
-4.213890927229927e-05
-4.186338599851478e-05
-4.158492997370313e-05
-4.130342544641087e-05
-4.101933858427913e-05
-4.073248939238786e-05
-4.044305429155574e-05
-4.015118155968576e-05
-3.985703031664345e-05
-3.95604700611409e-05
-3.926180332356513e-05
-3.896109962732924e-05
-3.865838840034239e-05
-3.835380341043765e-05
-3.804735917841781e-05
-3.773926473472935e-05
-3.742944533913269e-05
-3.71181003846794e-05
-3.680519569986928e-05
-3.649106866157625e-05
-3.617538737649061e-05
-3.585839729021808e-05
-3.554043857319808e-05
-3.522110769888716e-05
-3.490073928732735e-05
-3.457938870594305e-05
-3.42570085553582e-05
-3.393374946852533e-05
-3.360970682806024e-05
-3.328475725138069e-05
-3.295905838487682e-05
-3.263261956917825e-05
-3.230564250036051e-05
-3.197797006667996e-05
-3.164979611382566e-05
-3.132103760322269e-05
-3.099185119077614e-05
-3.066214632136152e-05
-3.033209539519716e-05
-3.000177633939189e-05
-2.967097904818139e-05
-2.933995573390934e-05
-2.900862443208022e-05
-2.867720612728834e-05
-2.834535880326697e-05
-2.801359055856758e-05
-2.768160686946198e-05
-2.734953891373133e-05
-2.701736487015924e-05
-2.668515661990162e-05
-2.63529353290729e-05
-2.602072604225012e-05
-2.568871744687002e-05
-2.5356458087288e-05
-2.502440379321981e-05
-2.469258085547512e-05
-2.43606976549244e-05
-2.402899059742087e-05
-2.369751653116471e-05
-2.336627800037798e-05
-2.303507535654984e-05
-2.27042536773949e-05
-2.237362845337193e-05
-2.204325672990993e-05
-2.171318794145779e-05
-2.138338412486737e-05
-2.105385475169761e-05
-2.072470718141723e-05
-2.039587904959036e-05
-2.00672901448836e-05
-1.973915726058802e-05
-1.941157628903047e-05
-1.908408554508853e-05
-1.875719333502882e-05
-1.843075946167669e-05
-1.810468920462073e-05
-1.777903046148568e-05
-1.745375599944719e-05
-1.712910633522115e-05
-1.680484828963776e-05
-1.648111880672958e-05
-1.615779387636563e-05
-1.583516195698915e-05
-1.551289576349164e-05
-1.519124426421378e-05
-1.487004001703507e-05
-1.45494288715229e-05
-1.422950655277996e-05
-1.391000714628418e-05
-1.359104444826801e-05
-1.327278927857325e-05
-1.295511763475694e-05
-1.263801885312166e-05
-1.232148132133729e-05
-1.200564436811214e-05
-1.169035299038016e-05
-1.137579831057871e-05
-1.106176701418617e-05
-1.074843473727381e-05
-1.043572547067078e-05
-1.012373667511201e-05
-9.812392709891211e-06
-9.501777611145481e-06
-9.191771803723932e-06
-8.882539427583751e-06
-8.573925877822057e-06
-8.26607355258925e-06
-7.958931907313437e-06
-7.652448551851993e-06
-7.346701532849316e-06
-7.041738028251579e-06
-6.73757460287918e-06
-6.434009961696059e-06
-6.131161709734212e-06
-5.829339649725122e-06
-5.528007145262089e-06
-5.227483250322878e-06
-4.927906107253142e-06
-4.629039311838425e-06
-4.330875166064707e-06
-4.033479119277937e-06
-3.737112586871299e-06
-3.44135265112271e-06
-3.146500456071346e-06
-2.852343123051367e-06
-2.559085064673364e-06
-2.266708124375416e-06
-1.975100469960267e-06
-1.684218966213359e-06
-1.39445251181992e-06
-1.10523814731423e-06
-8.171476954282235e-07
-5.297995014380162e-07
-2.433865398519157e-07
4.231585772656774e-08
3.269550072540061e-07
6.108754326759045e-07
8.937837273157313e-07
1.175728321548079e-06
1.456960476607828e-06
1.737167037453558e-06
2.01643336719047e-06
2.294855236761905e-06
2.572380688628057e-06
2.848955490640992e-06
3.124461503497302e-06
3.399174775625029e-06
3.672968391634542e-06
3.945716286803488e-06
4.217583523472642e-06
4.488204148363065e-06
4.758251887885954e-06
5.027176385984599e-06
5.295050583048542e-06
5.561975187989317e-06
5.827961281676272e-06
6.092986393932621e-06
6.356840519958597e-06
6.619793573091923e-06
6.881705319207476e-06
7.14265968035439e-06
7.402527742829439e-06
7.661350776359599e-06
7.919277697424033e-06
8.176167939983329e-06
8.431881071238389e-06
8.686493079464782e-06
8.94024893658034e-06
9.192874809660926e-06
9.444363594415263e-06
9.694817960540587e-06
9.944316053470055e-06
1.019260188812968e-05
1.04398355495044e-05
1.068596827438149e-05
1.093089943802203e-05
1.117498655392197e-05
1.141779608449393e-05
1.165947344502547e-05
1.190017925326419e-05
1.213965096649388e-05
1.237804675260169e-05
1.261523727663562e-05
1.285131589223024e-05
1.308632435995832e-05
1.332019466504343e-05
1.355281177487628e-05
1.37843551652729e-05
1.401468938683632e-05
1.424390683859141e-05
1.447191099061549e-05
1.469878579338178e-05
1.492432757649336e-05
1.514892445900223e-05
1.537218937724949e-05
1.559426386983003e-05
1.581514432967687e-05
1.603492188081502e-05
1.625340008188029e-05
1.647071052858411e-05
1.668670801789531e-05
1.69015899641483e-05
1.711523404973912e-05
1.732762855048922e-05
1.753866693986577e-05
1.774857831016304e-05
1.79573161973906e-05
1.816473301596253e-05
1.837091907053414e-05
1.857588166359625e-05
1.877947430900751e-05
1.89817478529136e-05
1.918292385671335e-05
1.938281588139283e-05
1.958130711264823e-05
1.97786447905832e-05
1.997467767632014e-05
2.016938843859019e-05
2.036289778947046e-05
2.055488884570398e-05
2.07457719031493e-05
2.093528659070779e-05
2.112350412756362e-05
2.131038138517997e-05
2.149615280816872e-05
2.168026264878638e-05
2.186324924855749e-05
2.204486867055651e-05
2.222515349690908e-05
2.240413246176532e-05
2.258175811883616e-05
2.275809380093138e-05
2.293298632850718e-05
2.310657041651493e-05
2.327895524001068e-05
2.344982720449059e-05
2.361953998491203e-05
2.378759836965108e-05
2.395446877036887e-05
2.412001888862912e-05
2.428411803702766e-05
2.444688423910651e-05
2.46084155651976e-05
2.476830679190322e-05
2.492703983191674e-05
2.508432885458728e-05
2.524028449469775e-05
2.53947412283237e-05
2.554791511007409e-05
2.56997635299413e-05
2.585015565513531e-05
2.599914089482907e-05
2.614679214393235e-05
2.629299399701438e-05
2.643785492103139e-05
2.65813416347827e-05
2.672333897702589e-05
2.686404034759635e-05
2.700340828908506e-05
2.714123830936439e-05
2.727778644834659e-05
2.741285906878479e-05
2.754654824559828e-05
2.76788362504649e-05
2.780982341301511e-05
2.793937227897108e-05
2.806744076145971e-05
2.819411690884074e-05
2.831954094861338e-05
2.844341603064858e-05
2.856609261241784e-05
2.868721667350341e-05
2.880691910751421e-05
2.892522779474753e-05
2.904220895239588e-05
2.915780175949135e-05
2.927194540986661e-05
2.938465074165228e-05
2.94962025074493e-05
2.960610548954209e-05
2.971487271674237e-05
2.982199936359782e-05
2.992793382496541e-05
3.003233725744343e-05
3.013551967480901e-05
3.02372190672889e-05
3.033760524325261e-05
3.043653290218868e-05
3.053431816177225e-05
3.063043766937422e-05
3.072541625587019e-05
3.081889343533624e-05
3.091120781878784e-05
3.100196785857832e-05
3.109142341066236e-05
3.117965814597003e-05
3.12663827227753e-05
3.135201076986557e-05
3.143611300368288e-05
3.151892674710078e-05
3.160046764816345e-05
3.168067656716978e-05
3.175964008612397e-05
3.183717967820602e-05
3.19134981447823e-05
3.198852566589781e-05
3.206230193333113e-05
3.213479794260457e-05
3.220596136082344e-05
3.227587390475187e-05
3.234457290373041e-05
3.241199035087142e-05
3.247814540244444e-05
3.254313768114706e-05
3.260692184787906e-05
3.26694955383703e-05
3.273066721242543e-05
3.279083094367537e-05
3.284982238967e-05
3.290744779705544e-05
3.296404629016376e-05
3.301960368586095e-05
3.307377492762812e-05
3.31269154352993e-05
3.317894901553662e-05
3.322971932049222e-05
3.327967501507829e-05
3.3328237900512e-05
3.337580824512138e-05
3.342239514108375e-05
3.346791383989973e-05
3.351245210808239e-05
3.355594129489254e-05
3.359827042306717e-05
3.363968284248101e-05
3.368005980290582e-05
3.37196722293316e-05
3.37581821230467e-05
3.379567579711384e-05
3.383231141056802e-05
3.386804108316928e-05
3.390288731623816e-05
3.39369357577617e-05
3.397016534278132e-05
3.400246800591208e-05
3.403401987236891e-05
3.406463516156748e-05
3.409459251317468e-05
3.412382800653162e-05
3.415224596525419e-05
3.417997583498065e-05
3.420696110158209e-05
3.423334931797615e-05
3.425901370366811e-05
3.428420855631145e-05
3.430880245429183e-05
3.433255559621241e-05
3.435599736147866e-05
3.437891284971859e-05
3.440126716405524e-05
3.442313968465857e-05
3.444457826627006e-05
3.446554207985419e-05
3.448621891051487e-05
3.450660958467398e-05
3.452645760461954e-05
3.454621386997849e-05
3.456557770653869e-05
3.458473560856947e-05
3.460373488415748e-05
3.462253129950178e-05
3.464116455034836e-05
3.465978082249144e-05
3.467834402967777e-05
3.469679710992843e-05
3.471521557321257e-05
3.473376777232492e-05
3.475239993822236e-05
3.477116999359685e-05
3.479015690283947e-05
3.480926210031008e-05
3.482871018632344e-05
3.484838814471825e-05
3.486832853050872e-05
3.488886550618808e-05
3.490970121585791e-05
3.493106196803775e-05
3.495291303270024e-05
3.497533227170369e-05
3.499844047563267e-05
3.502220455132391e-05
3.504666444218666e-05
3.507198657250608e-05
3.50981716804712e-05
3.512508839686622e-05
3.515321004184387e-05
3.518217713432552e-05
3.521228604728911e-05
3.524345055467832e-05
3.527593394445959e-05
3.530954941067163e-05
3.534467889018791e-05
3.538108669428111e-05
3.541897402763568e-05
3.54582671732129e-05
3.549935599812766e-05
3.554203018636532e-05
3.558640297520241e-05
3.563271366152179e-05
3.568097302877169e-05
3.573108888382015e-05
3.57833121061064e-05
3.583763865084108e-05
3.58942021592796e-05
3.595315427221103e-05
3.6014430990096e-05
3.607818838728395e-05
3.614446558988064e-05
3.621359310274045e-05
3.628522114354268e-05
3.635998778383777e-05
3.643760090954782e-05
3.65182963800054e-05
3.660210879037349e-05
3.668910583946473e-05
3.677953162401927e-05
3.687350778837278e-05
3.697102235646231e-05
3.707216876040544e-05
3.717720117360718e-05
3.728608385359909e-05
3.739906041247987e-05
3.751622097388784e-05
3.763757261882774e-05
3.776349783571033e-05
3.7893844686484e-05
3.802874705343927e-05
3.81686532096968e-05
3.831344891713751e-05
3.846321636593832e-05
3.861821238521613e-05
3.877852554018215e-05
3.894442943154397e-05
3.911592029791683e-05
3.929326771835137e-05
3.947644115318734e-05
3.966577365558462e-05
3.986126790811906e-05
4.006320077039631e-05
4.027172482212906e-05
4.04868215789029e-05
4.07089642213849e-05
4.093814322418308e-05
4.117448372962409e-05
4.141808976195032e-05
4.166941251839479e-05
4.19285137685179e-05
4.219546400294242e-05
4.247044638155554e-05
4.275375459618544e-05
4.3045483952558e-05
4.334587218415106e-05
4.365505717276286e-05
4.397328113448918e-05
4.430071189876587e-05
4.463758903915599e-05
4.49840395458832e-05
4.534014361441007e-05
4.570650968197584e-05
4.60828244645082e-05
4.64695164900526e-05
4.686682811919307e-05
4.727495497964419e-05
4.769400766198672e-05
4.81241814415037e-05
4.856571397226492e-05
4.901886136864355e-05
4.948368671135683e-05
4.996047474027789e-05
5.044941258994213e-05
5.095078333850907e-05
5.146455740866041e-05
5.19910334331889e-05
5.253045997435601e-05
5.308288424795283e-05
5.364862881903108e-05
5.422780916625172e-05
5.482048285240606e-05
5.542695547466808e-05
5.604729611033348e-05
5.66816479584066e-05
5.733013073564266e-05
5.799307367802521e-05
5.867031477284053e-05
5.93621282785116e-05
6.006866380646231e-05
6.078984389606496e-05
6.152577682570992e-05
6.227655186810931e-05
6.304225111337795e-05
6.382289012599906e-05
6.461837313307458e-05
6.542889736077805e-05
6.625414980861584e-05
6.709426378391037e-05
6.794908213650542e-05
6.881855950761467e-05
6.970245976450695e-05
7.060064507461236e-05
7.15130165544221e-05
7.243920463730617e-05
7.337900170923252e-05
7.433207355192186e-05
7.529805555558824e-05
7.62765039023119e-05
7.726704238537299e-05
7.826915955580849e-05
7.928232542099843e-05
8.030585955460357e-05
8.133915335578986e-05
8.238139874971982e-05
8.343191766273895e-05
8.448967544622181e-05
8.555376945778096e-05
8.662329797702332e-05
8.769697667405699e-05
8.877372699153384e-05
8.985227720469966e-05
9.093114688689954e-05
9.200884298108263e-05
9.308381442534145e-05
9.415448750988058e-05
9.521889055878996e-05
9.627513988357778e-05
9.732124065490968e-05
9.835492387621246e-05
9.93740749125365e-05
0.0001003760547869063
0.0001013583691505269
0.000102318372268731
0.0001032531959513369
0.0001041598579665627
0.000105035203682107
0.0001058759751822429
0.0001066787141320676
0.0001074400442055232
0.0001081560245033512
0.000108822934376474
0.0001094367797121405
0.0001099935307820739
0.0001104888333808317
0.0001109184509472345
0.0001112777738236996
0.0001115623980584762
0.0001117676325971893
0.0001118887911265138
0.0001119210140823884
0.0001118596091403043
0.0001116997786297287
0.0001114365301466569
0.0001110651459990491
0.0001105809861747058
0.0001099792085059167
0.0001092553915296519
0.0001084049251523074
0.0001074237288667284
0.0001063076880232284
0.0001050529201001983
0.0001036559138823825
0.0001021133921823103
0.0001004224799033083
9.858063891443264e-05
9.658573638745509e-05
9.443620212249928e-05
9.213085221640206e-05
8.966909587061039e-05
8.705067436177684e-05
8.427624886965037e-05
8.134696044259189e-05
7.826448505713681e-05
7.503118116491261e-05
7.165024396115136e-05
6.812529592435406e-05
6.446092697037e-05
6.066203899233902e-05
5.673463715235323e-05
5.268500006696164e-05
4.852043029430181e-05
4.424845850023507e-05
3.987752692641571e-05
3.541649913807077e-05
3.087475243619206e-05
2.626220860281125e-05
2.158907093021293e-05
1.686614341942436e-05
1.210418651304465e-05
7.31455447914026e-06
2.50857857680399e-06
-2.302163046880567e-06
-7.106311137477534e-06
-1.189230001162061e-05
-1.664873248803278e-05
-2.136434424100238e-05
-2.602820461707609e-05
-3.062963804084122e-05
-3.515828743595277e-05
-3.960425419276869e-05
-4.395807440244947e-05
-4.821072980993032e-05
-5.235392465153946e-05
-5.637989175039125e-05
-6.028145245823531e-05
-6.405203610194068e-05
-6.768580759657779e-05
-7.117754466842942e-05
-7.452283458679815e-05
-7.771780086380984e-05
-8.075933808274636e-05
-8.364495491653291e-05
-8.637288127541735e-05
-8.89419369385895e-05
-9.135155986701249e-05
-9.360182346736937e-05
-9.56932870262951e-05
-9.762709219064439e-05
-9.940482433957777e-05
-0.000101028702709392
-0.0001025011273220455
-0.0001038249861102263
-0.000105003748671869
-0.0001060407730723728
-0.0001069400663495934
-0.000107705670408482
-0.000108341909554186
-0.0001088533493578867
-0.0001092445358612895
-0.0001095203564295653
-0.0001096855898855179
-0.0001097451484723595
-0.0001097039723869126
-0.0001095670972261274
-0.0001093393777781523
-0.0001090258002755348
-0.0001086311796712886
-0.0001081602869180339
-0.0001076180403913334
-0.000107008899692365
-0.0001063373929495883
-0.0001056080073479926
-0.0001048250793346397
-0.0001039926444022179
-0.0001031148828251126
-0.0001021956039110933
-0.0001012386051779581
-0.0001002474706658527
-9.922580748267616e-05
-9.817676965819418e-05
-9.710366418024197e-05
-9.600946972992386e-05
-9.489710101527611e-05
-9.376930378264689e-05
-9.262873811255129e-05
-9.147781669086934e-05
-9.031898815671253e-05
-8.915436567899374e-05
-8.798609641963379e-05
-8.681615563009325e-05
-8.564640173418575e-05
-8.447852694402335e-05
-8.331424232878767e-05
-8.215495767481431e-05
-8.100216590174436e-05
-7.985708790442746e-05
-7.872098896571004e-05
-7.759508625879994e-05
-7.648028535460366e-05
-7.537761283403621e-05
-7.428793136023218e-05
-7.321206256663075e-05
-7.215065221977188e-05
-7.110442317490853e-05
-7.007390931332755e-05
-6.905968477749364e-05
-6.806218435680776e-05
-6.70817738133868e-05
-6.611885836438404e-05
-6.517375788030888e-05
-6.424662940863375e-05
-6.333769222419767e-05
-6.244721280963811e-05
-6.157518139299339e-05
-6.072170508798793e-05
-5.988676454987769e-05
-5.907050531219933e-05
-5.827266269993662e-05
-5.749332581589175e-05
-5.673234745900236e-05
-5.598957969422231e-05
-5.526489558756753e-05
-5.455802694215913e-05
-5.386881076038352e-05
-5.319702433303374e-05
-5.254234503984087e-05
-5.190458749813729e-05
-5.128329126050124e-05
-5.067823681319201e-05
-5.008912078332953e-05
-4.951535689823073e-05
-4.895680344366212e-05
-4.841297202965559e-05
-4.788341114681253e-05
-4.736775383614361e-05
-4.686549250111681e-05
-4.637623839056268e-05
-4.589940170303255e-05
-4.543470132244044e-05
-4.498145215024287e-05
-4.453930989721314e-05
-4.410758235314774e-05
-4.368590675842723e-05
-4.327371229280101e-05
-4.287039036778478e-05
-4.247541960609836e-05
-4.208835225623561e-05
-4.170850044016567e-05
-4.133540752527967e-05
-4.096841702633431e-05
-4.060700184091266e-05
-4.025061306420058e-05
-3.989859487738852e-05
-3.955048619130149e-05
-3.920564046717523e-05
-3.886344306186729e-05
-3.852332780346167e-05
-3.818485215696539e-05
-3.784732227039806e-05
-3.75101542483256e-05
-3.717282409368261e-05
-3.683472476640974e-05
-3.649534127036714e-05
-3.615418535688031e-05
-3.581056102556662e-05
-3.546408383217089e-05
-3.511420386059714e-05
-3.476030530028385e-05
-3.440199388092198e-05
-3.403878819017783e-05
-3.367012213335833e-05
-3.329564892974123e-05
-3.291484604087236e-05
-3.252731384445095e-05
-3.213262373215993e-05
-3.173048489199184e-05
-3.132041634371899e-05
-3.090212307422491e-05
-3.047536723973406e-05
-3.003963831099023e-05
-2.959485301441683e-05
-2.914073306248008e-05
-2.86770522353663e-05
-2.820357841961974e-05
-2.772016950198101e-05
-2.72267609794367e-05
-2.672324875146627e-05
-2.620952930753069e-05
-2.568557896119242e-05
-2.515147319632815e-05
-2.460712132788489e-05
-2.40527730499577e-05
-2.348841687063637e-05
-2.291435542613291e-05
-2.233069082704017e-05
-2.173763562327095e-05
-2.113559926965013e-05
-2.052475502596409e-05
-1.990558360674346e-05
-1.927847410749289e-05
-1.864383409465773e-05
-1.800214063132804e-05
-1.73539761349734e-05
-1.669991521448599e-05
-1.604051545322228e-05
-1.537653810773475e-05
-1.470855996189515e-05
-1.403740467667628e-05
-1.336375734519146e-05
-1.268849991805518e-05
-1.201245746872269e-05
-1.133642170240307e-05
-1.066144533716233e-05
-9.988308259641974e-06
-9.318086570634594e-06
-8.651725226842564e-06
-7.990205131317202e-06
-7.334636374363837e-06
-6.686005332476739e-06
-6.045338319126975e-06
-5.413806232694179e-06
-4.79234325217018e-06
-4.18220453980562e-06
-3.584249294114125e-06
-2.99977193901716e-06
-2.42970053017235e-06
-1.875095130742427e-06
-1.337032453099918e-06
-8.165261828714038e-07
-3.145779857025499e-07
1.678569526433412e-07
6.298477731385931e-07
1.070498440125452e-06
1.488959381236519e-06
1.884434114900478e-06
2.256108814234302e-06
2.603326927938445e-06
2.925348485659658e-06
3.221646270507787e-06
3.49174252601856e-06
3.735092675590012e-06
3.951256092763183e-06
4.139892228035116e-06
4.30081288152931e-06
4.43386360870037e-06
4.538842534690157e-06
4.615719968657089e-06
4.664589521312227e-06
4.685471602081212e-06
4.678645956516993e-06
4.644382909785007e-06
4.583028799435472e-06
4.49502360967299e-06
4.380738361805801e-06
4.240846397803475e-06
4.076006426758769e-06
3.886794737552064e-06
3.674076081451292e-06
3.438653531988059e-06
3.181304929871357e-06
2.903027598322196e-06
2.604812240347278e-06
2.287517994604418e-06
1.952185321051525e-06
1.600014407608216e-06
1.231905816821645e-06
8.489713483633319e-07
4.522512635703494e-07
4.29405900024887e-08
-3.780513456340319e-07
-8.096244920627153e-07
0
