-0.001094992142312157
-0.00109558453776891
-0.00109575092283782
-0.001095502394049274
-0.001094851095572669
-0.001093810233539366
-0.001092394083457972
-0.001090617990706206
-0.001088498364036782
-0.001086052662315424
-0.001083299374480008
-0.001080257993103998
-0.001076948981712852
-0.001073393736190064
-0.001069614540620815
-0.001065634517927937
-0.001061477575793056
-0.001057168348105729
-0.001052732132656464
-0.001048194825156626
-0.001043582850503539
-0.001038923091355781
-0.001034242814626113
-0.001029569596490689
-0.00102493124611716
-0.00102035572873652
-0.001015871088382016
-0.001011505370816965
-0.001007286546949322
-0.00100324243712138
-0.0009994006367577356
-0.000995788443580308
-0.0009924327867442528
-0.000989360158278974
-0.0009865965470555551
-0.0009841673754835958
-0.0009820974392885139
-0.0009804108505355536
-0.0009791309840490479
-0.0009782804274553404
-0.0009778809349473621
-0.0009779533849480597
-0.0009785177416555342
-0.0009795930206742943
-0.0009811972587050063
-0.0009833474873101227
-0.000986059710801014
-0.0009893488882013125
-0.0009932289192558261
-0.0009977126344161602
-0.001002811788792896
-0.001008537059834679
-0.001014898048806994
-0.001021903285833388
-0.001029560238377156
-0.00103787532304889
-0.001046853920611591
-0.00105650039387982
-0.00106681810854184
-0.001077809456572286
-0.001089475882131553
-0.001101817909711501
-0.00111483517443218
-0.00112852645419732
-0.001142889703610684
-0.001157922089411829
-0.001173620027271762
-0.001189979219814538
-0.001206994695574099
-0.001224660848888745
-0.001242971480388419
-0.001261919838074698
-0.001281498658748801
-0.001301700209650452
-0.00132251633024926
-0.001343938473968722
-0.001365957749760502
-0.001388564963402553
-0.001411750658471449
-0.0014355051567883
-0.001459818598333746
-0.001484680980504845
-0.001510082196674893
-0.001536012073893441
-0.001562460409829321
-0.001589417008714585
-0.001616871716352172
-0.001644814454123367
-0.001673235251956041
-0.001702124280167561
-0.001731471880259416
-0.00176126859453124
-0.001791505194527392
-0.001822172708414266
-0.001853262447069647
-0.00188476602903552
-0.001916675404315306
-0.001948982876906652
-0.001981681126244397
-0.002014763227393196
-0.002048222670128302
-0.002082053376780835
-0.00211624971906842
-0.002150806533638507
-0.002185719136631785
-0.002220983337078601
-0.002256595449246824
-0.002292552303900881
-0.0023288512585959
-0.002365490206869417
-0.002402467586520711
-0.002439782386855654
-0.002477434155047285
-0.002515423001526185
-0.002553749604504343
-0.00259241521358234
-0.002631421652553317
-0.002670771321324449
-0.002710467197064455
-0.002750512834502706
-0.002790912365529628
-0.002831670497978344
-0.002872792513690361
-0.002914284265880768
-0.002956152175725494
-0.002998403228369531
-0.003041044968088605
-0.003084085492940516
-0.00312753344863669
-0.003171398021764876
-0.003215688932440505
-0.003260416426158679
-0.003305591265114189
-0.003351224718772148
-0.003397328553826551
-0.003443915023447862
-0.003490996855871099
-0.003538587242257588
-0.00358669982384399
-0.003635348678369465
-0.003684548305730113
-0.003734313612848497
-0.003784659897737692
-0.00383560283268807
-0.003887158446628367
-0.003939343106491405
-0.003992173497673793
-0.004045666603463354
-0.004099839683378381
-0.004154710250441345
-0.00421029604724624
-0.004266615020765108
-0.004323685295917022
-0.004381525147724405
-0.004440152972003081
-0.004499587254585345
-0.004559846538879945
-0.004620949391797483
-0.004682914367842824
-0.004745759971391091
-0.004809504616921157
-0.004874166587264774
-0.004939763989609039
-0.005006314709277244
-0.005073836361065192
-0.005142346238142378
-0.005211861258303238
-0.005282397907462088
-0.005353972180387616
-0.005426599518416435
-0.005500294744101814
-0.005575071992703285
-0.005650944640354307
-0.005727925228844124
-0.005806025386871139
-0.005885255747744371
-0.00596562586332742
-0.006047144114245537
-0.006129817616270284
-0.006213652122807941
-0.006298651923420885
-0.006384819738441204
-0.006472156609649567
-0.006560661786949981
-0.006650332611282075
-0.006741164393665016
-0.006833150290593866
-0.00692628117593538
-0.007020545509456446
-0.007115929202344035
-0.007212415479836826
-0.007309984741545355
-0.00740861441957955
-0.007508278835277276
-0.007608949054746145
-0.007710592744119012
-0.007813174024969101
-0.007916653330857741
-0.008020987265662588
-0.008126128464841061
-0.008232025460466006
-0.008338622551244639
-0.00844585967874781
-0.008553672311118922
-0.008661991335638081
-0.008770742961655559
-0.008879848635477342
-0.008989224968749931
-0.009098783682202356
-0.009208431566285639
-0.009318070460868388
-0.009427597255373598
-0.009536903911671498
-0.009645877511227936
-0.009754400328544183
-0.009862349932522992
-0.009969599317548584
-0.01007601706579827
-0.0101814675422063
-0.01028581112343201
-0.01038890446178702
-0.01049060078501568
-0.01059075023241113
-0.01068920022754037
-0.01078579588743096
-0.01088038046777072
-0.01097279584313638
-0.01106288302108696
-0.01115048268817576
-0.0112354357858155
-0.01131758411318105
-0.01139677095411272
-0.01147284172422184
-0.01154564463433669
-0.0116150313656894
-0.01168085775194547
-0.01174298446302247
-0.01180127768498284
-0.01185560979051714
-0.01190585999394504
-0.01195191498490754
-0.01199366953469701
-0.01203102706939899
-0.01206390020412339
-0.0120922112329469
-0.01211589256928497
-0.01213488713227102
-0.01214914867479296
-0.01215864204970591
-0.01216334341126405
-0.01216324034951076
-0.01215833195617382
-0.01214862882125223
-0.01213415296040274
-0.01211493767388236
-0.01209102733865033
-0.01206247713590188
-0.01202935271710522
-0.01199172981203894
-0.01194969378325073
-0.01190333913148762
-0.01185276895730273
-0.01179809438440689
-0.0117394339504008
-0.0116769129709064
-0.01161066288303003
-0.01154082057416395
-0.01146752770205956
-0.01139093001188817
-0.01131117665578278
-0.01122841952011771
-0.01114281256531299
-0.01105451118274682
-0.01096367157270406
-0.01087045014706898
-0.01077500295979368
-0.01067748516788695
-0.01057805052501169
-0.01047685090953602
-0.01037403588811835
-0.01026975231587538
-0.0101641439733616
-0.01005735124052002
-0.009949510807304671
-0.009840755420326983
-0.009731213664568503
-0.009621009779254905
-0.009510263506279398
-0.009399089969840081
-0.009287599585581868
-0.009175897997527542
-0.009064086040898233
-0.008952259728988304
-0.00884051026217479
-0.0087289240572044
-0.00861758279471631
-0.008506563483360026
-0.008395938538484426
-0.008285775873867852
-0.008176139004631261
-0.008067087159853867
-0.007958675403413218
-0.007850954761550309
-0.007743972355933519
-0.007637771540951852
-0.007532392044146152
-0.007427870108779619
-0.00732423863754307
-0.007221527336632261
-0.007119762859394993
-0.007018968948925308
-0.006919166578963508
-0.006820374092649398
-0.006722607338593651
-0.006625879804009658
-0.00653020274445367
-0.006435585310047091
-0.006342034667814815
-0.006249556120136037
-0.006158153219037171
-0.006067827876333382
-0.005978580469534234
-0.005890409943496175
-0.005803313907769257
-0.005717288729796235
-0.00563232962382245
-0.005548430735798558
-0.005465585224138024
-0.005383785336553047
-0.005303022483047943
-0.005223287305169241
-0.005144569741548232
-0.005066859090029593
-0.004990144066344984
-0.004914412859523177
-0.004839653184185238
-0.004765852329778264
-0.004692997207003887
-0.004621074391386953
-0.004550070164251613
-0.004479970551217393
-0.004410761358209637
-0.004342428205256231
-0.004274956558108949
-0.004208331757741048
-0.00414253904796648
-0.004077563601153131
-0.004013390542199912
-0.003950004970827392
-0.003887391982340884
-0.003825536686862764
-0.003764424227162895
-0.003704039795184595
-0.003644368647327958
-0.003585396118503243
-0.003527107635135137
-0.003469488727080024
-0.003412525038578028
-0.003356202338254878
-0.003300506528295189
-0.003245423652771829
-0.003190939905186797
-0.003137041635319526
-0.0030837153554328
-0.00303094774573273
-0.002978725659379407
-0.002927036126794774
-0.00287586635959485
-0.002825203753891021
-0.002775035893266742
-0.002725350551217226
-0.00267613569328227
-0.002627379478726929
-0.002579070261955459
-0.002531196593538743
-0.002483747220968851
-0.002436711089138351
-0.002390077340550322
-0.002343835315305182
-0.002297974550833901
-0.002252484781424884
-0.002207355937645977
-0.002162578145421341
-0.002118141725140468
-0.002074037190450483
-0.002030255247017857
-0.001986786791132326
-0.001943622908163118
-0.001900754870958496
-0.00185817413812994
-0.001815872352242122
-0.001773841337937082
-0.001732073099952964
-0.001690559821155624
-0.001649293860436859
-0.001608267750572206
-0.001567474196097747
-0.001526906071062616
-0.001486556416816331
-0.001446418439753495
-0.001406485508953949
-0.001366751153974402
-0.001327209062418273
-0.001287853077694416
-0.001248677196593316
-0.001209675566992886
-0.001170842485474458
-0.001132172394985459
-0.001093659882481375
-0.001055299676603253
-0.001017086645326461
-0.0009790157936599515
-0.000941082261324966
-0.0009032813204190009
-0.0008656083732339405
-0.0008280589498955257
-0.000790628706158841
-0.0007533134211987814
-0.000716108995381823
-0.0006790114480865508
-0.0006420169155530416
-0.0006051216487435155
-0.0005683220112367508
-0.0005316144771203244
-0.0004949956289581519
-0.0004584621557436722
-0.0004220108508782441
-0.0003856386102079616
-0.0003493424300609705
-0.0003131194053465898
-0.0002769667275864366
-0.0002408816831260797
-0.0002048616512429202
-0.0001689041023420066
-0.0001330065961638867
-9.716678002984354e-05
-6.138238713088227e-05
-2.565123478814749e-05
1.002877721626642e-05
4.565966824381031e-05
8.12433784963915e-05
0.0001167817705177898
0.0001522766308482409
0.0001877296714910236
0.00022314253147209
0.0002585167782999703
0.0002938539094262717
0.0003291553537032614
0.0003644224727446094
0.0003996565623592338
0.0004348588538490756
0.0004700305154084663
0.0005051726533668185
0.0005402863135226036
0.0005753724823649624
0.0006104320883084378
0.0006454660029528161
0.0006804750422158886
0.0007154599675248501
0.0007504214869591878
0.0007853602563645395
0.0008202768804707297
0.0008551719139708719
0.0008900458625248047
0.0009248991838862234
0.0009597322888729417
0.0009945455423410381
0.00102933926421852
0.0010641137304299
0.001098869173839936
0.001133605785189227
0.001168323713979234
0.001203023069398844
0.001237703921141791
0.001272366300280647
0.001307010200130457
0.001341635577007042
0.001376242351099693
0.00141083040719613
0.001445399595509786
0.001479949732373816
0.001514480601047097
0.001548991952393266
0.001583483505614309
0.001617954948957557
0.001652405940358601
0.001686836108169214
0.001721245051777922
0.001755632342274944
0.001789997523050626
0.001824340110466207
0.001858659594415037
0.001892955438946234
0.001927227082853872
0.001961473940201023
0.001995695400958363
0.002029890831478615
0.002064059575106174
0.002098200952627565
0.002132314262877985
0.002166398783181424
0.002200453769878376
0.00223447845881207
0.002268472065819119
0.002302433787178149
0.002336362800088339
0.00237025826312656
0.002404119316653419
0.002437945083309889
0.002471734668398974
0.002505487160318788
0.002539201630984869
0.002572877136202891
0.002606512716104834
0.002640107395505651
0.002673660184301422
0.002707170077842677
0.002740636057292245
0.002774057089990581
0.002807432129822432
0.002840760117508091
0.002874039981042486
0.002907270635956536
0.002940450985640313
0.002973579921702474
0.003006656324282975
0.003039679062333551
0.003072646993947221
0.003105558966666617
0.003138413817717019
0.003171210374403141
0.003203947454290269
0.003236623865527714
0.003269238407120967
0.003301789869183619
0.003334277033238334
0.003366698672426324
0.003399053551798877
0.003431340428553742
0.003463558052262262
0.003495705165161968
0.003527780502335678
0.003559782791985276
0.003591710755630972
0.003623563108353261
0.003655338559027979
0.003687035810505171
0.003718653559852265
0.003750190498546305
0.003781645312706994
0.003813016683264666
0.003844303286184436
0.003875503792650527
0.003906616869259335
0.003937641178219783
0.003968575377526086
0.003999418121131085
0.004030168059167205
0.004060823838081692
0.004091384100820068
0.004121847487024676
0.00415221263313897
0.004182478172659852
0.004212642736236768
0.004242704951834725
0.004272663444935633
0.004302516838640661
0.004332263753864727
0.004361902809448109
0.004391432622333769
0.004420851807699928
0.004450158979117802
0.004479352748649877
0.004508431727028394
0.004537394523809971
0.004566239747412253
0.004594966005375515
0.004623571904396434
0.004652056050473117
0.004680417049072443
0.00470865350520808
0.004736764023567286
0.004764747208666972
0.004792601664919709
0.004820325996769929
0.004847918808837439
0.004875378705979197
0.004902704293405304
0.004929894176852224
0.004956946962594342
0.004983861257604319
0.005010635669659685
0.005037268807422713
0.005063759280546835
0.005090105699754826
0.005116306676993461
0.005142360825460074
0.005168266759715107
0.005194023095835139
0.005219628451384817
0.00524508144562264
0.005270380699512888
0.005295524835839623
0.005320512479297154
0.005345342256554146
0.005370012796331031
0.005394522729527534
0.005418870689239525
0.00544305531086013
0.005467075232179073
0.005490929093433307
0.005514615537367842
0.005538133209344429
0.005561480757392547
0.005584656832263664
0.005607660087526981
0.005630489179628097
0.005653142767950644
0.005675619514875251
0.00569791808588431
0.005720037149539926
0.005741975377632739
0.005763731445190144
0.005785304030587323
0.005806691815517098
0.005827893485129015
0.005848907728069031
0.00586973323648788
0.005890368706173313
0.005910812836514458
0.005931064330628335
0.00595112189536017
0.005970984241379888
0.005990650083165369
0.006010118139133274
0.006029387131608693
0.006048455786915105
0.006067322835411342
0.00608598701151831
0.006104447053810472
0.006122701704973215
0.006140749711945451
0.006158589825887392
0.006176220802225602
0.006193641400718459
0.006210850385503335
0.006227846525082252
0.006244628592408485
0.006261195364891166
0.006277545624451986
0.006293678157524817
0.006309591755131065
0.006325285212877597
0.006340757331007269
0.006356006914430248
0.006371032772721665
0.006385833720194275
0.006400408575900169
0.006414756163658737
0.006428875312102249
0.00644276485466639
0.006456423629654507
0.006469850480244657
0.006483044254495658
0.0064960038053946
0.006508727990884769
0.006521215673846108
0.006533465722160085
0.006545477008730779
0.006557248411447425
0.006568778813268649
0.006580067102228502
0.006591112171401381
0.006601912918995301
0.006612468248318978
0.006622777067808539
0.006632838291055296
0.006642650836808992
0.0066522136289828
0.006661525596709003
0.00667058567429777
0.006679392801284692
0.006687945922436824
0.006696243987793438
0.006704285952582672
0.00671207077736029
0.006719597427940469
0.006726864875415934
0.006733872096200044
0.006740618072009854
0.006747101789869309
0.006753322242161994
0.006759278426584811
0.006764969346208002
0.006770394009451699
0.006775551430110443
0.006780440627352365
0.006785060625745988
0.00678941045524536
0.006793489151215745
0.006797295754440962
0.006800829311148337
0.006804088872963805
0.00680707349700397
0.006809782245783776
0.006812214187357617
0.006814368395181193
0.006816243948247617
0.006817839931030812
0.00681915543351963
0.006820189551205153
0.006820941385138063
0.006821410041894343
0.006821594633636925
0.006821494278067707
0.006821108098507059
0.006820435223872349
0.006819474788706831
0.006818225933160406
0.006816687803116825
0.006814859550052196
0.006812740331205822
0.00681032930948987
0.00680762565360143
0.00680462853797841
0.006801337142871712
0.006797750654340879
0.006793868264307574
0.006789689170571155
0.006785212576856658
0.006780437692825206
0.006775363734133954
0.006769989922455168
0.006764315485548362
0.006758339657294311
0.006752061677681808
0.006745480792952565
0.006738596255596694
0.006731407324393448
0.006723913264514118
0.006716113347564064
0.006708006851622136
0.006699593061350323
0.006690871268022275
0.006681840769636113
0.006672500870966156
0.006662850883659375
0.006652890126322638
0.006642617924609399
0.006632033611293582
0.00662113652644295
0.006609926017444666
0.006598401439167264
0.006586562154037674
0.00657440753222276
0.006561936951690332
0.006549149798400595
0.006536045466436496
0.006522623358126433
0.006508882884219956
0.006494823464066825
0.006480444525741435
0.006465745506288577
0.006450725851853213
0.006435385017906698
0.00641972246945177
0.006403737681211507
0.006387430137897111
0.006370799334417304
0.006353844776116912
0.006336565979042703
0.006318962470200311
0.00630103378787635
0.00628277948187184
0.006264199113828734
0.006245292257562728
0.006226058499366469
0.006206497438387572
0.00618660868694203
0.006166391870934476
0.006145846630221036
0.00612497261900516
0.006103769506311473
0.006082236976338761
0.006060374729018258
0.006038182480403461
0.006015659963219689
0.005992806927351876
0.005969623140384978
0.005946108388161919
0.005922262475361365
0.00589808522610439
0.005873576484566011
0.005848736115620477
0.005823564005527333
0.005798060062608716
0.00577222421801985
0.005746056426422042
0.005719556666829517
0.005692724943380741
0.005665561286196039
0.00563806575222082
0.005610238426155475
0.005582079421351744
0.00555358888080571
0.005524766978139775
0.005495613918642574
0.005466129940332987
0.00543631531507168
0.005406170349701924
0.005375695387239674
0.005344890808075748
0.005313757031287807
0.005282294515882191
0.005250503762176807
0.005218385313211828
0.005185939756152931
0.005153167723795924
0.005120069896100086
0.005086647001730896
0.005052899819750217
0.005018829181248818
0.004984435971072405
0.004949721129631926
0.004914685654706073
0.004879330603370681
0.004843657093874887
0.004807666307679826
0.004771359491537527
0.00473473795953106
0.004697803095288921
0.004660556354197103
0.004622999265665448
0.004585133435501266
0.00454696054826682
0.004508482369787914
0.0044697007496272
0.004430617623676399
0.004391235016825383
0.004351555045601668
0.004311579920982036
0.004271311951164589
0.004230753544477698
0.004189907212260846
0.004148775571922461
0.004107361349894727
0.004065667384811299
0.004023696630593307
0.003981452159669638
0.003938937166203236
0.003896154969412929
0.003853109016883887
0.003809802887937423
0.003766240297031434
0.003722425097237528
0.00367836128367158
0.003634052997025513
0.003589504527017037
0.003544720316017179
0.003499704962470101
0.003454463224545946
0.003409000023592123
0.003363320447713409
0.003317429755220878
0.003271333378176848
0.003225036925775223
0.003178546187806211
0.003131867137925102
0.003085005936987712
0.003037968936208273
0.002990762680309835
0.002943393910516045
0.002895869567435597
0.002848196793844247
0.002800382937297771
0.002752435552632907
0.002704362404188504
0.002656171467947267
0.002607870933455095
0.002559469205397697
0.002510974905087963
0.002462396871577631
0.002413744162514218
0.002365026054711616
0.002316252044341042
0.00226743184681222
0.002218575396246459
0.002169692844600783
0.002120794560281609
0.002071891126392766
0.002022993338470752
0.001974112201705376
0.001925258927679971
0.001876444930532812
0.001827681822542513
0.001778981409141788
0.001730355683245558
0.001681816819010892
0.001633377164871832
0.001585049235863293
0.001536845705326376
0.001488779395724062
0.001440863268867767
0.0013931104152235
0.00134553404254083
0.001298147463656864
0.001250964083418215
0.001203997384910271
0.001157260914755113
0.001110768267689152
0.001064533070237206
0.001018568963641607
0.0009728895859677997
0.0009275085534666411
0.0008824394411224594
0.0008376957625694601
0.0007932909492296887
0.0007492383288562913
0.0007055511034883243
0.0006622423268156734
0.0006193248811225301
0.0005768114537770207
0.0005347145133859682
0.0004930462857607311
0.0004518187296835459
0.0004110435126211042
0.0003707319865331594
0.0003308951638346632
0.0002915436936806156
0.0002526878386488263
0.000214337452064662
0.0001765019559652767
0.0001391903200696804
0.000102411041585045
6.617212642910566e-05
3.048107162194064e-05
-4.655150686845661e-06
-3.923010752264944e-05
-7.323791758440748e-05
-0.000106673261664798
-0.0001395313909184916
-0.0001718081328186483
-0.0002034998946461074
-0.000234603664353353
-0.0002651170087200143
-0.0002950380686820592
-0.0003243655518140941
-0.0003530987217290893
-0.0003812373845497735
-0.0004087818723272378
-0.0004357330234192975
-0.0004620921598926624
-0.0004878610620501376
-0.0005130419400870374
-0.0005376374031253531
-0.0005616504257262584
-0.0005850843121540262
-0.0006079426585577944
-0.0006302293133956371
-0.0006519483365139064
-0.0006731039569823219
-0.0006937005304103747
-0.0007137424958415777
-0.0007332343328543866
-0.0007521805193085604
-0.0007705854901725664
-0.0007884535978937074
-0.0008057890749727558
-0.0008225959990100758
-0.0008388782609592945
-0.0008546395368152302
-0.0008698832634609728
-0.0008846126188943792
-0.0008988305073298853
-0.0009125395495059039
-0.0009257420785083715
-0.0009384401413566595
-0.0009506355065045614
-0.0009623296774277862
-0.0009735239122476173
-0.0009842192495251845
-0.0009944165398901581
-0.001004116483508288
-0.001013319673010951
-0.001022026641619039
-0.001030237915941548
-0.001037954073046227
-0.001045175801258254
-0.001051903963980924
-0.001058139666007898
-0.00106388432155875
-0.001069139723277373
-0.001073908111619271
-0.001078192243570045
-0.001081995460334217
-0.001085321752884248
-0.001088175824871566
-0.001090563152223171
-0.001092490038610823
-0.001093963666373321
0
