-4.711220858719415e-07
-1.417521848099969e-06
-2.376404029483156e-06
-3.356142208968053e-06
-4.365187410967047e-06
-5.412097987337635e-06
-6.505568486683469e-06
-7.654457150596187e-06
-8.867811816073637e-06
-1.015489388609021e-05
-1.152520015386404e-05
-1.298848226426001e-05
-1.455476350873882e-05
-1.623435282465702e-05
-1.803785577593822e-05
-1.997618238298859e-05
-2.206055162930469e-05
-2.430249258069967e-05
-2.671384205223809e-05
-2.930673869578747e-05
-3.209361362717811e-05
-3.508717748897712e-05
-3.830040410476766e-05
-4.174651073400505e-05
-4.543893512302509e-05
-4.939130941029184e-05
-5.361743120067124e-05
-5.813123187223702e-05
-6.294674247333664e-05
-6.807805740554566e-05
-7.353929617475493e-05
-7.934456357520416e-05
-8.550790849734969e-05
-9.204328180236095e-05
-9.896449353128008e-05
-0.000106285169791422
-0.0001140187096145009
-0.0001221782421998554
-0.0001307765847734376
-0.0001398262014183568
-0.0001493391631403889
-0.0001593271094732585
-0.0001698012118587463
-0.0001807721390478806
-0.0001922500247589034
-0.0002042444376990749
-0.0002167643542559228
-0.000229818133879574
-0.000243413497266062
-0.0002575575075603087
-0.0002722565545248059
-0.0002875163417040752
-0.0003033418767232686
-0.0003197374645787769
-0.0003367067039826344
-0.000354252486661607
-0.0003723769996338982
-0.0003910817302115702
-0.0004103674738607176
-0.0004302343445989143
-0.0004506817879845267
-0.0004717085963902164
-0.0004933129266143181
-0.0005154923195402634
-0.0005382437217431311
-0.000561563508932747
-0.0005854475109827698
-0.0006098910384986877
-0.0006348889106607978
-0.0006604354843096991
-0.0006865246839926741
-0.0007131500329158168
-0.0007403046846189421
-0.0007679814552360741
-0.0007961728561885883
-0.0008248711272527002
-0.0008540682697401642
-0.0008837560798297269
-0.0009139261818223291
-0.0009445700612542044
-0.0009756790978022304
-0.001007244597780615
-0.001039257826310115
-0.001071710038912199
-0.001104592512563216
-0.001137896576088481
-0.001171613639888488
-0.001205735224837143
-0.001240252990453458
-0.001275158762174194
-0.001310444557741036
-0.001346102612670302
-0.00138212540478949
-0.001418505677764267
-0.001455236463666038
-0.001492311104483234
-0.001529723272677977
-0.001567466990649631
-0.001605536649199553
-0.001643927024947953
-0.001682633296728944
-0.001721651060938652
-0.001760976345874096
-0.001800605625049515
-0.001840535829507204
-0.001880764359145404
-0.001921289093076536
-0.001962108398983088
-0.002003221141580494
-0.002044626690124102
-0.00208632492500069
-0.002128316243451779
-0.002170601564406168
-0.002213182332491714
-0.00225606052117071
-0.002299238635113039
-0.002342719711751293
-0.002386507322075584
-0.002430605570683225
-0.002475019095078598
-0.002519753064282536
-0.002564813176743357
-0.002610205657545388
-0.002655937254989459
-0.002702015236480869
-0.002748447383847381
-0.002795241987959038
-0.002842407842760601
-0.002889954238749728
-0.002937890955748404
-0.002986228255183724
-0.003034976871715638
-0.003084148004284373
-0.003133753306581056
-0.00318380487688941
-0.003234315247352551
-0.003285297372599274
-0.003336764617774242
-0.003388730745883733
-0.003441209904533288
-0.003494216611924206
-0.003547765742208032
-0.003601872510077262
-0.003656552454583501
-0.003711821422186705
-0.003767695548941328
-0.003824191241843627
-0.003881325159208335
-0.003939114190143546
-0.003997575432927173
-0.004056726172378138
-0.004116583856002461
-0.00417716606904952
-0.004238490508181389
-0.004300574953848296
-0.004363437241261771
-0.004427095229795944
-0.004491566770881426
-0.004556869674114512
-0.004623021671716147
-0.004690040380971756
-0.004757943264846996
-0.004826747590373406
-0.004896470384996034
-0.004967128390465558
-0.005038738014444878
-0.005111315279512136
-0.005184875769510554
-0.005259434573169719
-0.005335006224791161
-0.005411604641931933
-0.005489243059977721
-0.005567933963421425
-0.00564768901381296
-0.005728518974211144
-0.005810433630059057
-0.005893441706374191
-0.005977550781182426
-0.006062767195067771
-0.006149095956853456
-0.006236540645298407
-0.006325103306783961
-0.006414784349017977
-0.006505582430731119
-0.006597494347392017
-0.006690514913079769
-0.00678463683852835
-0.006879850605546333
-0.006976144337937983
-0.007073503669254729
-0.007171911607469571
-0.007271348397157493
-0.007371791379332092
-0.00747321484955569
-0.007575589914788582
-0.007678884349536178
-0.007783062452100626
-0.007888084901521373
-0.007993908616204467
-0.008100486615026142
-0.008207767882121424
-0.008315697236230249
-0.008424215206055748
-0.008533257912762854
-0.008642756961107556
-0.008752639340627814
-0.008862827338509056
-0.008973238465761023
-0.009083785398402064
-0.009194375935458897
-0.009304912975617927
-0.009415294514353984
-0.009525413663457787
-0.009635158694804073
-0.00974441311022705
-0.009853055739283531
-0.00996096086662464
-0.01006799839065602
-0.01017403401478975
-0.01027892947280665
-0.01038254278920983
-0.01048472857560633
-0.0105853383635597
-0.01068422097422945
-0.01078122292474429
-0.01087618887077862
-0.01096896208457135
-0.01105938496698751
-0.01114729959202366
-0.01123254828140004
-0.01131497420668308
-0.01139442201583453
-0.01147073848036193
-0.01154377315936666
-0.01161337907565834
-0.01167941339937609
-0.01174173813373458
-0.01180022079740778
-0.01185473509796341
-0.01190516159029347
-0.01195138831418135
-0.01199331140498676
-0.01203083567152143
-0.0120638751354439
-0.01209235352669528
-0.01211620472975908
-0.01213537317613507
-0.01214981417881616
-0.01215949420505434
-0.01216439108454198
-0.01216449415066182
-0.01215980431320001
-0.01215033406181999
-0.01213610740016008
-0.01211715971135588
-0.01209353755646784
-0.01206529840806943
-0.01203251032183329
-0.0119952515498259
-0.01195361009955961
-0.0119076832433876
-0.01185757698353225
-0.01180340547794461
-0.01174529043281414
-0.01168336046759566
-0.01161775045840045
-0.01154860086579036
-0.01147605705283513
-0.01140026859907177
-0.01132138861589475
-0.0112395730686764
-0.01115498011025604
-0.01106776943053937
-0.01097810162607018
-0.01088613759335207
-0.01079203794901841
-0.01069596247956615
-0.01059806962293917
-0.0104985159837019
-0.01039745588318271
-0.01029504094551473
-0.01019141972003631
-0.01008673734028744
-0.009981135219317587
-0.009874750780884047
-0.009767717225670712
-0.009660163331604698
-0.009552213286937925
-0.009443986554751246
-0.009335597767332856
-0.009227156648728157
-0.009118767963768091
-0.009010531491730412
-0.008902542022849659
-0.008794889375806353
-0.008687658434364993
-0.0085809292014146
-0.008474776868513461
-0.008369271899443313
-0.008264480125916105
-0.008160462854029802
-0.008057276979882804
-0.007954975113001146
-0.007853605706259169
-0.007753213191014035
-0.007653838116377171
-0.007555517291574974
-0.007458283930395998
-0.00736216779686027
-0.007267195351378104
-0.007173389896599772
-0.007080771722373426
-0.006989358249287695
-0.006899164170186345
-0.006810201589322839
-0.00672248015875471
-0.006636007211661027
-0.006550787892301416
-0.006466825282430599
-0.006384120523909629
-0.006302672937520946
-0.006222480137734136
-0.006143538143442384
-0.006065841484542565
-0.005989383304495242
-0.005914155458660393
-0.00584014860860718
-0.005767352312313961
-0.005695755110416824
-0.005625344608486553
-0.005556107555473927
-0.005488029918343218
-0.005421096953074773
-0.005355293272080338
-0.005290602908127298
-0.005227009374886521
-0.005164495724309374
-0.005103044600753552
-0.005042638292172507
-0.004983258778326053
-0.00492488777626201
-0.004867506783037897
-0.004811097115918383
-0.004755639950093346
-0.004701116354032127
-0.004647507322578816
-0.004594793807916211
-0.00454295674846674
-0.004491977095819926
-0.004441835839835767
-0.004392514031963556
-0.004343992806863355
-0.004296253402452505
-0.00424927717840685
-0.004203045633278941
-0.00415754042019671
-0.004112743361305915
-0.004068636460970363
-0.004025201917860717
-0.003982422135907893
-0.00394027973426919
-0.003898757556253896
-0.003857838677459133
-0.003817506412904688
-0.00377774432347157
-0.003738536221498061
-0.003699866175713286
-0.003661718515468907
-0.003624077834349083
-0.003586928993207145
-0.003550257122600208
-0.00351404762477671
-0.003478286175112162
-0.003442958723161407
-0.00340805149318877
-0.003373550984452728
-0.003339443970964993
-0.003305717501056143
-0.003272358896538213
-0.00323935575157608
-0.003206695931346685
-0.003174367570418602
-0.003142359070898969
-0.003110659100362959
-0.003079256589619945
-0.003048140730294311
-0.003017300972215354
-0.00298672702073684
-0.002956408833829424
-0.002926336619117854
-0.002896500830799071
-0.002866892166477797
-0.002837501563869326
-0.002808320197493184
-0.002779339475266925
-0.002750551035037234
-0.00272194674107938
-0.00269351868057049
-0.002665259159992934
-0.002637160701568015
-0.002609216039589956
-0.002581418116839678
-0.002553760080908761
-0.002526235280611883
-0.002498837262264536
-0.002471559766129208
-0.002444396722776959
-0.002417342249433361
-0.002390390646449069
-0.002363536393701172
-0.002336774147051018
-0.00231009873483866
-0.002283505154391066
-0.002256988568556403
-0.002230544302287245
-0.002204167839264123
-0.002177854818519359
-0.002151601031140352
-0.002125402417008348
-0.002099255061534766
-0.002073155192486653
-0.002047099176850008
-0.002021083517692725
-0.001995104851140136
-0.001969159943324287
-0.001943245687432895
-0.001917359100766248
-0.001891497321882896
-0.001865657607707895
-0.001839837330819958
-0.001814033976623653
-0.001788245140708957
-0.001762468526168677
-0.001736701940992797
-0.001710943295509139
-0.001685190599842045
-0.001659441961470668
-0.001633695582763977
-0.001607949758600998
-0.00158220287403479
-0.001556453401965623
-0.001530699900910065
-0.001504941012746501
-0.001479175460551531
-0.00145340204646872
-0.001427619649578001
-0.001401827223864807
-0.001376023796173565
-0.001350208464237654
-0.001324380394720147
-0.001298538821305598
-0.001272683042803555
-0.001246812421345427
-0.001220926380524428
-0.001195024403667655
-0.001169106032054841
-0.001143170863230947
-0.00111721854931593
-0.001091248795355084
-0.001065261357699728
-0.001039256042407865
-0.001013232703700513
-0.0009871912423967883
-0.0009611316044422365
-0.0009350537793903907
-0.0009089577989506495
-0.0008828437355815775
-0.0008567117010397354
-0.0008305618450214385
-0.0008043943537987817
-0.0007782094488595639
-0.000752007385589443
-0.00072578845196764
-0.0006995529673020353
-0.0006733012809524775
-0.0006470337710703015
-0.0006207508433898382
-0.0005944529300008123
-0.000568140488177666
-0.000541813999164091
-0.0005154739670321031
-0.0004891209174974337
-0.0004627553968396851
-0.0004363779707078232
-0.0004099892230358191
-0.000383589754960316
-0.000357180183680295
-0.000330761141396796
-0.0003043332742545418
-0.000277897241248783
-0.000251453713178324
-0.0002250033716030312
-0.0001985469077836933
-0.0001720850216455689
-0.0001456184207736904
-0.000119147819344869
-9.267393712585688e-05
-6.619749845042467e-05
-3.971923121085132e-05
-1.323986581011386e-05
1.323986581012023e-05
3.971923121086587e-05
6.619749845042855e-05
9.267393712588011e-05
0.0001191478193448787
0.0001456184207736941
0.0001720850216455794
0.0001985469077837003
0.0002250033716030327
0.0002514537131783323
0.0002778972412487878
0.0003043332742545554
0.0003307611413968133
0.0003571801836803076
0.0003835897549603205
0.0004099892230358251
0.0004363779707078391
0.000462755396839691
0.0004891209174974434
0.0005154739670321107
0.0005418139991641015
0.0005681404881776711
0.0005944529300008306
0.0006207508433898509
0.0006470337710703119
0.0006733012809524889
0.0006995529673020545
0.0007257884519676485
0.0007520073855894543
0.0007782094488595721
0.0008043943537987933
0.0008305618450214425
0.0008567117010397546
0.0008828437355815826
0.0009089577989506595
0.0009350537793904021
0.0009611316044422438
0.0009871912423968176
0.001013232703700527
0.001039256042407879
0.00106526135769975
0.0010912487953551
0.001117218549315947
0.001143170863230972
0.001169106032054869
0.001195024403667666
0.001220926380524449
0.001246812421345444
0.001272683042803573
0.001298538821305621
0.001324380394720163
0.001350208464237666
0.001376023796173579
0.001401827223864822
0.001427619649578015
0.001453402046468738
0.001479175460551559
0.001504941012746519
0.001530699900910082
0.001556453401965652
0.001582202874034812
0.001607949758601014
0.001633695582763995
0.001659441961470671
0.001685190599842075
0.00171094329550916
0.001736701940992816
0.001762468526168699
0.001788245140708967
0.001814033976623661
0.001839837330819978
0.001865657607707923
0.00189149732188291
0.001917359100766251
0.001943245687432922
0.001969159943324291
0.001995104851140134
0.002021083517692731
0.002047099176850027
0.002073155192486661
0.002099255061534785
0.002125402417008338
0.002151601031140354
0.002177854818519369
0.00220416783926414
0.002230544302287261
0.002256988568556403
0.002283505154391075
0.002310098734838663
0.002336774147051015
0.002363536393701188
0.002390390646449085
0.002417342249433371
0.002444396722776976
0.002471559766129226
0.002498837262264552
0.002526235280611888
0.00255376008090878
0.002581418116839687
0.002609216039589967
0.002637160701568026
0.002665259159992947
0.002693518680570512
0.002721946741079378
0.002750551035037237
0.002779339475266943
0.002808320197493184
0.002837501563869335
0.00286689216647781
0.002896500830799078
0.002926336619117845
0.002956408833829431
0.002986727020736848
0.00301730097221537
0.003048140730294315
0.003079256589619955
0.003110659100362966
0.003142359070898983
0.00317436757041861
0.003206695931346701
0.003239355751576091
0.003272358896538236
0.003305717501056149
0.003339443970964987
0.003373550984452725
0.003408051493188777
0.003442958723161401
0.00347828617511217
0.003514047624776708
0.003550257122600225
0.003586928993207146
0.003624077834349101
0.003661718515468913
0.003699866175713293
0.003738536221498073
0.003777744323471585
0.003817506412904698
0.003857838677459147
0.003898757556253906
0.003940279734269204
0.003982422135907894
0.004025201917860733
0.004068636460970386
0.004112743361305929
0.004157540420196715
0.004203045633278944
0.004249277178406872
0.004296253402452516
0.004343992806863356
0.004392514031963559
0.004441835839835782
0.004491977095819923
0.004542956748466749
0.004594793807916219
0.004647507322578825
0.004701116354032152
0.004755639950093354
0.004811097115918386
0.004867506783037907
0.004924887776262026
0.004983258778326069
0.005042638292172522
0.005103044600753563
0.005164495724309378
0.005227009374886529
0.005290602908127307
0.005355293272080345
0.005421096953074778
0.005488029918343223
0.00555610755547393
0.005625344608486568
0.005695755110416839
0.005767352312313965
0.005840148608607186
0.005914155458660399
0.005989383304495244
0.006065841484542559
0.00614353814344239
0.00622248013773413
0.006302672937520945
0.00638412052390964
0.006466825282430602
0.006550787892301428
0.006636007211661032
0.006722480158754715
0.006810201589322841
0.006899164170186349
0.006989358249287703
0.007080771722373425
0.007173389896599771
0.007267195351378108
0.00736216779686028
0.007458283930395995
0.007555517291574979
0.007653838116377167
0.007753213191014037
0.007853605706259177
0.007954975113001146
0.008057276979882802
0.008160462854029814
0.008264480125916114
0.008369271899443307
0.008474776868513468
0.008580929201414598
0.008687658434364986
0.008794889375806348
0.008902542022849663
0.009010531491730402
0.009118767963768105
0.009227156648728163
0.009335597767332846
0.009443986554751252
0.009552213286937922
0.009660163331604696
0.009767717225670706
0.009874750780884043
0.009981135219317587
0.01008673734028744
0.01019141972003631
0.01029504094551472
0.0103974558831827
0.01049851598370191
0.01059806962293916
0.01069596247956614
0.0107920379490184
0.01088613759335206
0.01097810162607018
0.01106776943053937
0.01115498011025604
0.01123957306867641
0.01132138861589475
0.01140026859907177
0.01147605705283513
0.01154860086579034
0.01161775045840045
0.01168336046759564
0.01174529043281414
0.01180340547794461
0.01185757698353225
0.0119076832433876
0.01195361009955961
0.0119952515498259
0.0120325103218333
0.01206529840806942
0.01209353755646784
0.01211715971135588
0.01213610740016008
0.01215033406181998
0.01215980431320001
0.01216449415066182
0.01216439108454198
0.01215949420505434
0.01214981417881615
0.01213537317613507
0.01211620472975908
0.01209235352669527
0.0120638751354439
0.01203083567152143
0.01199331140498676
0.01195138831418135
0.01190516159029346
0.01185473509796341
0.01180022079740777
0.01174173813373457
0.01167941339937607
0.01161337907565832
0.01154377315936663
0.01147073848036192
0.01139442201583452
0.01131497420668306
0.01123254828140003
0.01114729959202366
0.01105938496698752
0.01096896208457136
0.01087618887077861
0.01078122292474429
0.01068422097422945
0.01058533836355969
0.01048472857560631
0.01038254278920981
0.01027892947280664
0.01017403401478974
0.01006799839065602
0.009960960866624635
0.009853055739283537
0.009744413110227043
0.009635158694804063
0.00952541366345778
0.009415294514353975
0.009304912975617922
0.009194375935458882
0.009083785398402055
0.008973238465761021
0.008862827338509054
0.008752639340627807
0.008642756961107544
0.008533257912762842
0.008424215206055744
0.008315697236230244
0.008207767882121408
0.008100486615026128
0.007993908616204458
0.007888084901521361
0.007783062452100615
0.007678884349536163
0.007575589914788581
0.00747321484955568
0.007371791379332082
0.007271348397157486
0.007171911607469566
0.007073503669254713
0.006976144337937976
0.006879850605546333
0.006784636838528341
0.006690514913079764
0.006597494347392006
0.006505582430731102
0.006414784349017972
0.006325103306783952
0.006236540645298401
0.006149095956853447
0.006062767195067762
0.005977550781182419
0.005893441706374192
0.005810433630059047
0.005728518974211136
0.005647689013812948
0.005567933963421412
0.005489243059977705
0.005411604641931933
0.005335006224791147
0.005259434573169703
0.005184875769510547
0.005111315279512122
0.005038738014444884
0.004967128390465553
0.004896470384996029
0.004826747590373409
0.004757943264846987
0.004690040380971739
0.004623021671716133
0.004556869674114508
0.004491566770881424
0.004427095229795923
0.004363437241261769
0.004300574953848286
0.004238490508181396
0.004177166069049516
0.004116583856002453
0.004056726172378124
0.003997575432927163
0.003939114190143537
0.003881325159208332
0.003824191241843607
0.003767695548941337
0.003711821422186693
0.00365655245458349
0.003601872510077252
0.003547765742208026
0.003494216611924198
0.003441209904533279
0.003388730745883725
0.003336764617774234
0.003285297372599266
0.003234315247352541
0.003183804876889404
0.003133753306581043
0.003084148004284366
0.003034976871715633
0.002986228255183703
0.002937890955748382
0.002889954238749724
0.002842407842760603
0.002795241987959029
0.002748447383847378
0.002702015236480855
0.002655937254989451
0.002610205657545386
0.002564813176743349
0.00251975306428253
0.002475019095078583
0.00243060557068322
0.002386507322075576
0.002342719711751288
0.002299238635112998
0.002256060521170707
0.002213182332491725
0.002170601564406162
0.002128316243451781
0.002086324925000667
0.002044626690124088
0.002003221141580481
0.001962108398983083
0.001921289093076524
0.001880764359145394
0.001840535829507183
0.001800605625049505
0.001760976345874091
0.001721651060938644
0.001682633296728925
0.001643927024947932
0.001605536649199537
0.001567466990649606
0.001529723272677964
0.001492311104483208
0.001455236463666027
0.001418505677764252
0.001382125404789482
0.001346102612670281
0.001310444557741021
0.001275158762174187
0.001240252990453451
0.001205735224837125
0.001171613639888478
0.001137896576088468
0.001104592512563202
0.001071710038912181
0.001039257826310105
0.0010072445977806
0.0009756790978022226
0.0009445700612542005
0.0009139261818223157
0.0008837560798297187
0.0008540682697401555
0.0008248711272526897
0.0007961728561885839
0.0007679814552360681
0.0007403046846189329
0.000713150032915796
0.0006865246839926485
0.0006604354843096896
0.0006348889106607683
0.0006098910384986769
0.0005854475109827533
0.0005615635089327243
0.0005382437217431096
0.0005154923195402261
0.0004933129266142962
0.0004717085963902045
0.0004506817879845028
0.0004302343445988959
0.0004103674738607029
0.0003910817302115394
0.0003723769996338789
0.0003542524866615878
0.0003367067039826048
0.0003197374645787542
0.0003033418767232374
0.0002875163417040548
0.0002722565545247779
0.000257557507560289
0.0002434134972660405
0.0002298181338795465
0.0002167643542558966
0.0002042444376990347
0.0001922500247588782
0.0001807721390478666
0.0001698012118587276
0.00015932710947324
0.0001493391631403777
0.0001398262014183312
0.000130776584773423
0.0001221782421998556
0.000114018709614486
0.0001062851697914104
9.896449353125839e-05
9.204328180235357e-05
8.550790849733776e-05
7.9344563575179e-05
7.353929617475146e-05
6.807805740553091e-05
6.294674247332103e-05
5.813123187223095e-05
5.361743120065781e-05
4.939130941028101e-05
4.543893512301079e-05
4.174651073399335e-05
3.830040410475249e-05
3.508717748896368e-05
3.209361362716164e-05
2.930673869577577e-05
2.671384205221467e-05
2.430249258069186e-05
2.206055162928692e-05
1.997618238296561e-05
1.803785577592825e-05
1.623435282464619e-05
1.455476350872799e-05
1.29884822642392e-05
1.152520015386405e-05
1.015489388606289e-05
8.867811816051962e-06
7.65445715058145e-06
6.505568486671985e-06
5.412097987318344e-06
4.365187410960008e-06
3.356142208948817e-06
2.376404029467715e-06
1.417521848095641e-06
4.711220858582892e-07
0
