-0.0544921418590018
-0.05606634331032828
-0.05721315767364952
-0.05794912475284
-0.05831751680220559
-0.05837689228613243
-0.05819024815637099
-0.0578171412172792
-0.05730928904026236
-0.05670899414384895
-0.05604937248626986
-0.0553554929843315
-0.0546458232687
-0.05393364343980349
-0.05322827533811732
-0.0525360833253086
-0.05186125663851082
-0.05120640509950546
-0.0505730048320199
-0.04996172772149525
-0.04937268287239915
-0.04880559239824177
-0.04825991876010793
-0.04773495644423033
-0.04722989765599597
-0.04674387902718873
-0.04627601451506938
-0.04582541829131826
-0.04539122036887194
-0.04497257696898647
-0.04456867713328608
-0.04417874660099373
-0.04380204979257397
-0.04343789041904329
-0.04308561115548934
-0.04274459269019021
-0.0424142523446869
-0.04209404243984916
-0.04178344851457024
-0.04148198748523015
-0.04118920579068053
-0.04090467757194266
-0.04062800290875268
-0.04035880612944068
-0.04009673420766571
-0.03984145524580535
-0.03959265705139729
-0.03935004580385251
-0.03911334480975982
-0.0388822933431474
-0.03865664556681739
-0.03843616953023804
-0.03822064623917089
-0.03800986879311166
-0.03780364158488448
-0.03760177955885861
-0.03740410752319965
-0.03721045951228724
-0.03702067819530967
-0.03683461432798381
-0.03665212624353732
-0.03647307938040797
-0.03629734584360166
-0.0361248039963122
-0.0359553380850674
-0.03578883787927983
-0.03562519835157843
-0.03546431936832602
-0.03530610540591136
-0.03515046528565366
-0.03499731192627954
-0.03484656211308006
-0.03469813628219585
-0.03455195831900472
-0.03440795536968249
-0.0342660576647064
-0.03412619835374815
-0.03398831335089175
-0.03385234118942489
-0.03371822288599109
-0.033585901812574
-0.03345532357664426
-0.03332643590832585
-0.03319918855436179
-0.0330735331784025
-0.03294942326691548
-0.03282681404084128
-0.03270566237217378
-0.03258592670524919
-0.03246756698260563
-0.03235054457484485
-0.03223482221450751
-0.0321203639334835
-0.03200713500391337
-0.03189510188221915
-0.03178423215610061
-0.03167449449443446
-0.03156585859964429
-0.03145829516276489
-0.03135177582059852
-0.0312462731152469
-0.03114176045558385
-0.03103821208060213
-0.0309356030248139
-0.03083390908510013
-0.03073310678935178
-0.03063317336653172
-0.0305340867182535
-0.03043582539162338
-0.03033836855348066
-0.03024169596570967
-0.03014578796181073
-0.0300506254244834
-0.02995618976425184
-0.02986246289908803
-0.02976942723485096
-0.02967706564670955
-0.02958536146134273
-0.02949429843986882
-0.02940386076157758
-0.02931403300832508
-0.02922480014962476
-0.02913614752830267
-0.02904806084687025
-0.02896052615428067
-0.02887352983343737
-0.02878705858904536
-0.02870109943605236
-0.02861563968846889
-0.02853066694873522
-0.02844616909740427
-0.02836213428330105
-0.02827855091398845
-0.02819540764668692
-0.02811269337855599
-0.02803039724294166
-0.02794850859139309
-0.02786701699616439
-0.02778591223719443
-0.02770518429598572
-0.02762482334855937
-0.02754481975868289
-0.02746516407132324
-0.02738584700633065
-0.02730685945233633
-0.027228192460829
-0.02714983724048497
-0.02707178515162726
-0.02699402770090339
-0.02691655653610246
-0.02683936344116467
-0.02676244033134608
-0.02668577924846675
-0.02660937235643381
-0.02653321193674634
-0.0264572903842641
-0.02638160020299728
-0.02630613400208041
-0.02623088449183224
-0.0261558444799444
-0.0260810068677098
-0.02600636464646229
-0.02593191089401872
-0.02585763877118609
-0.02578354151851091
-0.02570961245290247
-0.02563584496450278
-0.02556223251352032
-0.02548876862721741
-0.02541544689688933
-0.02534226097495336
-0.0252692045720995
-0.025196271454472
-0.02512345544090641
-0.02505075040027101
-0.02497815024877095
-0.0249056489473684
-0.02483324049921911
-0.02476091894713711
-0.02468867837113788
-0.02461651288594977
-0.02454441663863955
-0.02447238380621914
-0.02440040859325972
-0.02432848522970847
-0.02425660796802043
-0.02418477108204466
-0.02411296886346935
-0.024041195620316
-0.02396944567454968
-0.0238977133598077
-0.0238259930192888
-0.02375427900346471
-0.02368256566795529
-0.02361084737133154
-0.02353911847292046
-0.02346737333067191
-0.02339560629893642
-0.02332381172622235
-0.02325198391609132
-0.02318011734860156
-0.02310820611700993
-0.02303624467548312
-0.022964227273146
-0.02289214817810762
-0.0228200016371967
-0.0227477818737489
-0.02267548308536986
-0.02260309944160712
-0.02253062508162251
-0.0224580541118511
-0.02238538060360206
-0.02231259859064665
-0.02223970206682407
-0.0221666849834745
-0.0220935412469868
-0.02202026471621617
-0.02194684920012883
-0.02187328845410239
-0.02179957617912024
-0.02172570601732097
-0.02165167154995909
-0.02157746629445548
-0.02150308370144038
-0.02142851715180597
-0.02135375995364195
-0.02127880533916868
-0.02120364646149397
-0.02112827639141356
-0.02105268811404706
-0.02097687452541228
-0.0209008284289228
-0.02082454253181048
-0.0207480094413889
-0.020671221661288
-0.02059417158754442
-0.02051685150457738
-0.02043925358109749
-0.02036136986581375
-0.02028319228309124
-0.02020471262843048
-0.02012592256386003
-0.02004681361309451
-0.01996737715663638
-0.01988760442666444
-0.0198074865017927
-0.01972701430161043
-0.01964617858109536
-0.01956496992479764
-0.01948337874083977
-0.01940139525470817
-0.01931900950287183
-0.01923621132605441
-0.0191529903624295
-0.01906933604043633
-0.01898523757140538
-0.01890068394189224
-0.01881566390574285
-0.01873016597579194
-0.01864417841535545
-0.01855768922933467
-0.01847068615494451
-0.01838315665215118
-0.0182950878936775
-0.01820646675465856
-0.01811727980181122
-0.01802751328224379
-0.01793715311176303
-0.01784618486266087
-0.01775459375110113
-0.01766236462383753
-0.01756948194452185
-0.0174759297792337
-0.01738169178155766
-0.01728675117693349
-0.01719109074632099
-0.0170946928090976
-0.01699753920530258
-0.01689961127691813
-0.0168008898484764
-0.01670135520657779
-0.01660098707860778
-0.01649976461043589
-0.01639766634291234
-0.01629467018746384
-0.01619075340029481
-0.01608589255555688
-0.01598006351693099
-0.01587324140806615
-0.01576540058133188
-0.01565651458514205
-0.01554655612947218
-0.01543549704973591
-0.01532330826866704
-0.01520995975629567
-0.01509542048772826
-0.01497965839872519
-0.01486264033881933
-0.01474433202191917
-0.01462469797418876
-0.01450370147904934
-0.01438130451897509
-0.01425746771413103
-0.01413215025741257
-0.01400530984573646
-0.01387690260732658
-0.01374688302464526
-0.01361520385274832
-0.01348181603275637
-0.01334666860213272
-0.01320970858482511
-0.01307088091784082
-0.01293012830140161
-0.012787391111319
-0.01264260726259752
-0.01249571207848484
-0.01234663814894936
-0.01219531517961139
-0.01204166983058965
-0.01188562554423212
-0.01172710236110779
-0.01156601672294711
-0.01140228126187084
-0.01123580457438933
-0.01106649097911278
-0.0108942402573651
-0.01071894737033631
-0.01054050216513104
-0.01035878904547287
-0.01017368662642236
-0.009985067358298858
-0.009792797121741793
-0.009596734790024772
-0.009396731755904771
-0.009192631419602667
-0.008984268633804839
-0.008771469101907153
-0.008554048724488516
-0.008331812888877476
-0.008104555696077965
-0.007872059118417728
-0.007634092080660876
-0.007390409456349195
-0.007140750970386262
-0.006884839997257326
-0.006622382243446301
-0.006353064301008918
-0.006076552057323267
-0.005792488944400882
-0.005500494008907082
-0.005200159781306231
-0.004891049919638211
-0.0045726966005624
-0.004244597625695165
-0.003906213207265037
-0.003556962392182211
-0.003196219077057746
-0.002823307560529609
-0.002437497570835327
-0.002037998698039886
-0.001623954148976984
-0.001194433731561056
-0.0007484259609238306
-0.0002848291634877827
0.0001975585629834554
0.0007000506963238846
0.001224085130318357
0.001771238721385095
0.002343243783426849
0.002942006802857618
0.0035696296790916
0.004228433825839487
0.004920987492868029
0.00565013668946537
0.006419040079478633
0.007231208185889067
0.008090547144519601
0.009001407052855619
0.009968634627535816
0.01099762929958669
0.01209440093647225
0.01326562589262307
0.01451869570082177
0.01586174913544935
0.01730367283911231
0.01885404753414512
0.0205230049225772
0.02232094368032335
0.02425803063490803
0.02634338602512797
0.02858382392841843
0.03098200258120491
0.03353386042145664
0.03622531830730154
0.03902848042365153
0.04189801937009246
0.04476904545162761
0.04755827989428682
0.05017023830431925
0.05250881052907351
0.05449214161178292
0.05606634329837452
0.05721315766658183
0.05794912474890235
0.05831751680216085
0.05837689228495001
0.05819024815826311
0.05781714122038215
0.05730928904436175
0.05670899414798662
0.05604937249094916
0.05535549298919076
0.05464582327353885
0.05393364344457549
0.05322827534276187
0.05253608332978767
0.05186125664285959
0.05120640510369626
0.05057300483609936
0.04996172772548597
0.04937268287633732
0.04880559240213206
0.0482599187639447
0.04773495644803861
0.04722989765973573
0.04674387903090119
0.04627601451776429
0.045825418294584
0.04539122037201493
0.04497257697200184
0.0445686771361675
0.04417874660376951
0.04380204979523517
0.04343789042160511
0.04308561115795126
0.0427445926925604
0.04241425234699631
0.04209404244205828
0.04178344851670722
0.04148198748730583
0.04118920579269876
0.04090467757388799
0.04062800291066686
0.04035880613129261
0.04009673420945839
0.03984145524756086
0.03959265705310426
0.0393500458055219
0.03911334481137937
0.03888229334474969
0.03865664556835069
0.03843616953174504
0.03822064624064257
0.03800986879455043
0.03780364158629738
0.0376017795602523
0.03740410752456889
0.03721045951360978
0.03702067819861622
0.03683461432812779
0.03665212624425575
0.03647307938141595
0.03629734584472136
0.03612480399824451
0.0359553380861132
0.03578883788033179
0.03562519836565568
0.03546431935631379
0.03530610540693333
0.03515046528666285
0.03499731192727198
0.03484656211404728
0.03469813628311073
0.03455195831988315
0.03440795537050132
0.03426605766546896
0.03412619835445057
0.03398831335152097
0.03385234119000685
0.03371822288651653
0.03358590181306392
0.03345532357708417
0.03332643590873346
0.03319918855477216
0.03307353318293389
0.03294942326776094
0.0328268140416885
0.03270566237300524
0.03258592670607823
0.03246756698342308
0.03235054457565002
0.03223482221530223
0.03212036393426781
0.03200713500469829
0.03189510188299453
0.03178423215686108
0.03167449449520035
0.03156585860040149
0.03145829516350393
0.0313517758213326
0.03124627311598376
0.03114176045630604
0.03103821208132035
0.03093560302550787
0.03083390908581085
0.03073310679003471
0.03063317336723051
0.03053408671498997
0.03043582539260808
0.03033836855444482
0.03024169596666571
0.03014578796275378
0.03005062542540088
0.02995618976516176
0.02986246289995113
0.02976942723571113
0.02967706564754977
0.02958536146216335
0.02949429844067838
0.02940386076235369
0.02931403300908829
0.02922480015036598
0.02913614752904176
0.02904806084757656
0.02896052615497875
0.02887352983411609
0.0287870585897181
0.02870109943671232
0.02861563968911193
0.02853066694936404
0.02844616909803873
0.02836213428392046
0.02827855091459983
0.02819540764728724
0.02811269338005995
0.02803039724332844
0.02794850859181149
0.02786701699661021
0.0277859122376732
0.0277051842964811
0.02762482334905975
0.02754481975919145
0.02746516407184494
0.02738584700685259
0.02730685945286096
0.0272281924613598
0.0271498372410213
0.02707178515215837
0.02699402770143681
0.02691655653663222
0.02683936344170727
0.02676244033186072
0.02668577924900126
0.02660937235695624
0.02653321193727256
0.02645729038479017
0.0263816002035221
0.02630613400261005
0.0262308844923659
0.02615584448045619
0.02608100686822218
0.02600636464699683
0.02593191089452689
0.02585763877170454
0.02578354151902381
0.02570961245342003
0.02563584496501405
0.02556223251403149
0.02548876862773547
0.02541544689739519
0.02534226097546017
0.02526920457261174
0.02519627145497279
0.02512345544141632
0.02505075040077292
0.02497815024927535
0.02490564894786784
0.02483324049972935
0.02476091894763823
0.02468867837163448
0.02461651288711419
0.02454441663888631
0.02447238380655288
0.02440040859365271
0.02432848523005686
0.02425660796853182
0.02418477108254456
0.02411296886396861
0.02404119562082509
0.02396944567504664
0.02389771336031112
0.02382599301978311
0.0237542790039637
0.02368256566845016
0.02361084737182651
0.02353911847341848
0.02346737333117405
0.02339560629943349
0.02332381172671555
0.02325198384157507
0.02318011742411053
0.02310820611751508
0.02303624467597856
0.02296422727364619
0.02289214817861028
0.02282000163769938
0.02274778187425099
0.02267548308587275
0.02260309944210954
0.02253062508213223
0.02245805411235128
0.02238538060409674
0.02231259859115713
0.02223970206732044
0.02216668498397548
0.02209354124749046
0.02202026471671584
0.02194684920038241
0.02187328845444914
0.02179957617938351
0.02172570601853659
0.02165167155047484
0.0215774662949769
0.02150308370195934
0.02142851715231877
0.02135375995415921
0.02127880533968565
0.02120364646201746
0.02112827639194595
0.02105268811456942
0.02097687452593983
0.02090082842945733
0.02082454253234022
0.02074800944192624
0.02067122166182148
0.02059417158807866
0.02051685150511492
0.02043925358163964
0.02036136986634888
0.02028319228363069
0.02020471262897558
0.02012592256440741
0.02004681361364989
0.01996737715718693
0.01988760442722609
0.01980748650234215
0.01972701430217749
0.01964617858165804
0.0195649699253655
0.01948337874139824
0.0194013952552806
0.01931900950344291
0.0192362113266303
0.01915299036300435
0.01906933604101695
0.01898523757198595
0.01890068394249398
0.0188156639063379
0.01873016597638572
0.01864417841595562
0.01855768922994408
0.01847068615555467
0.01838315665275236
0.01829508789429101
0.01820646675527931
0.01811727980243518
0.01802751328286849
0.01793715311238855
0.0178461848632927
0.01775459375174391
0.017662364624486
0.01756948194517688
0.01747592977989407
0.01738169178221446
0.0172867511776025
0.01719109074698836
0.01709469280977556
0.01699753920598361
0.01689961127760576
0.01680088984916468
0.0167013552072799
0.01660098707932156
0.01649976461114415
0.01639766634363391
0.01629467018818304
0.01619075340102729
0.01608589255628319
0.01598006351767683
0.01587324140881481
0.01576540058208852
0.0156565145859007
0.01554655613023628
0.01543549705050314
0.01532330826944882
0.0152099597570813
0.01509542048852512
0.01497965839953177
0.01486264033963742
0.01474433202273849
0.01462469797502421
0.01450370147988988
0.01438130451981827
0.01425746771499523
0.01413215025828469
0.01400530984662671
0.01387690260822044
0.01374688302554948
0.01361520385366072
0.01348181603373565
0.01334666860107645
0.01320970858772648
0.01307088091880312
0.01293012830238452
0.01278739111231481
0.01264260726360607
0.01249571207951137
0.0123466381499879
0.01219531518005291
0.01204166983527354
0.01188562554237107
0.01172710236225258
0.01156601672412295
0.0114022812631044
0.01123580457568633
0.01106649098047827
0.01089424025804375
0.01071894737153208
0.01054050216631475
0.01035878904664676
0.01017368662755562
0.009985067359355669
0.009792797122697816
0.009596734792472108
0.009396731757319542
0.009192631421030741
0.00898426863525224
0.008771469103401684
0.008554048726008286
0.008331812890424818
0.008104555697674487
0.007872059120053745
0.007634092082333434
0.007390409458056246
0.007140750972146483
0.00688483999904517
0.006622382245289115
0.006353064302902313
0.006076552059266358
0.005792488946416541
0.005500494010974331
0.005200159783421521
0.004891049921812277
0.004572696602819813
0.004244597628001511
0.003906213209652322
0.003556962394651073
0.003196219079616272
0.002823307563158226
0.002437497573565775
0.00203799870088564
0.001623954151902765
0.001194433734595803
0.000748425964079473
0.0002848291667851173
-0.0001975585595572586
-0.0007000506927515651
-0.001224085126597017
-0.00177123871749911
-0.002343243779355811
-0.002942006798596943
-0.003569629674614057
-0.004228433821143011
-0.004920987487909697
-0.005650136684251707
-0.006419040073983119
-0.007231208180088156
-0.008090547138359241
-0.009001407046340754
-0.00996863462062576
-0.01099762929222242
-0.01209440092861167
-0.01326562588421928
-0.01451869569184832
-0.01586174912579928
-0.01730367282872104
-0.01885404752300273
-0.02052300491057418
-0.02232094366734332
-0.02425803062094791
-0.02634338601012547
-0.02858382391232474
-0.03098200256403229
-0.03353386040329961
-0.03622531828824273
-0.03902848040399583
-0.0418980193501991
-0.04476904543216703
-0.04755827987612403
-0.05017023829133879
-0.05250881101360255
-0.001785923691367382
-0.001325006584265709
-0.0008687706860333348
-0.0004524473014128564
-9.840082443895049e-05
0.0001847091918881581
0.0003989069800343324
0.0005525596483346822
0.000656582836725832
0.0007219197372224876
0.000758230115658733
0.0007734240800611955
0.0007736731072693738
0.0007636365841775764
0.0007467509668673414
0.0007255065467872824
0.0007016819687202907
0.0006765306144646014
0.0006509234033374631
0.0006254549109143978
0.0006005220062860828
0.0005763806491659602
0.0005531872077249346
0.0005310280960125727
0.0005099412116493789
0.0004899310570879892
0.0004709797564287333
0.0004530546937516681
0.0004361141880414006
0.0004201112193813507
0.0004049962352027569
0.0003907189333005948
0.0003772296420036019
0.0003644801163076791
0.0003524239953425065
0.0003410172787772121
0.000330218374961274
0.0003199881432705077
0.0003102900208120799
0.0003010897968781551
0.0002923555718555705
0.0002840577229459205
0.000276168625888259
0.0002686626596067644
0.0002615160202414446
0.0002547066252267028
0.0002482139058449864
0.0002420188103695025
0.00023610359584268
0.0002304518125373154
0.0002250481271145162
0.0002198783026093473
0.0002149290668058588
0.0002101880582987258
0.0002056437580160768
0.0002012854167466302
0.0001971030168002084
0.0001930871543329897
0.0001892291333413658
0.0001855207238292771
0.0001819542567137335
0.0001785225892734309
0.0001752189371877187
0.0001720370094749478
0.0001689709118317961
0.000166015027754085
0.0001631641529302587
0.0001604133540212993
0.0001577580161896668
0.0001551937515065881
0.0001527164520161575
0.0001503222410856505
0.0001480074512325049
0.0001457686362764642
0.000143602516166406
0.0001415060155008104
0.0001394761900146952
0.0001375102847280367
0.0001356057094062142
0.0001337599176776515
0.0001319705995680846
0.0001302355016500054
0.0001285525093303163
0.0001269196183291992
0.0001253348734254657
0.0001237964968095232
0.0001223027494811124
0.0001208519630210387
0.0001194425955290735
0.0001180731203467738
0.0001167421394227167
0.0001154482772744125
0.000114190244361878
0.0001129668045928009
0.0001117767741167032
0.0001106190303616784
0.0001094924908327722
0.0001083961199447026
0.0001073289257686572
0.0001062900003341673
0.0001052784123554264
0.0001042933070670326
0.0001033338511639162
0.0001023992474486198
0.00010148875515901
0.0001006016322172192
9.973720343310882e-05
9.889475738154808e-05
9.807368660463194e-05
9.727334838674934e-05
9.64931757901008e-05
9.573258579822222e-05
9.499101927452582e-05
9.42679766235432e-05
9.356293685945232e-05
9.287541898049182e-05
9.22049587910333e-05
9.15510908736067e-05
9.091340359111227e-05
9.029147312928422e-05
8.968489605552164e-05
8.909328096763061e-05
8.851628183953952e-05
8.79535070612968e-05
8.740463508139266e-05
8.686931609231991e-05
8.634725464123688e-05
8.583812015751434e-05
8.534161909040964e-05
8.485747226495005e-05
8.438540333964724e-05
8.392513576332408e-05
8.347641709321508e-05
8.303899899568382e-05
8.261264094483879e-05
8.219711989287801e-05
8.179220004282905e-05
8.139767647163048e-05
8.101334265291321e-05
8.063897909565791e-05
8.027441207797897e-05
7.991945290273053e-05
7.957391792465463e-05
7.923763424833908e-05
7.8910428381399e-05
7.859214964061429e-05
7.828263223467948e-05
7.798173010267946e-05
7.76892964469529e-05
7.740518990003592e-05
7.71292786701893e-05
7.686142438001259e-05
7.660151680073337e-05
7.6349416370328e-05
7.610502285321414e-05
7.586821354483062e-05
7.563887968416015e-05
7.541692259445808e-05
7.520224136112208e-05
7.499472947636819e-05
7.479430937286691e-05
7.460088472516896e-05
7.441436324210273e-05
7.423467368064833e-05
7.406172988289386e-05
7.3895459371883e-05
7.373578563074675e-05
7.358264653790987e-05
7.343597221598226e-05
7.329569396353786e-05
7.316175999682331e-05
7.303410874310536e-05
7.291268288911049e-05
7.279743576216645e-05
7.268831425138943e-05
7.258527282256071e-05
7.248826527448768e-05
7.239725395768174e-05
7.231219955216582e-05
7.223305950930151e-05
7.215980615095965e-05
7.209241227308424e-05
7.203083445760753e-05
7.19750607003761e-05
7.192504848275169e-05
7.188078785863256e-05
7.184226207018461e-05
7.180944720982046e-05
7.178233112161644e-05
7.176089044021228e-05
7.174513384266607e-05
7.173503177333291e-05
7.173059110393684e-05
7.173180409915082e-05
7.173866037937099e-05
7.175117609914621e-05
7.176933858214882e-05
7.17931598395673e-05
7.18226443386692e-05
7.185779442548572e-05
7.189863267824335e-05
7.194516974604178e-05
7.199740792825881e-05
7.205538421528085e-05
7.211910207559649e-05
7.218858873100564e-05
7.226388022274447e-05
7.234498571332174e-05
7.243194004864014e-05
7.252477919153151e-05
7.262353187064862e-05
7.272823437272496e-05
7.283892844574373e-05
7.2955653862149e-05
7.307844908585407e-05
7.320736538811247e-05
7.334245035520146e-05
7.348375684613972e-05
7.363133346983839e-05
7.378523963660293e-05
7.394553960157161e-05
7.411228651505127e-05
7.428555129277464e-05
7.446539709431224e-05
7.465190557473269e-05
7.48451369496364e-05
7.504518009765783e-05
7.525210522853928e-05
7.546600341047825e-05
7.568695662581752e-05
7.591506414092652e-05
7.615040994506434e-05
7.639309883909675e-05
7.664322883323656e-05
7.690090647935829e-05
7.716624157576911e-05
7.743934079964068e-05
7.772033170095054e-05
7.800933461126847e-05
7.830647149377742e-05
7.861186796375127e-05
7.892567411100859e-05
7.92480223114443e-05
7.95790578016345e-05
7.991893317364741e-05
8.026780511230112e-05
8.062582800728342e-05
8.099317808007886e-05
8.137002406547215e-05
8.175654576899575e-05
8.215292735722437e-05
8.255936543945393e-05
8.29760543272112e-05
8.340320214870702e-05
8.384101825547387e-05
8.428972529451182e-05
8.474954938633868e-05
8.522073946462712e-05
8.570352631535964e-05
8.619816406857996e-05
8.670492622438072e-05
8.722407565695981e-05
8.775589878506088e-05
8.830068269470082e-05
8.885873628908779e-05
8.94303628593618e-05
9.001589847752701e-05
9.061567397599161e-05
9.123003949704092e-05
9.185936205357008e-05
9.2504008938589e-05
9.316438173120694e-05
9.384087513417155e-05
9.453391144947102e-05
9.524392536635321e-05
9.597137507679187e-05
9.671671917514245e-05
9.748046674620917e-05
9.826309549139443e-05
9.906515960822417e-05
9.98871906223688e-05
0.0001007297616178644
0.0001015934803152863
0.00010247893533424
0.0001033867921539488
0.0001043177029893616
0.0001052723799552868
0.0001062515260395226
0.0001072559206068383
0.0001082863271914528
0.0001093435889195001
0.000110428552578973
0.0001115421043640243
0.0001126851706930158
0.0001138587487152624
0.0001150638252931174
0.0001163014911046241
0.0001175728441578983
0.000118879043255149
0.0001202213022570708
0.0001216009040802976
0.0001230191704064534
0.0001244774881880355
0.0001259773281909142
0.000127520217991962
0.0001291077742921047
0.0001307416796186731
0.0001324236875393504
0.0001341556821308491
0.0001359396031173077
0.0001377775177666615
0.0001396715728691613
0.0001416240515480402
0.0001436373357110306
0.0001457139851205615
0.0001478566395016766
0.0001500681140365299
0.0001523513711453486
0.0001547095447700528
0.0001571459433217907
0.000159664092746085
0.0001622676763781867
0.0001649606171487528
0.0001677470832591958
0.00017063150399101
0.0001736185275081636
0.000176713166094053
0.0001799206949622142
0.0001832466955197026
0.0001866972194301537
0.0001902785781037629
0.0001939976203215033
0.0001978616030521026
0.0002018782545724278
0.0002060558902134425
0.0002104033657199394
0.0002149301571924835
0.000219646486044146
0.0002245632706946819
0.0002296922459488074
0.0002350460547338657
0.0002406383008970896
0.0002464836127023159
0.0002525978217463329
0.0002589980174823958
0.0002657026468571189
0.0002727317260079116
0.000280106953973878
0.0002878518682724391
0.0002959920707114562
0.0003045554439914783
0.0003135723266977126
0.0003230758792622772
0.0003331023875975386
0.0003436914910417977
0.0003548867265608433
0.0003667358857625282
0.0003792915776032945
0.0003926117008453938
0.0004067602113628178
0.0004218078313052767
0.0004378328316539501
0.0004549221084752485
0.0004731722084110705
0.0004926906802715299
0.0005135974227162166
0.0005360264903763051
0.0005601278659708477
0.0005860697648740205
0.0006140411237448018
0.0006442544007990601
0.0006769489527138555
0.0007123945814253629
0.0007508958392656482
0.0007927964941463646
0.0008384845667516677
0.0008883976795962321
0.0009430284629514504
0.001002929578979081
0.001068717842734593
0.001141076189037888
0.001220751517386455
0.001308545753388226
0.001405295328858085
0.001511832137812294
0.001628915591919446
0.001757120047572258
0.001896656203990383
0.002047097415704854
0.002206975669911297
0.00237321382004384
0.002540378983143221
0.002699802577988622
0.00283873783749249
0.002939942724878929
0.002982342196969434
0.002943571875254429
0.00280488056814043
0.002557723273458551
0.002209635113105544
0.001785923701700044
0.001325006598435369
0.0008687706878831502
0.0004524473001659493
9.840084293792628e-05
-0.0001847091973003825
-0.000398906974694916
-0.0005525596192704728
-0.0006565828183671893
-0.0007219197449127197
-0.000758230117944866
-0.0007734240895996914
-0.0007736731511576314
-0.0007636366013764004
-0.0007467509840030735
-0.0007255065561819897
-0.0007016819459201104
-0.0006765306363284542
-0.0006509233912243956
-0.0006254549137565896
-0.0006005219924491187
-0.0005763806606087717
-0.0005531872089834049
-0.0005310281016222547
-0.0005099412140035769
-0.000489931038685799
-0.0004709797374435479
-0.0004530546806529073
-0.0004361141935375445
-0.000420111221980414
-0.0004049962533220408
-0.0003907189330191714
-0.000377229652196033
-0.0003644801118397305
-0.0003524239874905756
-0.0003410172818108801
-0.0003302183483819329
-0.0003199881474263474
-0.0003102900260659952
-0.0003010897873200512
-0.0002923555731039612
-0.0002840577132667433
-0.0002761686212108152
-0.000268662646816957
-0.0002615160307965657
-0.0002547066172259816
-0.0002482139140326312
-0.0002420188016751491
-0.0002361036013826729
-0.0002304517958606181
-0.0002250481486565418
-0.0002198783080926752
-0.0002149290829179682
-0.0002101880684965592
-0.000205643759695032
-0.0002012854118043763
-0.0001971030082520587
-0.0001930871696322087
-0.000189229132008347
-0.000185520726682277
-0.0001819542619264225
-0.000178522580589933
-0.000175218942915155
-0.0001720370251166096
-0.0001689709106672744
-0.0001660150389361578
-0.000163164160295852
-0.0001604133609996769
-0.0001577580194040166
-0.0001551937533420585
-0.0001527164549234323
-0.0001503222349889172
-0.0001480074546685194
-0.0001457686425532422
-0.0001436025190488711
-0.0001415060139781442
-0.0001394761864574157
-0.0001375103017376068
-0.0001356057019584917
-0.0001337599151278849
-0.0001319705984596211
-0.0001302355126693003
-0.0001285525142705586
-0.0001269196036715557
-0.0001253348757829031
-0.0001237965152067158
-0.0001223027435818763
-0.0001208519676130889
-0.0001194425941821051
-0.0001180731192518788
-0.000116742138632382
-0.0001154482822003882
-0.0001141902473119203
-0.0001129668050586926
-0.0001117767759932423
-0.0001106190320626042
-0.0001094924811686426
-0.0001083961136843185
-0.000107328926255868
-0.0001062900049715666
-0.0001052784048018419
-0.0001042933024379873
-0.0001033338493006493
-0.0001023992574777352
-0.0001014887524091033
-0.0001006016419954851
-9.973720011674286e-05
-9.889476328421635e-05
-9.807368361157491e-05
-9.727335116630723e-05
-9.649317470035559e-05
-9.573257784560552e-05
-9.499101905264818e-05
-9.426797354153296e-05
-9.35629451575927e-05
-9.287542227509648e-05
-9.220495404475273e-05
-9.155108836122561e-05
-9.091340088531548e-05
-9.029147779193215e-05
-8.96848902926517e-05
-8.909328889058067e-05
-8.851627388512581e-05
-8.795350847287783e-05
-8.740462790504612e-05
-8.686932241560718e-05
-8.634725253428891e-05
-8.583811922017602e-05
-8.534161756590625e-05
-8.485747218900299e-05
-8.438539944727905e-05
-8.392513359161172e-05
-8.34764135048717e-05
-8.303899834039301e-05
-8.261264406882087e-05
-8.21971170555869e-05
-8.179220460662073e-05
-8.139767784239406e-05
-8.101333998379427e-05
-8.063897917420933e-05
-8.027441955623629e-05
-7.991945458304072e-05
-7.95739172202057e-05
-7.923764446631713e-05
-7.8910433310633e-05
-7.859214771967367e-05
-7.828263179035977e-05
-7.798173413253728e-05
-7.768929493700492e-05
-7.740519529868104e-05
-7.71292736100129e-05
-7.686143420345797e-05
-7.660151435221076e-05
-7.63494242584138e-05
-7.610502307439068e-05
-7.586821201326809e-05
-7.563887822716726e-05
-7.541692211664283e-05
-7.520223464883293e-05
-7.49947324476494e-05
-7.479431021829375e-05
-7.460088265982595e-05
-7.441436382340535e-05
-7.423467063134891e-05
-7.40617280684441e-05
-7.389545896898408e-05
-7.373578643561613e-05
-7.35826466118208e-05
-7.343597085279305e-05
-7.329569488388451e-05
-7.316175683483734e-05
-7.303410943192944e-05
-7.291268380589627e-05
-7.279743548793571e-05
-7.268831514436379e-05
-7.258527496249839e-05
-7.248826508867798e-05
-7.23972527880552e-05
-7.231220201140445e-05
-7.223306188709825e-05
-7.215980963531257e-05
-7.209240917879828e-05
-7.203083313920056e-05
-7.197505505083368e-05
-7.192504794872054e-05
-7.188079033687873e-05
-7.184226415819431e-05
-7.180944731362294e-05
-7.178232839059628e-05
-7.176089266883447e-05
-7.17451305049504e-05
-7.17350338689255e-05
-7.173059482952398e-05
-7.173180366298011e-05
-7.173866453032639e-05
-7.175117394770689e-05
-7.176933756355581e-05
-7.179315921747022e-05
-7.182264013203171e-05
-7.18577963852736e-05
-7.189863426372353e-05
-7.19451645503239e-05
-7.199740621658387e-05
-7.20553779652944e-05
-7.211910092647682e-05
-7.218859217317862e-05
-7.2263879345453e-05
-7.234498141097199e-05
-7.24319377775908e-05
-7.252477784751993e-05
-7.262353119191921e-05
-7.272822974549192e-05
-7.283892794504365e-05
-7.295564777167358e-05
-7.307844456580314e-05
-7.320736487728726e-05
-7.334244834431846e-05
-7.348375870266726e-05
-7.363133206103893e-05
-7.378524268487069e-05
-7.394553783415511e-05
-7.41122893972614e-05
-7.428555015123931e-05
-7.446539910026121e-05
-7.465190503066398e-05
-7.48451384117565e-05
-7.504517610023574e-05
-7.525210408929879e-05
-7.546600610286412e-05
-7.568695912076986e-05
-7.591506326899572e-05
-7.615041311769356e-05
-7.639309606628314e-05
-7.664323042862298e-05
-7.690090243458916e-05
-7.716623428156657e-05
-7.743933740270013e-05
-7.772033270418325e-05
-7.800933183725279e-05
-7.830647148961447e-05
-7.861187287192854e-05
-7.892567655754491e-05
-7.924802503793377e-05
-7.95790606194438e-05
-7.991893446536295e-05
-8.026780238238983e-05
-8.062583175448202e-05
-8.099317612021402e-05
-8.137002636283242e-05
-8.175654395011083e-05
-8.215292677618845e-05
-8.255936144440886e-05
-8.29760513690309e-05
-8.340319937657961e-05
-8.384101534443349e-05
-8.428972621148914e-05
-8.4749556395493e-05
-8.522073609105188e-05
-8.570352419024906e-05
-8.619816530134461e-05
-8.670493086706936e-05
-8.722407680001557e-05
-8.775589463431267e-05
-8.830068486492034e-05
-8.885873196290563e-05
-8.943036435084072e-05
-9.00158940975436e-05
-9.061567540940803e-05
-9.123003884605488e-05
-9.185936230207789e-05
-9.25040110073003e-05
-9.316438061567696e-05
-9.384087867800626e-05
-9.453391338083375e-05
-9.52439212587962e-05
-9.597136996018698e-05
-9.671672363875249e-05
-9.748046367013874e-05
-9.826309633901323e-05
-9.906515399537793e-05
-9.98871945387105e-05
-0.0001007297679260815
-0.0001015934761328439
-0.0001024789406030676
-0.0001033867931191986
-0.0001043177057123809
-0.0001052723706973895
-0.0001062515327124489
-0.0001072559205419407
-0.0001082863278825538
-0.0001093435865146229
-0.0001104285517698981
-0.0001115420956157113
-0.0001126851736757103
-0.000113858742533578
-0.0001150638231097222
-0.0001163014966303508
-0.0001175728502809005
-0.0001188790462958209
-0.0001202213049795713
-0.0001216009065699942
-0.0001230191657949536
-0.000124477490978257
-0.0001259773297482109
-0.0001275202294936887
-0.0001291077768526268
-0.0001307416809377272
-0.0001324236849642511
-0.0001341556832577293
-0.0001359396071424954
-0.0001377775172959374
-0.0001396715637062316
-0.0001416240515807589
-0.0001436373391690843
-0.0001457139814949307
-0.0001478566361857296
-0.0001500681105716438
-0.0001523513665679125
-0.0001547095428658638
-0.0001571459505571658
-0.000159664099393681
-0.0001622676691386486
-0.0001649606217136552
-0.000167747095959254
-0.000170631500769589
-0.000173618537849402
-0.0001767131648389248
-0.0001799206838633868
-0.0001832467076555349
-0.0001866972149747954
-0.000190278581443219
-0.0001939976415739291
-0.000197861604710333
-0.0002018782649943939
-0.0002060558907124022
-0.000210403345460473
-0.0002149301598181546
-0.0002196464833750367
-0.0002245632545502587
-0.0002296922494074118
-0.000235046054890604
-0.0002406382946263041
-0.0002464836070511164
-0.0002525978242469101
-0.000258998003641535
-0.0002657026409632275
-0.0002727317281295921
-0.0002801069523056708
-0.000287851888351038
-0.0002959920807377762
-0.0003045554384546683
-0.0003135723182501894
-0.0003230758896518396
-0.0003331023773492659
-0.000343691489644384
-0.0003548867300801799
-0.0003667359018796686
-0.0003792915726930316
-0.0003926117068103461
-0.0004067602298239296
-0.0004218078240701823
-0.0004378328243411337
-0.0004549220971142886
-0.0004731722213281849
-0.0004926906784328143
-0.0005135974349883656
-0.0005360264905263728
-0.0005601278566593963
-0.0005860697635921025
-0.0006140411098623185
-0.000644254397031695
-0.0006769489442424801
-0.000712394588921699
-0.0007508958408475981
-0.0007927964879014117
-0.0008384845630327257
-0.000888397695681417
-0.0009430284816616366
-0.001002929584353093
-0.001068717844372409
-0.00114107618014121
-0.001220751515104414
-0.001308545741191311
-0.001405295312786624
-0.001511832153510047
-0.00162891558647963
-0.0017571200179181
-0.001896656212805636
-0.002047097404535608
-0.002206975683232375
-0.002373213817671548
-0.002540378999204402
-0.00269980256091965
-0.002838737824167992
-0.002939942730664911
-0.002982342190599788
-0.002943571881796092
-0.002804880570162496
-0.002557723297447738
-0.002209635155413074
0
