-1.323978547292398e-05
-3.971899017107145e-05
-6.619709664531544e-05
-9.267337456387986e-05
-0.0001191470959472593
-0.0001456175364719244
-0.0001720839763728454
-0.0001985457014110906
-0.000225002004049148
-0.0002514521842798245
-0.0002778955508902626
-0.0003043314222385122
-0.000330759127561431
-0.0003571780078062971
-0.0003835874168494874
-0.0004099867224830052
-0.0004363753074767376
-0.0004627525706205809
-0.0004891179280569843
-0.0005154708140959744
-0.0005418106823771407
-0.00056813700722404
-0.0005944492845913821
-0.0006207470331035264
-0.0006470297955882376
-0.0006732971398897582
-0.0006995486602548661
-0.0007257839784956188
-0.0007520027452915643
-0.0007782046412568101
-0.0008043893784386195
-0.0008305567014318157
-0.0008567063887086189
-0.0008828382539941036
-0.0009089521475795752
-0.0009350479576967733
-0.0009611256118772882
-0.0009871850783645902
-0.001013226367622254
-0.001039249533653903
-0.001065254675621603
-0.001091241939322508
-0.001117211518715187
-0.001143163657337823
-0.00116909865019074
-0.001195016845122547
-0.001220918644550712
-0.001246804507263576
-0.001272674949790392
-0.001298530548601844
-0.001324371941585577
-0.001350199829814118
-0.001376014979651054
-0.001401818224408218
-0.001427610466321068
-0.001453392678556728
-0.001479165907095954
-0.001504931272828317
-0.001530689973631634
-0.001556443286355803
-0.001582192569194098
-0.001607939263515342
-0.001633684896491114
-0.001659431082982148
-0.001685179528146318
-0.001710932029583147
-0.001736690479787953
-0.001762456868627289
-0.001788233285773967
-0.001814021923179833
-0.001839825077807033
-0.001865645154008369
-0.001891484666353594
-0.001917346242279983
-0.001943232624861755
-0.001969146675513854
-0.001995091376873895
-0.002021069835814433
-0.002047085286182591
-0.002073141091825206
-0.00209924074962846
-0.002125387892660747
-0.002151586293130033
-0.00217783986559347
-0.002204152670194095
-0.002230528915826062
-0.002256972963451929
-0.002283489329387987
-0.002310082688666425
-0.002336757878450394
-0.00236351990143903
-0.002390373929243983
-0.002417325306027285
-0.002444379551912416
-0.002471542366574772
-0.002498819632781952
-0.002526217419963634
-0.00255374198785621
-0.002581399790198711
-0.002609197478150071
-0.002637141904156271
-0.002665240125454172
-0.002693499407754625
-0.002721927228878344
-0.002750531282354204
-0.002779319481070143
-0.002808299960745554
-0.002837481083567461
-0.002866871441720794
-0.002896479860660157
-0.002926315402734342
-0.002956387370431033
-0.002986705309564052
-0.003017279012565786
-0.00304811852156169
-0.003079234131275845
-0.003110636391932087
-0.003142336112000115
-0.003174344360777371
-0.003206672470749128
-0.003239332039979357
-0.003272334933924264
-0.003305693287594262
-0.003339419506908067
-0.00337352627021572
-0.003408026529351941
-0.003442933510446634
-0.003478260714379368
-0.003514021917107451
-0.003550231169253376
-0.003586902795659202
-0.003624051394262804
-0.003661691834785401
-0.003699839256564223
-0.003738509066331653
-0.003777716934983522
-0.003817478794078307
-0.003857810831635203
-0.003898729487109375
-0.003940251445763795
-0.003982393632455521
-0.004025173204259051
-0.00406860754238478
-0.004112714243393063
-0.004157511109134069
-0.004203016135674282
-0.004249247501446424
-0.004296223553844871
-0.004343962794963328
-0.004392483865742874
-0.00444180552887893
-0.004491946650487844
-0.004542926179830264
-0.004594763127791059
-0.004647476543686352
-0.004701085489878847
-0.004755609015184573
-0.004811066125663232
-0.004867475753896731
-0.004924856725726761
-0.00498322772502021
-0.005042607255933472
-0.005103013602655614
-0.005164464786670174
-0.005226978521441474
-0.00529057216401266
-0.005355262663966409
-0.005421066509125343
-0.00548799966840926
-0.005556077531123767
-0.005625314843076164
-0.005695725639093712
-0.005767323172223815
-0.00584011983893274
-0.005914127100609709
-0.005989355401484184
-0.006065814082260914
-0.006143511289877414
-0.006222453883312041
-0.00630264733515911
-0.006384095629080912
-0.006466801153252867
-0.006550764589609257
-0.006635984799078976
-0.006722458702754942
-0.006810181159201883
-0.006899144838323427
-0.006989340090962821
-0.007080754815923499
-0.007173374323417015
-0.007267181195921067
-0.007362155146625615
-0.007458272876005052
-0.007555507926643236
-0.007653830537483957
-0.007753207497689773
-0.007853602000819993
-0.007954973500525316
-0.008057277568047333
-0.00816046575289665
-0.008264485447824165
-0.008369279758765613
-0.008474787381360444
-0.008580942485443274
-0.008687674608370839
-0.008794908559391513
-0.008902564336078431
-0.009010557054671225
-0.009118796895981688
-0.009227189068791941
-0.00933563379232653
-0.009444026299558272
-0.009552256863697232
-0.009660210849037794
-0.009767768788348383
-0.009874806488483504
-0.009981195165881314
-0.01008680161339767
-0.01019148839997907
-0.01029511410450799
-0.01039753358447488
-0.01049859828071194
-0.01059815655845091
-0.01069605408485323
-0.01079213424303046
-0.0108862385819485
-0.01097820730124846
-0.01106787976973597
-0.01115509507569181
-0.01123969260678329
-0.01132151265686136
-0.01140039705642935
-0.01147618982309196
-0.01154873782828992
-0.011617891475246
-0.01168350538368705
-0.01174543907600552
-0.01180355765937507
-0.01185773249804582
-0.01190784187015706
-0.01195377160278101
-0.0119954156795373
-0.01203267681504158
-0.01206546698967381
-0.0120937079406592
-0.01211733160283471
-0.01213628049565614
-0.01215050805156232
-0.01215997888249176
-0.01216466898152034
-0.01216456585741926
-0.01215966860041176
-0.01214998787893888
-0.01213554586669146
-0.01211637610152077
-0.01209252327703823
-0.01206404296992689
-0.01203100130530877
-0.01199347456411129
-0.01195154873689991
-0.01190531902810756
-0.01185488931663814
-0.01180037157781245
-0.01174188527259375
-0.01167955670983151
-0.01161351838770548
-0.01154390832015198
-0.01147086935440392
-0.0113945484850032
-0.01131509617011669
-0.01123266565536736
-0.01114741230953322
-0.01105949297744189
-0.01096906535320296
-0.01087628737811835
-0.01078131666594575
-0.01068430995834215
-0.01058542261279297
-0.01048480812451652
-0.01038261768388034
-0.01027899976998943
-0.01017409978101932
-0.01006805970142985
-0.009961017805506516
-0.009853108397110205
-0.009744461584221296
-0.009635203087763573
-0.009525454083025428
-0.00941533107223465
-0.009304945786865764
-0.009194405117820652
-0.009083811071653979
-0.008973260751120494
-0.00886284635808565
-0.008752655216908116
-0.008642769816450874
-0.008533267869007171
-0.008424222384108906
-0.008315701755692613
-0.008207769861014848
-0.008100486169476003
-0.007993905860189502
-0.007888079946703369
-0.00778305540760543
-0.007678875321790147
-0.007575579007407002
-0.007473202163251588
-0.007371777011790489
-0.007271332443032159
-0.007171894158324597
-0.007073484813527024
-0.006976124160953533
-0.00687982918951886
-0.006784614262540459
-0.00669049125318145
-0.006597469676612684
-0.006505556819147543
-0.006414757863751927
-0.006325076012139934
-0.006236512602801395
-0.006149067225316606
-0.006062737830683933
-0.005977520837583778
-0.005893411234741626
-0.005810402679186595
-0.005728487590598168
-0.005647657241768087
-0.0055679018450702
-0.005489210635470371
-0.005411571949410984
-0.005334973300526888
-0.005259401451642548
-0.005184842483504651
-0.005111281860135982
-0.005038704491255117
-0.004967094791538746
-0.004896436736982687
-0.00482671391855316
-0.004757909593229702
-0.004690006732344578
-0.004622988067717643
-0.004556836135267112
-0.004491533316666297
-0.004427061878714604
-0.004363404010873112
-0.004300541860850334
-0.00423845756840367
-0.004177133297546741
-0.004116551267077261
-0.004056693779617399
-0.003997543249275762
-0.003939082227902974
-0.003881293430085598
-0.003824159756992313
-0.00376766431897376
-0.003711790457236497
-0.003656521764302546
-0.003601842103686393
-0.003547735628492013
-0.003494186799294312
-0.003441180401043967
-0.003388701559200054
-0.003336735755274278
-0.003285268841310814
-0.003234287054061472
-0.003183777028066316
-0.003133725808436243
-0.003084120862793477
-0.003034950092627769
-0.002986201844001299
-0.002937864917805185
-0.002889928579126313
-0.002842382566404585
-0.002795217099580831
-0.002748422888036022
-0.00270199113763508
-0.002655913557349541
-0.002610182365189295
-0.00256479029362692
-0.002519730594192479
-0.002474997041689461
-0.002430583937519099
-0.002386486112535209
-0.00234269892910359
-0.002299218282508468
-0.002256040601630473
-0.002213162848915646
-0.002170582519561886
-0.002128297640007054
-0.002086306765503927
-0.002044608976995213
-0.002003203877121108
-0.001962091585361384
-0.001921272732371473
-0.001880748453289473
-0.001840520380300118
-0.001800590634213662
-0.001760961814945699
-0.001721636991372003
-0.001682619689835632
-0.001643913881873326
-0.001605523970968208
-0.001567454778189113
-0.001529711526728239
-0.001492299825631262
-0.001455225652371863
-0.001418495334309587
-0.001382115529322537
-0.001346093205167997
-0.001310435618013161
-0.001275150289839954
-0.001240244984965449
-0.001205727685468959
-0.00117160656572061
-0.001137889966015474
-0.001104586365235403
-0.001071704352816109
-0.001039252599698508
-0.001007239828686216
-0.0009756747840231226
-0.0009445662003560139
-0.0009139227711121222
-0.0008837531163740303
-0.0008540657503278985
-0.0008248690484276219
-0.0007961712141780447
-0.0007679802459997168
-0.0007403039038179587
-0.0007131496758904497
-0.0006865247457552592
-0.0006604359595683666
-0.0006348897937686047
-0.0006098923234602416
-0.0005854491914524902
-0.0005615655781806808
-0.0005382461726817483
-0.0005154951446663444
-0.0004933161180513878
-0.0004717121458617368
-0.0004506856867616525
-0.0004302385835783891
-0.0004103720434925897
-0.000391086620516813
-0.00037238220020424
-0.0003542579866407866
-0.0003367124920774203
-0.0003197435290766622
-0.0003033482054437008
-0.0002875229220512827
-0.000272263373458734
-0.0002575645516501059
-0.0002434207526394567
-0.0002298255862846548
-0.0002167719890471508
-0.0002042522398631352
-0.0001922579789445608
-0.0001807802295563446
-0.0001698094227358506
-0.0001593354244344859
-0.0001493475656836616
-0.000139834674851784
-0.0001307851121939742
-0.0001221868065818974
-0.0001140272938075972
-0.0001062937566203275
-9.897306577078338e-05
-9.205182226635061e-05
-8.551640005486066e-05
-7.935298921843848e-05
-7.354763904905085e-05
-6.808630083612269e-05
-6.295487006921377e-05
-5.813922751765361e-05
-5.362527907099186e-05
-4.939899410228831e-05
-4.544644160925284e-05
-4.175382447929414e-05
-3.830751099719509e-05
-3.509406395029628e-05
-3.210026661225199e-05
-2.931314573065887e-05
-2.671999123741303e-05
-2.430837260049669e-05
-2.206615180334577e-05
-1.998149265516284e-05
-1.804286672353172e-05
-1.62390556421076e-05
-1.455915004844105e-05
-1.299254502949189e-05
-1.152893224786594e-05
-1.015828906155217e-05
-8.870864471914423e-06
-7.657162291320897e-06
-6.507921715346188e-06
-5.414095525790429e-06
-4.366826081106303e-06
-3.357419405939505e-06
-2.377317748781735e-06
-1.418070655337042e-06
-4.713051046422237e-07
4.713051046391879e-07
1.418070655306251e-06
2.377317748756581e-06
3.357419405957286e-06
4.366826081086354e-06
5.414095525772215e-06
6.507921715360066e-06
7.657162291287937e-06
8.870864471863683e-06
1.01582890615487e-05
1.152893224785293e-05
1.299254502950772e-05
1.455915004844083e-05
1.623905564211063e-05
1.804286672352912e-05
1.998149265519797e-05
2.206615180333146e-05
2.430837260049821e-05
2.671999123739699e-05
2.931314573063741e-05
3.210026661221296e-05
3.509406395028788e-05
3.830751099716069e-05
4.175382447929607e-05
4.544644160925254e-05
4.939899410225221e-05
5.362527907098829e-05
5.813922751762997e-05
6.295487006917702e-05
6.808630083610947e-05
7.354763904904673e-05
7.935298921845279e-05
8.551640005485155e-05
9.205182226634475e-05
9.897306577076972e-05
0.0001062937566203091
0.0001140272938075456
0.0001221868065818853
0.0001307851121939928
0.0001398346748518037
0.0001493475656836581
0.0001593354244344889
0.0001698094227358471
0.0001807802295563342
0.0001922579789445694
0.0002042522398631504
0.0002167719890471187
0.0002298255862846384
0.0002434207526394567
0.0002575645516501141
0.0002722633734587305
0.0002875229220512983
0.0003033482054437143
0.0003197435290766856
0.000336712492077439
0.0003542579866408092
0.0003723822002042643
0.0003910866205168386
0.0004103720434925633
0.00043023858357838
0.0004506856867616533
0.0004717121458617142
0.0004933161180513893
0.0005154951446663799
0.0005382461726817431
0.0005615655781806969
0.000585449191452498
0.0006098923234602286
0.0006348897937686335
0.000660435959568364
0.0006865247457552969
0.0007131496758904694
0.000740303903817988
0.0007679802459996973
0.0007961712141780189
0.0008248690484276089
0.0008540657503278721
0.0008837531163740193
0.000913922771112099
0.0009445662003559835
0.0009756747840230975
0.001007239828686221
0.001039252599698505
0.001071704352816103
0.001104586365235418
0.001137889966015481
0.001171606565720605
0.001205727685468992
0.001240244984965427
0.001275150289839943
0.001310435618013181
0.001346093205168015
0.001382115529322525
0.001418495334309609
0.001455225652371875
0.001492299825631268
0.001529711526728258
0.001567454778189112
0.001605523970968207
0.001643913881873325
0.001682619689835633
0.001721636991371951
0.001760961814945669
0.001800590634213635
0.001840520380300121
0.001880748453289491
0.001921272732371473
0.001962091585361388
0.002003203877121109
0.00204460897699519
0.002086306765503932
0.002128297640007057
0.002170582519561865
0.002213162848915648
0.002256040601630468
0.002299218282508512
0.002342698929103595
0.002386486112535204
0.002430583937519102
0.002474997041689467
0.00251973059419245
0.002564790293626933
0.002610182365189288
0.002655913557349545
0.00270199113763511
0.002748422888036022
0.002795217099580808
0.002842382566404587
0.002889928579126313
0.002937864917805212
0.002986201844001307
0.003034950092627773
0.003084120862793483
0.003133725808436243
0.003183777028066337
0.003234287054061475
0.003285268841310826
0.003336735755274273
0.003388701559200059
0.003441180401044006
0.003494186799294337
0.003547735628492046
0.003601842103686402
0.003656521764302569
0.003711790457236498
0.00376766431897374
0.00382415975699234
0.003881293430085583
0.003939082227902979
0.00399754324927576
0.004056693779617374
0.004116551267077252
0.004177133297546726
0.004238457568403654
0.00430054186085037
0.004363404010873137
0.004427061878714624
0.004491533316666312
0.004556836135267134
0.004622988067717651
0.004690006732344582
0.004757909593229703
0.00482671391855315
0.004896436736982719
0.004967094791538741
0.005038704491255067
0.00511128186013598
0.005184842483504632
0.005259401451642574
0.005334973300526915
0.005411571949411002
0.005489210635470374
0.005567901845070176
0.005647657241768083
0.005728487590598205
0.005810402679186578
0.005893411234741626
0.005977520837583785
0.00606273783068393
0.006149067225316616
0.006236512602801395
0.006325076012139915
0.006414757863751923
0.006505556819147588
0.006597469676612675
0.00669049125318143
0.006784614262540438
0.006879829189518882
0.006976124160953545
0.007073484813527041
0.007171894158324585
0.007271332443032175
0.00737177701179048
0.007473202163251593
0.007575579007407024
0.007678875321790163
0.007783055407605437
0.00788807994670335
0.007993905860189499
0.008100486169475988
0.008207769861014826
0.008315701755692647
0.008424222384108894
0.008533267869007179
0.008642769816450881
0.008752655216908101
0.008862846358085638
0.008973260751120515
0.00908381107165394
0.009194405117820683
0.009304945786865755
0.009415331072234646
0.009525454083025409
0.009635203087763571
0.009744461584221265
0.009853108397110243
0.009961017805506539
0.01006805970142983
0.01017409978101929
0.01027899976998942
0.01038261768388037
0.01048480812451648
0.01058542261279295
0.01068430995834213
0.01078131666594578
0.01087628737811836
0.01096906535320293
0.01105949297744189
0.01114741230953322
0.01123266565536736
0.0113150961701167
0.01139454848500321
0.01147086935440391
0.01154390832015196
0.01161351838770548
0.01167955670983154
0.01174188527259374
0.01180037157781245
0.01185488931663815
0.01190531902810756
0.01195154873689991
0.01199347456411128
0.01203100130530878
0.01206404296992689
0.01209252327703822
0.01211637610152078
0.01213554586669147
0.01214998787893887
0.01215966860041179
0.01216456585741926
0.01216466898152036
0.01215997888249179
0.01215050805156234
0.01213628049565616
0.0121173316028347
0.01209370794065923
0.01206546698967378
0.01203267681504162
0.01199541567953727
0.011953771602781
0.01190784187015706
0.01185773249804586
0.01180355765937507
0.01174543907600554
0.01168350538368704
0.01161789147524604
0.01154873782828994
0.01147618982309197
0.01140039705642937
0.01132151265686137
0.01123969260678328
0.01115509507569186
0.011067879769736
0.01097820730124848
0.01088623858194853
0.01079213424303049
0.01069605408485325
0.01059815655845093
0.01049859828071195
0.01039753358447486
0.01029511410450798
0.01019148839997907
0.0100868016133977
0.009981195165881331
0.009874806488483467
0.009767768788348398
0.009660210849037773
0.009552256863697267
0.009444026299558327
0.009335633792326556
0.009227189068791934
0.009118796895981683
0.009010557054671209
0.008902564336078432
0.008794908559391565
0.008687674608370865
0.008580942485443312
0.008474787381360441
0.008369279758765603
0.008264485447824172
0.008160465752896645
0.008057277568047316
0.007954973500525351
0.007853602000819986
0.007753207497689799
0.007653830537483976
0.007555507926643204
0.007458272876005081
0.007362155146625664
0.007267181195921073
0.007173374323417029
0.007080754815923494
0.006989340090962804
0.00689914483832343
0.006810181159201891
0.006722458702754963
0.006635984799078991
0.006550764589609267
0.006466801153252889
0.006384095629080937
0.006302647335159116
0.006222453883312105
0.006143511289877396
0.006065814082260949
0.005989355401484191
0.0059141271006097
0.00584011983893272
0.005767323172223823
0.005695725639093697
0.005625314843076154
0.005556077531123795
0.005487999668409281
0.005421066509125365
0.005355262663966446
0.005290572164012648
0.005226978521441506
0.005164464786670156
0.005103013602655622
0.005042607255933491
0.004983227725020197
0.004924856725726735
0.004867475753896757
0.004811066125663243
0.004755609015184558
0.004701085489878834
0.004647476543686364
0.0045947631277911
0.004542926179830261
0.00449194665048783
0.004441805528878936
0.004392483865742881
0.004343962794963356
0.004296223553844899
0.004249247501446419
0.004203016135674318
0.004157511109134109
0.004112714243393055
0.004068607542384734
0.004025173204259054
0.003982393632455524
0.003940251445763798
0.003898729487109411
0.003857810831635227
0.003817478794078304
0.003777716934983536
0.003738509066331664
0.003699839256564242
0.00366169183478542
0.003624051394262765
0.0035869027956592
0.003550231169253384
0.003514021917107478
0.003478260714379365
0.003442933510446675
0.003408026529351948
0.003373526270215752
0.003339419506908112
0.003305693287594276
0.003272334933924279
0.003239332039979347
0.00320667247074915
0.003174344360777376
0.003142336112000093
0.003110636391932079
0.00307923413127584
0.003048118521561719
0.003017279012565838
0.002986705309564052
0.002956387370431039
0.002926315402734339
0.002896479860660156
0.002866871441720839
0.00283748108356744
0.002808299960745579
0.002779319481070155
0.002750531282354241
0.002721927228878374
0.002693499407754656
0.002665240125454164
0.002637141904156247
0.002609197478150038
0.002581399790198734
0.002553741987856273
0.002526217419963636
0.002498819632781936
0.002471542366574769
0.002444379551912414
0.002417325306027309
0.002390373929243983
0.00236351990143901
0.002336757878450454
0.002310082688666419
0.002283489329388007
0.002256972963451951
0.002230528915826099
0.002204152670194042
0.002177839865593479
0.002151586293130064
0.002125387892660772
0.002099240749628458
0.002073141091825212
0.002047085286182581
0.00202106983581444
0.001995091376873899
0.001969146675513862
0.001943232624861754
0.001917346242279978
0.001891484666353589
0.001865645154008368
0.001839825077806972
0.001814021923179835
0.001788233285773982
0.001762456868627336
0.001736690479787968
0.001710932029583131
0.001685179528146298
0.00165943108298221
0.00163368489649112
0.001607939263515316
0.001582192569194069
0.001556443286355751
0.00153068997363163
0.001504931272828315
0.001479165907095944
0.001453392678556678
0.001427610466321064
0.001401818224408221
0.001376014979651049
0.001350199829814115
0.001324371941585569
0.001298530548601864
0.001272674949790402
0.001246804507263513
0.001220918644550711
0.001195016845122561
0.001169098650190699
0.00114316365733781
0.001117211518715222
0.001091241939322493
0.001065254675621581
0.001039249533653912
0.001013226367622272
0.000987185078364585
0.0009611256118772997
0.0009350479576967694
0.0009089521475795575
0.0008828382539940568
0.0008567063887086504
0.0008305567014318065
0.0008043893784386291
0.0007782046412568178
0.0007520027452915761
0.0007257839784956634
0.0006995486602548277
0.0006732971398897662
0.000647029795588201
0.0006207470331035017
0.0005944492845914269
0.0005681370072241127
0.0005418106823771685
0.0005154708140959845
0.0004891179280569734
0.0004627525706206343
0.0004363753074767566
0.0004099867224829778
0.0003835874168494838
0.0003571780078062729
0.0003307591275614077
0.0003043314222385421
0.0002778955508902919
0.0002514521842797917
0.0002250020040491867
0.0001985457014111289
0.000172083976372834
0.00014561753647196
0.0001191470959472203
9.267337456387033e-05
6.619709664532091e-05
3.971899017105432e-05
1.323978547293132e-05
-2.649881300539332e-05
-2.649799291781401e-05
-2.649657760095468e-05
-2.649435961516408e-05
-2.649140164486341e-05
-2.64878111680199e-05
-2.648342601062026e-05
-2.64784180140565e-05
-2.64725700206835e-05
-2.646611336827602e-05
-2.64590427648426e-05
-2.645112268551047e-05
-2.644259371356205e-05
-2.64334461514835e-05
-2.642364440961267e-05
-2.641327915798706e-05
-2.640220077971333e-05
-2.639051864357218e-05
-2.637840579375534e-05
-2.636557893249589e-05
-2.635230179480872e-05
-2.633852745888069e-05
-2.632417939513632e-05
-2.630943503877271e-05
-2.629431804014031e-05
-2.62786390516982e-05
-2.626268052909407e-05
-2.624617729924376e-05
-2.622947773746986e-05
-2.621239125224241e-05
-2.619512054770148e-05
-2.617762934408968e-05
-2.615986760701984e-05
-2.614189431134225e-05
-2.61238742863952e-05
-2.610568947516546e-05
-2.608752799643852e-05
-2.60693500464911e-05
-2.605114472051194e-05
-2.603306662234776e-05
-2.601505802805789e-05
-2.599729167134128e-05
-2.597972488978707e-05
-2.59623452055447e-05
-2.594534915386307e-05
-2.592874027661025e-05
-2.591256483687159e-05
-2.589686632783426e-05
-2.588167094141759e-05
-2.586720366959497e-05
-2.585329048384788e-05
-2.584010615775115e-05
-2.582772767996179e-05
-2.581634719419611e-05
-2.580576386214733e-05
-2.579632095568952e-05
-2.578784776096556e-05
-2.578054613194812e-05
-2.577449969487996e-05
-2.576982547625651e-05
-2.576644340214375e-05
-2.576460056281383e-05
-2.576436456210811e-05
-2.576566331283351e-05
-2.576881919425793e-05
-2.57738209021684e-05
-2.578078899158795e-05
-2.578982238151694e-05
-2.580083705681938e-05
-2.58141877525266e-05
-2.582990606371677e-05
-2.584805223692333e-05
-2.586889264946968e-05
-2.589231043640945e-05
-2.591855023541989e-05
-2.594769463630405e-05
-2.597987526212076e-05
-2.601531066617807e-05
-2.605391284660574e-05
-2.609607264317156e-05
-2.614165040044045e-05
-2.619109959854003e-05
-2.624432995571022e-05
-2.630153591983594e-05
-2.636287799712436e-05
-2.642854559516232e-05
-2.649864171987952e-05
-2.65733491360158e-05
-2.665269249993449e-05
-2.673706511002229e-05
-2.682657966736637e-05
-2.692120072024014e-05
-2.702143041669095e-05
-2.712711016508834e-05
-2.723876294219256e-05
-2.735628058596091e-05
-2.748002046001822e-05
-2.761000046409963e-05
-2.774668600623972e-05
-2.789000038525752e-05
-2.804035064765196e-05
-2.819790775522459e-05
-2.836275653784193e-05
-2.853525508071789e-05
-2.871549193638679e-05
-2.890388992046504e-05
-2.910034088875879e-05
-2.930538093043366e-05
-2.951922621354696e-05
-2.97418947203576e-05
-2.997378984074728e-05
-3.021522047492759e-05
-3.046612669594206e-05
-3.072702210580203e-05
-3.099818875419041e-05
-3.127969229865408e-05
-3.157188369964359e-05
-3.187502645017848e-05
-3.218948430144533e-05
-3.251528268656518e-05
-3.285296805215854e-05
-3.320252118172524e-05
-3.356434606346707e-05
-3.393880474858598e-05
-3.432605545014997e-05
-3.47264005364617e-05
-3.514014909411476e-05
-3.556751169471785e-05
-3.600875813119684e-05
-3.646427700144992e-05
-3.69342373274821e-05
-3.741896432173542e-05
-3.791872580567285e-05
-3.843369369587596e-05
-3.896424270897038e-05
-3.951057207385929e-05
-4.007299682260926e-05
-4.065185765044714e-05
-4.124721267011021e-05
-4.185935093700963e-05
-4.248859479562769e-05
-4.313511815674634e-05
-4.379903858645969e-05
-4.448077326978431e-05
-4.518051449265299e-05
-4.589818185869267e-05
-4.663422119898608e-05
-4.738862714545235e-05
-4.816176891256914e-05
-4.895351804665123e-05
-4.97640541347399e-05
-5.05936527555306e-05
-5.144212133228494e-05
-5.230963280795182e-05
-5.319637485099311e-05
-5.410201296951209e-05
-5.502684124540503e-05
-5.597060147808964e-05
-5.693334073197265e-05
-5.791464000418679e-05
-5.8914655277284e-05
-5.993316751489305e-05
-6.096980390540331e-05
-6.202430596573265e-05
-6.309638453259006e-05
-6.418564385147039e-05
-6.529168501464726e-05
-6.641385292162878e-05
-6.755183388510077e-05
-6.870484141668689e-05
-6.987235177112141e-05
-7.105337141074328e-05
-7.224737667483123e-05
-7.345338187619064e-05
-7.467021548293178e-05
-7.589700427297131e-05
-7.713259596659851e-05
-7.837569037654308e-05
-7.962496862576842e-05
-8.08790698134139e-05
-8.213629504422164e-05
-8.339507018896811e-05
-8.465366101416175e-05
-8.591022471983371e-05
-8.716265467114731e-05
-8.84087847178346e-05
-8.96466143889975e-05
-9.087344110627693e-05
-9.208696788273884e-05
-9.328443001542023e-05
-9.446304038372361e-05
-9.561982375622954e-05
-9.675181994162413e-05
-9.785571671975145e-05
-9.892809919805942e-05
-9.996549389336487e-05
-0.0001009641387266722
-0.0001019203455208197
-0.0001028301359654853
-0.0001036893093115338
-0.0001044937532743138
-0.0001052390778581262
-0.0001059208038093106
-0.0001065344265168388
-0.0001070750718404806
-0.0001075380623342548
-0.0001079186274518427
-0.0001082118280318366
-0.0001084125713469097
-0.0001085160135338759
-0.0001085171771501049
-0.0001084108910286542
-0.0001081923548221318
-0.0001078566717087242
-0.0001073990216012951
-0.0001068148472823249
-0.00010609945591087
-0.0001052486853207165
-0.0001042582539285122
-0.0001031244928153997
-0.0001018436175246395
-0.0001004125174403452
-9.882824180087077e-05
-9.708828029186986e-05
-9.519058103115703e-05
-9.313358275417077e-05
-9.091618316929559e-05
-8.853776281754102e-05
-8.599828352311288e-05
-8.32984584649333e-05
-8.043949942566283e-05
-7.742326375104019e-05
-7.425214792816687e-05
-7.09294362136887e-05
-6.745902213525128e-05
-6.384544797832429e-05
-6.009398547886796e-05
-5.621055554344847e-05
-5.220168231013813e-05
-4.807471018619489e-05
-4.383743210169193e-05
-3.949826728193991e-05
-3.506643513159735e-05
-3.055115945855603e-05
-2.596270451999814e-05
-2.131129291373911e-05
-1.660781155655401e-05
-1.186328914363989e-05
-7.088954745333561e-06
-2.296367077538586e-06
2.502911176703137e-06
7.297336688611359e-06
1.207525157224851e-05
1.682532047558171e-05
2.153613216745342e-05
2.619678574704164e-05
3.079640070642011e-05
3.532471460587763e-05
3.97718613495024e-05
4.412810619716134e-05
4.838467338468661e-05
5.253310941765565e-05
5.656566981120874e-05
6.047512487374755e-05
6.425495547321017e-05
6.789929580601916e-05
7.140299384679828e-05
7.476152870925095e-05
7.797109439355047e-05
8.102865684586494e-05
8.393155917135215e-05
8.667820771832636e-05
8.926729286994842e-05
9.169838861270848e-05
9.397146732263081e-05
9.608712853171326e-05
9.804662027767662e-05
9.985143396841822e-05
0.0001015037322912992
0.0001030059605736548
0.0001043611193675941
0.0001055724461439063
0.0001066434655218955
0.0001075780867173588
0.0001083802928912055
0.0001090545159941343
0.0001096051883729912
0.0001100368630273845
0.0001103543504632499
0.000110562477125361
0.0001106659960536412
0.000110669943670749
0.0001105791794729328
0.0001103985463203702
0.0001101329448961801
0.0001097872599873623
0.0001093661072587152
0.0001088742623118216
0.0001083162800939147
0.0001076965430370019
0.0001070195080008557
0.000106289333523527
0.0001055101553639008
0.0001046859180632064
0.0001038205004201356
0.000102917552236223
0.0001019806844354056
0.0001010132616651611
0.000100018549204652
9.899963222775675e-05
9.795955818953801e-05
9.690108387430454e-05
9.582694848652181e-05
9.473977486392326e-05
9.364186965105116e-05
9.253559662325808e-05
9.142306913747597e-05
9.030643906348427e-05
8.918749408382649e-05
8.806812867366084e-05
8.695004097881581e-05
8.583475266143882e-05
8.472382972859859e-05
8.36185726838264e-05
8.252029867363723e-05
8.143018531013403e-05
8.034933656750768e-05
7.927885073066394e-05
7.821954084980684e-05
7.717235763593631e-05
7.613808259356822e-05
7.511738579600803e-05
7.411092186499534e-05
7.311930108466966e-05
7.214306492319603e-05
7.118261082605653e-05
7.023839302476935e-05
6.931083632280331e-05
6.840015181577112e-05
6.750663017353343e-05
6.663045849323596e-05
6.577190399040349e-05
6.493104872084776e-05
6.410799163063697e-05
6.330274851240928e-05
6.251537965190843e-05
6.174587489498265e-05
6.099422036552477e-05
6.026029931221165e-05
5.954407324337041e-05
5.88453519143151e-05
5.816400662667236e-05
5.74998950953285e-05
5.685278895034066e-05
5.62224773660218e-05
5.560871337308558e-05
5.501124333089907e-05
5.442973091079642e-05
5.38639763926088e-05
5.331358448003483e-05
5.277826997205195e-05
5.225769569997208e-05
5.175139908974001e-05
5.125913494002113e-05
5.078035640935098e-05
5.031484927533358e-05
4.986204638276963e-05
4.942156937158307e-05
4.899300338019757e-05
4.857589818737739e-05
4.816968123596511e-05
4.777406799248121e-05
4.738842778150527e-05
4.701236347733902e-05
4.664529957673741e-05
4.628681120642328e-05
4.593637805977475e-05
4.559347852794429e-05
4.525756518459535e-05
4.492819714487982e-05
4.460473205724913e-05
4.428672933918936e-05
4.397364574136162e-05
4.366494332978017e-05
4.336005800219362e-05
4.305847909043184e-05
4.275971340708247e-05
4.246316514586568e-05
4.216834382974792e-05
4.18746347797848e-05
4.158162654146585e-05
4.1288772154704e-05
4.099553321906929e-05
4.070138386404129e-05
4.040588382869018e-05
4.010849799245899e-05
3.980869989378577e-05
3.950614402205196e-05
3.920022171089756e-05
3.889054685375293e-05
3.857673857928319e-05
3.82582820377869e-05
3.793476888852215e-05
3.760582944898152e-05
3.727115329661264e-05
3.693024999270578e-05
3.658290841937394e-05
3.622869224951218e-05
3.586736988695204e-05
3.549864032074504e-05
3.512228971208197e-05
3.473802982621808e-05
3.434566348508349e-05
3.394504022080305e-05
3.353604302774822e-05
3.311846281679778e-05
3.269224763387935e-05
3.225731777630763e-05
3.181362462598166e-05
3.136119991311708e-05
3.090005752273066e-05
3.043021802403282e-05
2.995182792211448e-05
2.946497424445815e-05
2.896980641236635e-05
2.846653917859841e-05
2.795536095589964e-05
2.743656042264331e-05
2.691043019024768e-05
2.637728065922428e-05
2.583739815991478e-05
2.529127475101934e-05
2.473927083036723e-05
2.418184073914385e-05
2.361947835265823e-05
2.305268829779171e-05
2.248199393575289e-05
2.190794087426537e-05
2.133109301351158e-05
2.075215822302728e-05
2.017163580597198e-05
1.959025907226713e-05
1.900864036026266e-05
1.842747620512351e-05
1.784750758894785e-05
1.726931409195263e-05
1.669366328571428e-05
1.612131240038841e-05
1.555286482650359e-05
1.498909285099531e-05
1.443067708168362e-05
1.387834465862711e-05
1.333273955058944e-05
1.279449869127883e-05
1.226433920690617e-05
1.174284828437063e-05
1.123062628378696e-05
1.072827539632413e-05
1.023637947709335e-05
9.755371454339263e-06
9.285784554758206e-06
8.828065657340897e-06
8.382675971668643e-06
7.949922088176824e-06
7.530141338983517e-06
7.123661453317567e-06
6.730688050808181e-06
6.351491228108463e-06
5.986165291622708e-06
5.634865879450979e-06
5.297643441886334e-06
4.974566960412249e-06
4.665609609212201e-06
4.370713438099004e-06
4.089855355386571e-06
3.822849079650453e-06
3.569572595925596e-06
3.329864228772416e-06
3.10346645055639e-06
2.890201842836141e-06
2.689762447313998e-06
2.501940952019245e-06
2.326426576919043e-06
2.162903861360009e-06
2.011015203532015e-06
1.870523940750964e-06
1.741159536003097e-06
1.622492123964198e-06
1.514343560216855e-06
1.416365621496947e-06
1.328220859984555e-06
1.249735641957358e-06
1.18065339188591e-06
1.120722430669665e-06
1.069705822419581e-06
1.027487629523961e-06
9.939359293343816e-07
9.68841127679343e-07
9.521754673358926e-07
9.43844502077529e-07
9.438445021015983e-07
9.52175467233815e-07
9.688411274541e-07
9.939359289674334e-07
1.027487629836482e-06
1.069705821501316e-06
1.120722430651775e-06
1.180653392309373e-06
1.249735642785309e-06
1.328220860027029e-06
1.416365620793693e-06
1.514343560018419e-06
1.6224921237574e-06
1.741159535718982e-06
1.870523939994757e-06
2.01101520376976e-06
2.162903861108873e-06
2.326426576654348e-06
2.501940951823899e-06
2.689762448107648e-06
2.890201842632053e-06
3.103466450745705e-06
3.329864228051097e-06
3.569572595479406e-06
3.82284907902663e-06
4.089855356327875e-06
4.370713439216654e-06
4.665609608827228e-06
4.974566959802413e-06
5.297643441861872e-06
5.634865879176147e-06
5.986165291591375e-06
6.351491228190524e-06
6.730688050248909e-06
7.123661453859261e-06
7.530141338918885e-06
7.949922088080791e-06
8.382675971232709e-06
8.828065656823248e-06
9.285784554737518e-06
9.755371454260153e-06
1.023637947740768e-05
1.072827539659019e-05
1.123062628391666e-05
1.174284828366407e-05
1.226433920666842e-05
1.279449869052776e-05
1.333273955186301e-05
1.387834465765906e-05
1.443067708186016e-05
1.498909285071743e-05
1.555286482666695e-05
1.612131240008968e-05
1.669366328433625e-05
1.726931409304845e-05
1.784750758846117e-05
1.842747620493746e-05
1.900864035980129e-05
1.959025907269902e-05
2.017163580559363e-05
2.075215822230236e-05
2.133109301440049e-05
2.190794087439484e-05
2.24819939343526e-05
2.305268829715389e-05
2.361947835280441e-05
2.418184073917587e-05
2.473927083086508e-05
2.529127474956401e-05
2.583739816005339e-05
2.637728065831639e-05
2.691043018996511e-05
2.743656042133256e-05
2.79553609559668e-05
2.846653917915626e-05
2.896980641325722e-05
2.946497424353162e-05
2.995182792185942e-05
3.043021802430211e-05
3.090005752345699e-05
3.136119991262033e-05
3.181362462640616e-05
3.225731777672575e-05
3.269224763319335e-05
3.31184628174483e-05
3.353604302749525e-05
3.394504021968399e-05
3.434566348599113e-05
3.473802982580386e-05
3.512228971173052e-05
3.549864032082451e-05
3.586736988637465e-05
3.622869225009627e-05
3.658290841853807e-05
3.693024999266233e-05
3.727115329758951e-05
3.760582944839941e-05
3.79347688889084e-05
3.825828203820185e-05
3.857673857922314e-05
3.889054685365898e-05
3.920022170957503e-05
3.950614402336867e-05
3.980869989411312e-05
4.010849799087972e-05
4.040588382813038e-05
4.070138386433309e-05
4.09955332198759e-05
4.128877215441642e-05
4.158162654157961e-05
4.187463478011234e-05
4.216834382945119e-05
4.246316514559147e-05
4.275971340757217e-05
4.305847909032823e-05
4.336005800250896e-05
4.366494332877253e-05
4.397364574170591e-05
4.428672933908166e-05
4.460473205783253e-05
4.492819714416081e-05
4.52575651837456e-05
4.559347852840391e-05
4.593637806021531e-05
4.628681120637712e-05
4.664529957677604e-05
4.701236347633965e-05
4.738842778198169e-05
4.777406799302157e-05
4.816968123661872e-05
4.857589818761633e-05
4.899300337897315e-05
4.942156937073414e-05
4.986204638339771e-05
5.031484927502585e-05
5.078035640896159e-05
5.125913494006756e-05
5.175139908973955e-05
5.225769570045785e-05
5.277826997168573e-05
5.331358448040495e-05
5.386397639258467e-05
5.442973091073137e-05
5.501124333130494e-05
5.560871337220721e-05
5.622247736717929e-05
5.685278895017584e-05
5.74998950952837e-05
5.816400662628834e-05
5.884535191430385e-05
5.954407324382165e-05
6.026029931204495e-05
6.099422036535181e-05
6.174587489475239e-05
6.251537965141249e-05
6.330274851214744e-05
6.410799163056586e-05
6.493104872115049e-05
6.577190399068781e-05
6.663045849329212e-05
6.750663017350003e-05
6.840015181523312e-05
6.931083632221676e-05
7.023839302486123e-05
7.118261082654647e-05
7.214306492335854e-05
7.311930108472573e-05
7.411092186465737e-05
7.511738579607916e-05
7.613808259281377e-05
7.717235763612742e-05
7.821954084985315e-05
7.927885073027738e-05
8.034933656846563e-05
8.143018531030853e-05
8.252029867273256e-05
8.361857268425899e-05
8.472382972919488e-05
8.58347526616371e-05
8.695004097851851e-05
8.806812867380362e-05
8.918749408408523e-05
9.030643906298013e-05
9.142306913846268e-05
9.253559662295686e-05
9.36418696501603e-05
9.473977486407391e-05
9.582694848661829e-05
9.690108387428578e-05
9.795955818947876e-05
9.899963222738693e-05
0.0001000185492050157
0.0001010132616654485
0.0001019806844349274
0.0001029175522370984
0.000103820500419867
0.0001046859180631456
0.0001055101553645074
0.0001062893335234071
0.0001070195080007156
0.0001076965430370493
0.0001083162800936145
0.000108874262312293
0.0001093661072594687
0.0001097872599872196
0.0001101329448968796
0.0001103985463196464
0.0001105791794732192
0.0001106699436705992
0.0001106659960537458
0.000110562477124928
0.0001103543504632088
0.0001100368630275449
0.0001096051883732357
0.0001090545159943423
0.0001083802928909282
0.0001075780867172484
0.0001066434655210499
0.0001055724461450586
0.0001043611193670682
0.0001030059605736032
0.0001015037322914219
9.985143396858915e-05
9.80466202771814e-05
9.608712853123716e-05
9.397146732269997e-05
9.169838861317258e-05
8.926729287015643e-05
8.667820771779919e-05
8.39315591708516e-05
8.102865684661183e-05
7.797109439356408e-05
7.476152870876848e-05
7.140299384627942e-05
6.789929580629112e-05
6.425495547361857e-05
6.047512487352139e-05
5.656566981244236e-05
5.253310941718579e-05
4.838467338427867e-05
4.412810619661849e-05
3.977186134969849e-05
3.532471460596817e-05
3.079640070669321e-05
2.619678574662437e-05
2.153613216762898e-05
1.682532047504484e-05
1.207525157125322e-05
7.297336688789257e-06
2.502911176291981e-06
-2.296367076430734e-06
-7.088954746625975e-06
-1.186328914240824e-05
-1.660781155721543e-05
-2.131129291365499e-05
-2.596270451976444e-05
-3.055115945912086e-05
-3.506643513177471e-05
-3.94982672820135e-05
-4.383743210045451e-05
-4.807471018585342e-05
-5.220168230945584e-05
-5.621055554323655e-05
-6.009398548067797e-05
-6.384544797776038e-05
-6.745902213525522e-05
-7.092943621277555e-05
-7.425214792871137e-05
-7.742326374964557e-05
-8.043949942663164e-05
-8.3298458463592e-05
-8.599828352235713e-05
-8.853776281752395e-05
-9.091618316953277e-05
-9.313358275299919e-05
-9.519058103143292e-05
-9.708828029288133e-05
-9.88282418018494e-05
-0.0001004125174393629
-0.000101843617525045
-0.0001031244928144358
-0.0001042582539284101
-0.0001052486853211392
-0.0001060994559113093
-0.0001068148472819658
-0.0001073990216024053
-0.0001078566717084639
-0.0001081923548224302
-0.0001084108910280126
-0.0001085171771510307
-0.0001085160135347556
-0.0001084125713471834
-0.0001082118280321672
-0.0001079186274516913
-0.0001075380623344441
-0.0001070750718411096
-0.0001065344265170682
-0.0001059208038091903
-0.0001052390778579091
-0.0001044937532740509
-0.0001036893093109584
-0.0001028301359659357
-0.0001019203455201234
-0.0001009641387265182
-9.99654938938361e-05
-9.892809919806922e-05
-9.785571671955596e-05
-9.675181994208738e-05
-9.561982375532743e-05
-9.446304038316953e-05
-9.328443001729628e-05
-9.208696788111259e-05
-9.087344110732465e-05
-8.964661438958573e-05
-8.840878471669822e-05
-8.716265467179234e-05
-8.591022472083726e-05
-8.465366101374201e-05
-8.339507018947317e-05
-8.213629504371539e-05
-8.087906981296133e-05
-7.962496862639225e-05
-7.837569037693888e-05
-7.713259596520994e-05
-7.589700427232648e-05
-7.467021548404475e-05
-7.34533818760913e-05
-7.224737667526416e-05
-7.105337140834468e-05
-6.987235177128311e-05
-6.870484141734536e-05
-6.755183388703534e-05
-6.641385292152463e-05
-6.529168501390886e-05
-6.418564385193514e-05
-6.309638453245707e-05
-6.202430596538671e-05
-6.096980390662345e-05
-5.993316751400897e-05
-5.891465527829521e-05
-5.791464000401512e-05
-5.693334073213035e-05
-5.597060147759759e-05
-5.502684124552326e-05
-5.410201296950765e-05
-5.319637485120711e-05
-5.230963280921569e-05
-5.144212133304322e-05
-5.059365275413622e-05
-4.976405413542111e-05
-4.895351804557678e-05
-4.816176891178039e-05
-4.73886271446305e-05
-4.663422119915085e-05
-4.589818185859319e-05
-4.518051449231485e-05
-4.448077327044065e-05
-4.379903858718685e-05
-4.313511815586535e-05
-4.24885947962212e-05
-4.185935093714866e-05
-4.124721267026473e-05
-4.06518576510077e-05
-4.007299682261658e-05
-3.951057207335863e-05
-3.896424270829468e-05
-3.843369369575236e-05
-3.791872580552699e-05
-3.74189643226442e-05
-3.693423732743756e-05
-3.646427700088783e-05
-3.600875813128968e-05
-3.556751169431528e-05
-3.514014909544817e-05
-3.47264005352906e-05
-3.432605545040753e-05
-3.393880474885178e-05
-3.356434606263415e-05
-3.320252118193746e-05
-3.285296805165658e-05
-3.251528268627506e-05
-3.21894843017104e-05
-3.18750264495168e-05
-3.157188370036476e-05
-3.127969229818248e-05
-3.099818875403596e-05
-3.072702210613599e-05
-3.046612669665653e-05
-3.021522047366632e-05
-2.997378984180998e-05
-2.974189471936241e-05
-2.951922621296276e-05
-2.930538092919345e-05
-2.91003408873881e-05
-2.890388992093095e-05
-2.871549193719543e-05
-2.853525508082377e-05
-2.836275653620046e-05
-2.819790775744537e-05
-2.804035064815084e-05
-2.789000038448875e-05
-2.774668600498785e-05
-2.761000046245839e-05
-2.748002046133667e-05
-2.735628058472417e-05
-2.723876294150794e-05
-2.712711016556332e-05
-2.702143041613542e-05
-2.692120072127911e-05
-2.682657966675846e-05
-2.673706511077296e-05
-2.665269249970584e-05
-2.657334913520983e-05
-2.649864172095518e-05
-2.642854559488593e-05
-2.636287799768111e-05
-2.630153591969828e-05
-2.624432995558734e-05
-2.619109959846366e-05
-2.614165039932981e-05
-2.609607264282853e-05
-2.605391284733834e-05
-2.601531066607032e-05
-2.597987526197602e-05
-2.594769463611664e-05
-2.591855023495603e-05
-2.589231043702675e-05
-2.586889264955501e-05
-2.584805223709504e-05
-2.582990606386787e-05
-2.58141877517946e-05
-2.580083705853412e-05
-2.578982238003907e-05
-2.578078899233787e-05
-2.577382090165253e-05
-2.576881919473845e-05
-2.57656633139806e-05
-2.576436456159897e-05
-2.576460056154612e-05
-2.576644340340463e-05
-2.576982547543803e-05
-2.577449969473707e-05
-2.578054613228757e-05
-2.578784776072217e-05
-2.579632095527162e-05
-2.58057638617804e-05
-2.581634719258729e-05
-2.582772768038957e-05
-2.584010615753121e-05
-2.58532904849243e-05
-2.586720366977836e-05
-2.588167094299712e-05
-2.589686632678888e-05
-2.591256483604546e-05
-2.592874027754125e-05
-2.594534915381762e-05
-2.596234520521518e-05
-2.597972488824837e-05
-2.599729167231042e-05
-2.601505802723817e-05
-2.603306662131197e-05
-2.605114472025703e-05
-2.606935004603815e-05
-2.608752799691687e-05
-2.610568947612361e-05
-2.612387428543778e-05
-2.614189431127039e-05
-2.61598676072442e-05
-2.617762934331443e-05
-2.619512054790993e-05
-2.621239125190229e-05
-2.622947773831714e-05
-2.624617729901621e-05
-2.626268052939403e-05
-2.627863905039158e-05
-2.629431804073005e-05
-2.63094350392267e-05
-2.632417939537943e-05
-2.633852745896693e-05
-2.635230179509494e-05
-2.636557893295908e-05
-2.637840579439339e-05
-2.639051864298203e-05
-2.640220078059077e-05
-2.641327915741507e-05
-2.642364441038535e-05
-2.643344615132234e-05
-2.644259371385342e-05
-2.645112268514052e-05
-2.645904276390243e-05
-2.646611336945759e-05
-2.64725700205581e-05
-2.647841801444236e-05
-2.648342601138417e-05
-2.648781116754782e-05
-2.649140164642359e-05
-2.649435961475931e-05
-2.649657760125613e-05
-2.649799291667314e-05
-2.649881300555504e-05
0
