-0.08213101211704285
-0.07666830726909585
-0.06620557493394631
-0.06004057936001433
-0.05608126214529517
-0.05329151178450675
-0.0511970977165464
-0.04955058735277504
-0.04820983311897251
-0.04708698956007332
-0.04612460039299406
-0.04528334165054117
-0.04453528092276974
-0.04385994868153099
-0.0432419382084887
-0.04266937934987744
-0.042132934162035
-0.04162511550580368
-0.04113981507946825
-0.04067196530676007
-0.04021729471624883
-0.03977214573950208
-0.03933333910327206
-0.03889806769642712
-0.03846381427611645
-0.03802828626815778
-0.03758936281257377
-0.03714505041542335
-0.03669344521202051
-0.03623270106562248
-0.03576099970327366
-0.0352765234573502
-0.03477742930162431
-0.03426182274498907
-0.03372773093184416
-0.03317307415469226
-0.03259563474598465
-0.0319930219255747
-0.03136263161848396
-0.03070159938222608
-0.03000674426263177
-0.0292745009764652
-0.02850083684014005
-0.02768114839416423
-0.02681013133210704
-0.02588161467900745
-0.02488834631385142
-0.02382171193031854
-0.02267136016233013
-0.02142469532893887
-0.02006617707023108
-0.01857633346248279
-0.01693033724651692
-0.01509589597336314
-0.01303002737040192
-0.01067395005757116
-0.007944635636644402
-0.004720106673619905
-0.0008121958046906051
0.004088042674130864
0.01053128014487305
0.01961534537586571
0.03389020402429409
0.06001143149129852
0.0994443959125888
0.1183860036167143
0.1023305039255592
0.08551159026574753
0.07504125554576035
0.06790167730852438
0.06261288129562415
0.05846534611352762
0.05507913215571731
0.05223123325375539
0.04978117647502028
0.04763547462259866
0.04572912418216182
0.04401528566319714
0.04245919367468928
0.04103439108607064
0.03972030727096569
0.03850064836775951
0.0373622936182463
0.03629452136633309
0.03528845589964288
0.03433665834776228
0.03343282301332109
0.03257155150460717
0.03174817238535685
0.0309586024831288
0.03019924432015507
0.02946688971338945
0.02875865408904378
0.02807191852345368
0.02740427359902743
0.02675348655338801
0.02611745563386178
0.02549418140331351
0.02488173732775624
0.02427823443825752
0.02368180186957655
0.02309054813674406
0.02250253666217563
0.02191574947849379
0.02132804645668042
0.0207371256478293
0.02014046264116996
0.01953524965833254
0.0189183100567334
0.0182859928751027
0.01763403649221451
0.01695738512815129
0.01624994500824585
0.01550424560643299
0.01471096693448821
0.01385825834791751
0.01293073211639839
0.0119079385135682
0.01076196320938462
0.009453496974245862
0.007925088920196542
0.006088883689582975
0.003802689339362345
0.0008189418935149943
-0.003337040024110642
-0.00970358720494306
-0.0203866834662818
-0.0261863642222748
-0.0005611457090208818
0.01349305737813458
0.007824105687206821
0.004762647164218945
0.003233583406887912
0.002362952071351747
0.001819899264780104
0.001458053066661358
0.001204894475666122
0.001021146679388735
0.000883986311780296
0.0007793818878120654
0.0006983031156631641
0.0006347152387240907
0.0005844566601278226
0.0005445804716711414
0.0005129524552256731
0.0004879971131059181
0.0004685325039332287
0.0004536599449329146
0.0004426887475498028
0.0004350837980581459
0.0004304284743669807
0.0004283979680508246
0.0004287398985523507
0.0004312601124111923
0.0004358122312778457
0.0004422899649068841
0.00045062151172879
0.0004607656267896944
0.0004727089675381776
0.00048646455133679
0.0005020711870987038
0.0005195938076036796
0.0005391246957886999
0.0005607856627945943
0.0005847312856318626
0.0006111533721713094
0.0006402869295149063
0.000672418003832417
0.0007078939130106255
0.0007471366091396394
0.0007906602024296092
0.0008390940933672539
0.0008932138064154333
0.0009539825659909344
0.001022608093698777
0.001100621415321988
0.001189988012319207
0.00129326775035496
0.001413849948189563
0.001556307521383764
0.001726945651143914
0.001934679580377333
0.002192492262161296
0.002519962967039198
0.00294788753402457
0.003527267414069544
0.004348205624659556
0.005583699903614494
0.007604802932484203
0.01133792318708914
0.01961614384916729
0.0419587022504201
0.05298036909105584
-0.02349164365820926
-0.02903553494412866
-0.01521591033670458
-0.00932973489781139
-0.006483313294194062
-0.004878460975448958
-0.00387097323727352
-0.003188872161350381
-0.00270083224560287
-0.002336686089123888
-0.002055922853482199
-0.001833687385188545
-0.001653966296165107
-0.001506020964668546
-0.001382405468548924
-0.001277809172567481
-0.001188351966438668
-0.001111139316292213
-0.001043972626371852
-0.0009851556380741017
-0.0009333615856732907
-0.0008875403538529339
-0.0008468525502831087
-0.0008106214114655465
-0.000778297587901833
-0.0007494333132117563
-0.0007236623139426119
-0.0007006852367586606
-0.0006802584057545114
-0.0006621849491768019
-0.0006463088291444776
-0.0006325096911889119
-0.0006206997650548815
-0.0006108218046854516
-0.000602847791203365
-0.0005967794471276847
-0.000592648942480718
-0.000590521613946454
-0.0005904996488937291
-0.0005927275079569371
-0.0005973999424273972
-0.0006047722490762956
-0.0006151750608933071
-0.0006290340362510631
-0.0006468972177887953
-0.0006694732068228932
-0.0006976848976169436
-0.0007327469422051448
-0.0007762789985713574
-0.0008304756604790237
-0.0008983675931953709
-0.0009842347653487989
-0.001094283961701856
-0.001237803088357352
-0.001429223304411336
-0.001692012280146341
-0.002066529097757847
-0.002627195084186643
-0.003523970244056994
-0.005095654866368275
-0.008241276810038094
-0.01416312746139988
-0.0008860233527273473
0
