-0.1310768784742073
-0.07139223644444927
-0.06205962888579761
-0.05682901056686212
-0.05351473290404289
-0.05117149668207354
-0.04939912114269239
-0.04799384020023734
-0.04683956078822587
-0.04586463408682799
-0.04502210217828431
-0.04427970510532329
-0.04361442016185656
-0.04300928699925977
-0.04245146850898206
-0.04193101620470698
-0.04144005602035181
-0.04097223426298895
-0.04052233296043584
-0.04008599295350908
-0.03965951295606343
-0.03923969909301225
-0.03882375267938801
-0.03840918160944919
-0.03799373132775775
-0.03757532979221618
-0.03715204239114541
-0.03672203375457816
-0.03628353487486075
-0.03583481505298629
-0.03537415512369458
-0.03489982267484742
-0.03441004807976309
-0.03390300000630728
-0.03337675982129192
-0.03282929414918466
-0.03225842459369643
-0.031661793231737
-0.03103682291172382
-0.03038067051056854
-0.02969017097477836
-0.02896176954073786
-0.02819143854308466
-0.02737457374290097
-0.02650586374967948
-0.02557912343112705
-0.02458707833181328
-0.02352108207972393
-0.02237073935014063
-0.02112339558078397
-0.01976343233512383
-0.01827127429851451
-0.01662195657423848
-0.01478300147498647
-0.01271117334188093
-0.01034733653942689
-0.007607953244940832
-0.004370286724749727
-0.0004449848854258101
0.004478859155124111
0.01095542729641192
0.02008952867906148
0.03444701190777712
0.06072008139965968
0.1003287875032152
0.1192539741070628
0.1030131547504578
0.08606051130615446
0.07551649805960922
0.06833140208860544
0.06301193521346703
0.05884255793039425
0.05544023306545804
0.0525801943499918
0.05012089224125486
0.04796814310832059
0.04605647301502391
0.04433871381202265
0.04277986440200938
0.04135329523659683
0.04003830780661929
0.03881851265547883
0.03768071748078988
0.03661414748316697
0.03560988828407455
0.03466047401816565
0.03375958168076201
0.03290180390096824
0.0320824675917126
0.03129749460974505
0.03054329888227617
0.02981668975604085
0.0291148064056356
0.02843506010427462
0.02777507838543729
0.02713267288664084
0.0265057943656847
0.02589250506390542
0.02529095058303632
0.02469932603203114
0.0241158586901669
0.02353877158436518
0.02296626219475323
0.02239646996615733
0.02182744032959889
0.02125709131272625
0.02068316061558665
0.0201031549907928
0.01951427795127932
0.01891334183194862
0.01829665490280767
0.01765986957102077
0.01699778232316096
0.01630405616391792
0.01557083539978746
0.01478819199156008
0.0139433095010241
0.0130192505141109
0.01199301594948301
0.01083237037946126
0.009490378618355239
0.007895413520477386
0.00593139821323372
0.003394571631954614
-0.0001152768494698381
-0.005543781354994004
-0.01507766569456361
-0.07493250594338266
0.12956151913809
0.01178224813307783
0.006646653057186431
0.00396438083345202
0.00270215222197848
0.001992199295809302
0.001549747006173183
0.001254060145094039
0.001046355681053172
0.0008950043531858252
0.0007816521423612361
0.000695000999347829
0.0006277604236732232
0.0005750418477444826
0.0005334616529388269
0.0005006148826967546
0.0004747535607290052
0.0004545830706426484
0.0004391294354990617
0.0004276504528481762
0.0004195749002956101
0.0004144600851886142
0.0004119617500508592
0.0004118123813002085
0.0004138054306854806
0.0004177837628256706
0.0004236311716743585
0.0004312661745352894
0.0004406375420875698
0.0004517212309736644
0.0004645184074254334
0.0004790544327518987
0.0004953787203115566
0.0005135654049487271
0.0005337148491687945
0.0005559560533765942
0.0005804500885481236
0.0006073947350728248
0.0006370306077440538
0.000669649142815755
0.000705602978522462
0.0007453194713366463
0.0007893183932106378
0.0008382352630544889
0.0008928524256252716
0.00095414094254626
0.001023317798738862
0.001101925268624289
0.001191942849332184
0.001295948297944923
0.001417354343096505
0.001560765290289995
0.001732529521136776
0.001941623447852629
0.002201119415862237
0.002530732186277353
0.002961471990542581
0.003544697648286578
0.004371147675393005
0.005615047300980369
0.007650093079911866
0.01140928722585152
0.01974547270720526
0.04223440056934706
0.05322099067500954
-0.02379570119918613
-0.0292734151317968
-0.01532912627829196
-0.009393937705991728
-0.006524599492920486
-0.004907135449181825
-0.003891878778924108
-0.003204591905896895
-0.002712875465011683
-0.002345996161181755
-0.002063120449500612
-0.001839197333020192
-0.001658088410899105
-0.001508971813943849
-0.001384344157089132
-0.001278853815118327
-0.001188590596039573
-0.001110637248934054
-0.001042777552332108
-0.00098330119021474
-0.0009308698559662827
-0.0008844236707410095
-0.0008431147159389283
-0.0008062585329531262
-0.0007732985862391609
-0.000743780177202036
-0.0007173301309097426
-0.0006936420189010966
-0.0006724647197990629
-0.0006535933513959116
-0.0006368630790391611
-0.0006221437365247568
-0.0006093364411873277
-0.0005983712112840903
-0.0005892052704506088
-0.0005818230679779659
-0.0005762363759161029
-0.0005724862263331542
-0.0005706455993986411
-0.000570823559012765
-0.0005731715683988288
-0.0005778915126728959
-0.0005852474693500887
-0.0005955813079094655
-0.0006093344067860233
-0.0006270779228691521
-0.0006495552916264213
-0.0006777433948520616
-0.000712941731680298
-0.0007569059343804026
-0.0008120524876280674
-0.0008817821265973581
-0.0009710097390325463
-0.001087067761729082
-0.00124132500438844
-0.001452262825820448
-0.001751754691268572
-0.002199073975164974
-0.002915976331964608
-0.00418952867196662
-0.006894362145152074
-0.01209436918202184
-0.1301197741150176
0
