-4.713051046410751e-07
-1.418070655307867e-06
-2.377317748756351e-06
-3.357419405957192e-06
-4.366826081085744e-06
-5.414095525774334e-06
-6.50792171536132e-06
-7.657162291287205e-06
-8.870864471863791e-06
-1.015828906154612e-05
-1.152893224785431e-05
-1.299254502950712e-05
-1.455915004844126e-05
-1.623905564211259e-05
-1.804286672352727e-05
-1.998149265519818e-05
-2.20661518033306e-05
-2.43083726004968e-05
-2.671999123739666e-05
-2.931314573064001e-05
-3.210026661221144e-05
-3.509406395029e-05
-3.830751099716343e-05
-4.175382447929783e-05
-4.544644160925154e-05
-4.939899410225145e-05
-5.362527907098644e-05
-5.813922751763106e-05
-6.295487006917778e-05
-6.808630083610708e-05
-7.354763904904651e-05
-7.935298921845062e-05
-8.551640005485025e-05
-9.205182226634107e-05
-9.897306577076864e-05
-0.0001062937566203093
-0.0001140272938075395
-0.0001221868065818883
-0.0001307851121939911
-0.0001398346748518039
-0.0001493475656836581
-0.0001593354244344889
-0.0001698094227358493
-0.0001807802295563342
-0.000192257978944572
-0.0002042522398631517
-0.0002167719890471139
-0.0002298255862846388
-0.0002434207526394558
-0.0002575645516501141
-0.0002722633734587292
-0.0002875229220512961
-0.0003033482054437134
-0.0003197435290766843
-0.000336712492077436
-0.0003542579866408087
-0.000372382200204258
-0.0003910866205168362
-0.00041037204349256
-0.0004302385835783826
-0.0004506856867616516
-0.0004717121458617146
-0.0004933161180513876
-0.000515495144666376
-0.000538246172681739
-0.0005615655781806943
-0.0005854491914524969
-0.0006098923234602277
-0.0006348897937686331
-0.0006604359595683619
-0.0006865247457552945
-0.0007131496758904703
-0.0007403039038179819
-0.0007679802459996945
-0.0007961712141780187
-0.0008248690484276076
-0.0008540657503278691
-0.0008837531163740208
-0.0009139227711120995
-0.000944566200355983
-0.0009756747840230976
-0.001007239828686216
-0.001039252599698508
-0.001071704352816101
-0.001104586365235413
-0.001137889966015482
-0.001171606565720607
-0.001205727685468987
-0.001240244984965428
-0.001275150289839942
-0.001310435618013177
-0.001346093205168012
-0.001382115529322527
-0.00141849533430961
-0.001455225652371874
-0.001492299825631265
-0.00152971152672825
-0.001567454778189113
-0.001605523970968205
-0.001643913881873322
-0.001682619689835632
-0.001721636991371953
-0.001760961814945668
-0.00180059063421363
-0.00184052038030012
-0.001880748453289488
-0.001921272732371463
-0.001962091585361384
-0.002003203877121107
-0.002044608976995189
-0.002086306765503928
-0.002128297640007055
-0.002170582519561864
-0.002213162848915644
-0.002256040601630465
-0.002299218282508515
-0.002342698929103594
-0.002386486112535202
-0.002430583937519097
-0.002474997041689464
-0.002519730594192449
-0.002564790293626929
-0.002610182365189286
-0.002655913557349537
-0.002701991137635107
-0.002748422888036019
-0.002795217099580808
-0.002842382566404581
-0.002889928579126315
-0.002937864917805209
-0.002986201844001307
-0.003034950092627774
-0.00308412086279348
-0.003133725808436241
-0.003183777028066333
-0.003234287054061472
-0.003285268841310822
-0.003336735755274271
-0.003388701559200053
-0.003441180401044001
-0.003494186799294329
-0.00354773562849204
-0.003601842103686398
-0.003656521764302566
-0.003711790457236493
-0.003767664318973737
-0.003824159756992334
-0.003881293430085581
-0.003939082227902976
-0.00399754324927576
-0.004056693779617372
-0.00411655126707725
-0.004177133297546723
-0.004238457568403652
-0.004300541860850368
-0.004363404010873134
-0.004427061878714625
-0.004491533316666307
-0.00455683613526713
-0.004622988067717645
-0.004690006732344577
-0.004757909593229702
-0.004826713918553141
-0.004896436736982721
-0.004967094791538736
-0.005038704491255066
-0.005111281860135973
-0.005184842483504633
-0.005259401451642566
-0.005334973300526909
-0.005411571949410996
-0.005489210635470366
-0.005567901845070175
-0.005647657241768083
-0.0057284875905982
-0.00581040267918657
-0.005893411234741619
-0.005977520837583778
-0.006062737830683922
-0.006149067225316616
-0.006236512602801388
-0.00632507601213991
-0.00641475786375192
-0.006505556819147587
-0.006597469676612669
-0.00669049125318142
-0.006784614262540426
-0.006879829189518871
-0.006976124160953541
-0.007073484813527035
-0.007171894158324581
-0.007271332443032168
-0.007371777011790473
-0.007473202163251584
-0.007575579007407018
-0.007678875321790159
-0.007783055407605433
-0.007888079946703345
-0.00799390586018949
-0.008100486169475977
-0.008207769861014819
-0.008315701755692644
-0.008424222384108889
-0.008533267869007174
-0.008642769816450875
-0.008752655216908099
-0.008862846358085628
-0.00897326075112051
-0.00908381107165393
-0.009194405117820673
-0.009304945786865746
-0.009415331072234637
-0.0095254540830254
-0.00963520308776356
-0.009744461584221256
-0.009853108397110236
-0.00996101780550653
-0.01006805970142982
-0.01017409978101928
-0.01027899976998941
-0.01038261768388035
-0.01048480812451647
-0.01058542261279294
-0.01068430995834212
-0.01078131666594578
-0.01087628737811835
-0.01096906535320291
-0.01105949297744188
-0.01114741230953321
-0.01123266565536736
-0.01131509617011669
-0.01139454848500319
-0.0114708693544039
-0.01154390832015196
-0.01161351838770547
-0.01167955670983153
-0.01174188527259372
-0.01180037157781244
-0.01185488931663813
-0.01190531902810756
-0.0119515487368999
-0.01199347456411127
-0.01203100130530877
-0.01206404296992688
-0.01209252327703821
-0.01211637610152078
-0.01213554586669146
-0.01214998787893886
-0.01215966860041178
-0.01216456585741926
-0.01216466898152035
-0.01215997888249178
-0.01215050805156233
-0.01213628049565615
-0.01211733160283468
-0.01209370794065922
-0.01206546698967377
-0.01203267681504161
-0.01199541567953726
-0.011953771602781
-0.01190784187015705
-0.01185773249804586
-0.01180355765937507
-0.01174543907600552
-0.01168350538368704
-0.01161789147524603
-0.01154873782828994
-0.01147618982309197
-0.01140039705642937
-0.01132151265686137
-0.01123969260678326
-0.01115509507569185
-0.01106787976973599
-0.01097820730124847
-0.01088623858194853
-0.01079213424303048
-0.01069605408485324
-0.01059815655845092
-0.01049859828071194
-0.01039753358447486
-0.01029511410450797
-0.01019148839997906
-0.0100868016133977
-0.00998119516588133
-0.00987480648848346
-0.009767768788348397
-0.009660210849037771
-0.009552256863697262
-0.009444026299558319
-0.009335633792326551
-0.009227189068791927
-0.009118796895981683
-0.0090105570546712
-0.008902564336078431
-0.00879490855939156
-0.008687674608370862
-0.00858094248544331
-0.008474787381360432
-0.008369279758765592
-0.008264485447824162
-0.00816046575289664
-0.008057277568047312
-0.007954973500525347
-0.007853602000819974
-0.007753207497689788
-0.007653830537483967
-0.007555507926643204
-0.007458272876005078
-0.007362155146625663
-0.007267181195921069
-0.007173374323417023
-0.007080754815923485
-0.006989340090962803
-0.006899144838323429
-0.006810181159201886
-0.006722458702754958
-0.006635984799078987
-0.006550764589609258
-0.006466801153252881
-0.00638409562908093
-0.006302647335159116
-0.006222453883312094
-0.006143511289877394
-0.006065814082260943
-0.005989355401484187
-0.005914127100609693
-0.005840119838932713
-0.005767323172223823
-0.005695725639093695
-0.005625314843076148
-0.005556077531123791
-0.005487999668409272
-0.005421066509125361
-0.005355262663966441
-0.00529057216401264
-0.00522697852144151
-0.005164464786670158
-0.005103013602655622
-0.005042607255933488
-0.004983227725020193
-0.004924856725726736
-0.004867475753896755
-0.004811066125663241
-0.00475560901518455
-0.004701085489878831
-0.004647476543686361
-0.004594763127791095
-0.004542926179830263
-0.004491946650487822
-0.004441805528878934
-0.004392483865742883
-0.004343962794963353
-0.0042962235538449
-0.004249247501446419
-0.004203016135674316
-0.004157511109134102
-0.004112714243393055
-0.004068607542384729
-0.004025173204259054
-0.003982393632455522
-0.003940251445763797
-0.003898729487109415
-0.003857810831635225
-0.003817478794078302
-0.003777716934983535
-0.003738509066331664
-0.003699839256564244
-0.003661691834785418
-0.00362405139426276
-0.003586902795659206
-0.003550231169253377
-0.003514021917107479
-0.003478260714379362
-0.003442933510446678
-0.003408026529351946
-0.003373526270215748
-0.003339419506908114
-0.003305693287594275
-0.003272334933924273
-0.003239332039979346
-0.003206672470749152
-0.003174344360777377
-0.003142336112000098
-0.003110636391932079
-0.003079234131275841
-0.003048118521561718
-0.003017279012565835
-0.002986705309564051
-0.002956387370431037
-0.002926315402734339
-0.002896479860660154
-0.002866871441720834
-0.002837481083567437
-0.002808299960745578
-0.002779319481070155
-0.00275053128235424
-0.002721927228878371
-0.002693499407754657
-0.002665240125454166
-0.002637141904156246
-0.00260919747815004
-0.002581399790198734
-0.002553741987856274
-0.002526217419963633
-0.002498819632781937
-0.002471542366574768
-0.002444379551912412
-0.002417325306027309
-0.002390373929243985
-0.002363519901439014
-0.002336757878450452
-0.002310082688666424
-0.002283489329388005
-0.002256972963451951
-0.002230528915826097
-0.002204152670194038
-0.00217783986559348
-0.002151586293130063
-0.002125387892660773
-0.002099240749628458
-0.002073141091825214
-0.002047085286182583
-0.002021069835814443
-0.001995091376873897
-0.001969146675513862
-0.001943232624861758
-0.001917346242279979
-0.00189148466635359
-0.001865645154008365
-0.001839825077806969
-0.001814021923179837
-0.001788233285773981
-0.001762456868627336
-0.001736690479787968
-0.001710932029583131
-0.001685179528146299
-0.001659431082982208
-0.001633684896491121
-0.001607939263515317
-0.00158219256919407
-0.00155644328635575
-0.001530689973631628
-0.001504931272828316
-0.001479165907095945
-0.001453392678556678
-0.001427610466321061
-0.00140181822440822
-0.001376014979651051
-0.001350199829814115
-0.001324371941585567
-0.001298530548601864
-0.001272674949790401
-0.001246804507263514
-0.00122091864455071
-0.00119501684512256
-0.001169098650190698
-0.001143163657337809
-0.001117211518715221
-0.001091241939322491
-0.001065254675621581
-0.001039249533653912
-0.001013226367622271
-0.0009871850783645855
-0.0009611256118772994
-0.0009350479576967679
-0.0009089521475795584
-0.0008828382539940573
-0.0008567063887086516
-0.0008305567014318049
-0.00080438937843863
-0.0007782046412568172
-0.0007520027452915744
-0.0007257839784956645
-0.0006995486602548277
-0.0006732971398897658
-0.0006470297955882016
-0.0006207470331035022
-0.0005944492845914279
-0.0005681370072241124
-0.000541810682377168
-0.0005154708140959841
-0.0004891179280569735
-0.0004627525706206339
-0.0004363753074767575
-0.0004099867224829783
-0.0003835874168494852
-0.0003571780078062729
-0.0003307591275614083
-0.0003043314222385433
-0.0002778955508902911
-0.0002514521842797908
-0.0002250020040491868
-0.0001985457014111286
-0.0001720839763728331
-0.0001456175364719606
-0.0001191470959472194
-9.267337456387041e-05
-6.619709664532081e-05
-3.971899017105377e-05
-1.323978547292971e-05
1.323978547292348e-05
3.971899017107122e-05
6.619709664531609e-05
9.267337456387968e-05
0.000119147095947259
0.0001456175364719236
0.0001720839763728445
0.0001985457014110902
0.0002250020040491495
0.0002514521842798253
0.0002778955508902632
0.0003043314222385116
0.0003307591275614305
0.0003571780078062976
0.0003835874168494869
0.0004099867224830053
0.0004363753074767376
0.0004627525706205818
0.000489117928056983
0.0005154708140959743
0.0005418106823771408
0.0005681370072240399
0.0005944492845913815
0.0006207470331035263
0.0006470297955882366
0.0006732971398897572
0.0006995486602548658
0.0007257839784956179
0.0007520027452915621
0.0007782046412568109
0.0008043893784386193
0.0008305567014318156
0.0008567063887086183
0.0008828382539941042
0.0009089521475795759
0.0009350479576967732
0.0009611256118772908
0.0009871850783645911
0.001013226367622256
0.001039249533653904
0.001065254675621603
0.001091241939322508
0.001117211518715189
0.001143163657337822
0.00116909865019074
0.001195016845122547
0.001220918644550715
0.00124680450726358
0.001272674949790391
0.001298530548601845
0.001324371941585575
0.001350199829814118
0.001376014979651056
0.001401818224408218
0.001427610466321066
0.001453392678556726
0.001479165907095954
0.001504931272828317
0.001530689973631636
0.001556443286355804
0.001582192569194098
0.001607939263515342
0.001633684896491114
0.001659431082982151
0.00168517952814632
0.001710932029583149
0.001736690479787951
0.00176245686862729
0.001788233285773968
0.001814021923179834
0.001839825077807033
0.001865645154008369
0.001891484666353595
0.001917346242279982
0.001943232624861757
0.001969146675513853
0.001995091376873895
0.002021069835814432
0.002047085286182591
0.002073141091825209
0.002099240749628464
0.002125387892660747
0.002151586293130032
0.002177839865593472
0.002204152670194095
0.002230528915826064
0.002256972963451928
0.002283489329387989
0.002310082688666427
0.002336757878450394
0.00236351990143903
0.00239037392924398
0.002417325306027285
0.002444379551912416
0.002471542366574776
0.002498819632781951
0.002526217419963633
0.002553741987856212
0.002581399790198717
0.002609197478150074
0.002637141904156272
0.002665240125454172
0.002693499407754626
0.002721927228878346
0.002750531282354206
0.002779319481070145
0.00280829996074555
0.002837481083567464
0.00286687144172079
0.002896479860660159
0.00292631540273434
0.002956387370431037
0.002986705309564052
0.003017279012565783
0.003048118521561696
0.003079234131275847
0.003110636391932081
0.003142336112000113
0.003174344360777371
0.003206672470749128
0.003239332039979359
0.003272334933924264
0.003305693287594267
0.003339419506908071
0.003373526270215723
0.003408026529351938
0.003442933510446634
0.003478260714379374
0.003514021917107453
0.003550231169253375
0.003586902795659202
0.003624051394262805
0.003661691834785403
0.003699839256564226
0.003738509066331651
0.00377771693498353
0.003817478794078301
0.003857810831635205
0.003898729487109381
0.003940251445763791
0.003982393632455523
0.004025173204259059
0.004068607542384778
0.004112714243393063
0.004157511109134072
0.004203016135674283
0.004249247501446427
0.004296223553844869
0.00434396279496333
0.004392483865742879
0.004441805528878941
0.004491946650487843
0.004542926179830266
0.00459476312779106
0.004647476543686356
0.004701085489878847
0.004755609015184578
0.004811066125663236
0.00486747575389673
0.004924856725726763
0.00498322772502021
0.00504260725593348
0.005103013602655615
0.005164464786670177
0.005226978521441475
0.005290572164012665
0.005355262663966411
0.005421066509125346
0.005487999668409257
0.005556077531123772
0.005625314843076165
0.005695725639093709
0.005767323172223823
0.005840119838932741
0.005914127100609708
0.005989355401484188
0.006065814082260919
0.006143511289877415
0.006222453883312047
0.006302647335159117
0.006384095629080913
0.006466801153252869
0.006550764589609262
0.006635984799078978
0.006722458702754945
0.006810181159201886
0.006899144838323431
0.006989340090962826
0.007080754815923509
0.007173374323417021
0.007267181195921067
0.007362155146625617
0.007458272876005059
0.00755550792664324
0.007653830537483962
0.007753207497689775
0.007853602000819998
0.00795497350052532
0.008057277568047336
0.008160465752896653
0.008264485447824174
0.008369279758765622
0.008474787381360453
0.008580942485443284
0.008687674608370846
0.008794908559391515
0.008902564336078438
0.009010557054671228
0.009118796895981694
0.009227189068791941
0.009335633792326534
0.009444026299558284
0.009552256863697236
0.009660210849037794
0.009767768788348391
0.009874806488483504
0.009981195165881321
0.01008680161339768
0.01019148839997908
0.010295114104508
0.01039753358447489
0.01049859828071195
0.01059815655845092
0.01069605408485324
0.01079213424303047
0.01088623858194851
0.01097820730124846
0.01106787976973598
0.01115509507569182
0.01123969260678329
0.01132151265686136
0.01140039705642936
0.01147618982309198
0.01154873782828993
0.01161789147524601
0.01168350538368706
0.01174543907600552
0.01180355765937508
0.01185773249804582
0.01190784187015707
0.01195377160278101
0.0119954156795373
0.01203267681504159
0.01206546698967381
0.0120937079406592
0.01211733160283472
0.01213628049565614
0.01215050805156233
0.01215997888249176
0.01216466898152034
0.01216456585741927
0.01215966860041177
0.01214998787893888
0.01213554586669147
0.01211637610152077
0.01209252327703823
0.01206404296992689
0.01203100130530878
0.01199347456411129
0.01195154873689991
0.01190531902810756
0.01185488931663814
0.01180037157781246
0.01174188527259376
0.01167955670983152
0.01161351838770549
0.01154390832015198
0.01147086935440393
0.01139454848500321
0.01131509617011669
0.01123266565536737
0.01114741230953323
0.0110594929774419
0.01096906535320297
0.01087628737811835
0.01078131666594577
0.01068430995834215
0.01058542261279297
0.01048480812451653
0.01038261768388034
0.01027899976998943
0.01017409978101932
0.01006805970142986
0.009961017805506525
0.009853108397110207
0.009744461584221296
0.009635203087763581
0.009525454083025433
0.009415331072234655
0.009304945786865769
0.009194405117820664
0.009083811071653982
0.008973260751120499
0.008862846358085659
0.008752655216908123
0.008642769816450872
0.008533267869007174
0.008424222384108912
0.008315701755692614
0.008207769861014848
0.008100486169476017
0.007993905860189512
0.007888079946703375
0.007783055407605435
0.007678875321790148
0.007575579007407007
0.007473202163251597
0.007371777011790493
0.007271332443032163
0.0071718941583246
0.007073484813527029
0.006976124160953535
0.006879829189518869
0.006784614262540463
0.006690491253181455
0.006597469676612681
0.006505556819147549
0.006414757863751932
0.006325076012139932
0.006236512602801397
0.006149067225316609
0.006062737830683931
0.005977520837583781
0.005893411234741631
0.005810402679186602
0.005728487590598173
0.005647657241768089
0.0055679018450702
0.005489210635470378
0.005411571949410989
0.005334973300526897
0.005259401451642555
0.005184842483504653
0.005111281860135981
0.005038704491255125
0.004967094791538751
0.004896436736982695
0.004826713918553167
0.004757909593229709
0.004690006732344587
0.00462298806771764
0.004556836135267116
0.004491533316666296
0.004427061878714612
0.004363404010873115
0.004300541860850337
0.004238457568403674
0.004177133297546743
0.004116551267077261
0.004056693779617399
0.003997543249275765
0.003939082227902977
0.003881293430085599
0.003824159756992316
0.003767664318973764
0.003711790457236503
0.003656521764302552
0.003601842103686391
0.003547735628492018
0.003494186799294315
0.003441180401043972
0.003388701559200055
0.003336735755274277
0.003285268841310819
0.003234287054061475
0.003183777028066318
0.003133725808436239
0.003084120862793486
0.003034950092627768
0.002986201844001301
0.002937864917805188
0.002889928579126313
0.002842382566404584
0.002795217099580832
0.002748422888036024
0.002701991137635076
0.002655913557349541
0.002610182365189295
0.002564790293626927
0.002519730594192486
0.002474997041689462
0.002430583937519103
0.002386486112535215
0.002342698929103587
0.002299218282508471
0.002256040601630475
0.002213162848915647
0.002170582519561884
0.002128297640007054
0.002086306765503929
0.002044608976995215
0.002003203877121115
0.00196209158536139
0.001921272732371478
0.001880748453289479
0.00184052038030012
0.00180059063421366
0.001760961814945697
0.001721636991372008
0.001682619689835636
0.001643913881873327
0.001605523970968205
0.001567454778189111
0.001529711526728241
0.001492299825631261
0.001455225652371866
0.001418495334309584
0.001382115529322539
0.001346093205167998
0.001310435618013162
0.001275150289839952
0.001240244984965446
0.00120572768546896
0.001171606565720613
0.001137889966015477
0.001104586365235405
0.001071704352816107
0.001039252599698516
0.001007239828686223
0.0009756747840231293
0.0009445662003560147
0.0009139227711121294
0.0008837531163740336
0.0008540657503278936
0.0008248690484276217
0.0007961712141780456
0.0007679802459997181
0.0007403039038179609
0.0007131496758904505
0.0006865247457552611
0.000660435959568371
0.0006348897937686053
0.0006098923234602385
0.0005854491914524926
0.0005615655781806813
0.0005382461726817491
0.0005154951446663502
0.0004933161180513872
0.0004717121458617417
0.0004506856867616527
0.0004302385835783891
0.0004103720434925923
0.0003910866205168125
0.0003723822002042426
0.0003542579866407888
0.0003367124920774208
0.0003197435290766631
0.0003033482054437095
0.0002875229220512801
0.000272263373458731
0.000257564551650108
0.0002434207526394528
0.000229825586284654
0.0002167719890471555
0.0002042522398631361
0.0001922579789445599
0.0001807802295563433
0.0001698094227358519
0.0001593354244344806
0.0001493475656836676
0.0001398346748517892
0.0001307851121939746
0.0001221868065818987
0.0001140272938076011
0.0001062937566203288
9.897306577078555e-05
9.20518222663454e-05
8.551640005485849e-05
7.935298921843805e-05
7.354763904905042e-05
6.8086300836124e-05
6.295487006921551e-05
5.813922751765231e-05
5.362527907099013e-05
4.939899410228766e-05
4.544644160925631e-05
4.175382447929154e-05
3.830751099719834e-05
3.509406395029368e-05
3.210026661225242e-05
2.931314573065866e-05
2.671999123740978e-05
2.43083726004981e-05
2.206615180334512e-05
1.998149265516078e-05
1.804286672352933e-05
1.62390556421051e-05
1.455915004843904e-05
1.299254502949053e-05
1.152893224786334e-05
1.01582890615539e-05
8.870864471914532e-06
7.657162291320747e-06
6.507921715344467e-06
5.414095525788898e-06
4.366826081105151e-06
3.357419405938942e-06
2.377317748779082e-06
1.418070655333552e-06
4.713051046425354e-07
-9.438445021017609e-07
-9.521754672335981e-07
-9.688411274541e-07
-9.939359289672708e-07
-1.02748762983678e-06
-1.069705821501641e-06
-1.120722430651613e-06
-1.180653392309047e-06
-1.249735642785201e-06
-1.32822086002711e-06
-1.416365620793801e-06
-1.514343560018582e-06
-1.622492123757448e-06
-1.741159535718551e-06
-1.870523939994422e-06
-2.011015203770051e-06
-2.162903861108799e-06
-2.326426576654253e-06
-2.501940951824374e-06
-2.689762448107824e-06
-2.890201842632582e-06
-3.103466450745068e-06
-3.329864228050853e-06
-3.569572595478525e-06
-3.822849079027416e-06
-4.089855356328255e-06
-4.370713439216518e-06
-4.665609608827417e-06
-4.974566959802033e-06
-5.297643441862048e-06
-5.634865879176404e-06
-5.986165291591564e-06
-6.351491228191215e-06
-6.730688050248759e-06
-7.123661453858475e-06
-7.530141338918492e-06
-7.949922088080602e-06
-8.38267597123358e-06
-8.828065656822729e-06
-9.285784554737444e-06
-9.755371454260055e-06
-1.023637947740923e-05
-1.07282753965885e-05
-1.123062628391639e-05
-1.174284828366543e-05
-1.226433920667008e-05
-1.279449869052814e-05
-1.33327395518654e-05
-1.387834465765863e-05
-1.443067708186145e-05
-1.498909285071765e-05
-1.555286482666666e-05
-1.612131240008932e-05
-1.669366328433673e-05
-1.726931409304844e-05
-1.784750758846108e-05
-1.842747620493762e-05
-1.900864035979996e-05
-1.959025907269795e-05
-2.01716358055942e-05
-2.075215822230228e-05
-2.133109301440068e-05
-2.190794087439777e-05
-2.248199393435335e-05
-2.305268829715349e-05
-2.361947835280414e-05
-2.418184073917311e-05
-2.473927083086351e-05
-2.529127474956663e-05
-2.583739816005605e-05
-2.637728065831466e-05
-2.69104301899653e-05
-2.743656042133259e-05
-2.795536095596447e-05
-2.846653917915702e-05
-2.896980641325684e-05
-2.946497424353167e-05
-2.995182792185926e-05
-3.043021802430295e-05
-3.090005752345867e-05
-3.136119991261992e-05
-3.181362462640659e-05
-3.225731777672583e-05
-3.269224763319102e-05
-3.311846281744995e-05
-3.353604302750026e-05
-3.39450402196864e-05
-3.434566348598945e-05
-3.473802982580256e-05
-3.512228971172611e-05
-3.549864032082684e-05
-3.586736988637338e-05
-3.622869225009724e-05
-3.658290841853892e-05
-3.693024999266081e-05
-3.727115329758783e-05
-3.76058294483935e-05
-3.793476888891065e-05
-3.825828203820008e-05
-3.857673857922154e-05
-3.889054685365733e-05
-3.920022170957114e-05
-3.950614402336926e-05
-3.980869989411579e-05
-4.01084979908754e-05
-4.04058838281272e-05
-4.070138386433432e-05
-4.099553321987665e-05
-4.128877215441568e-05
-4.158162654157984e-05
-4.187463478011065e-05
-4.216834382945135e-05
-4.246316514558857e-05
-4.275971340757278e-05
-4.305847909033172e-05
-4.336005800250606e-05
-4.366494332877309e-05
-4.397364574170735e-05
-4.428672933907899e-05
-4.460473205783066e-05
-4.492819714415759e-05
-4.525756518375194e-05
-4.559347852840129e-05
-4.593637806021096e-05
-4.628681120637072e-05
-4.664529957677604e-05
-4.701236347633822e-05
-4.738842778197856e-05
-4.777406799302219e-05
-4.816968123661598e-05
-4.857589818761586e-05
-4.899300337897516e-05
-4.942156937073419e-05
-4.986204638339289e-05
-5.031484927502745e-05
-5.078035640895996e-05
-5.125913494006759e-05
-5.175139908973996e-05
-5.225769570045753e-05
-5.277826997168145e-05
-5.331358448040226e-05
-5.386397639258605e-05
-5.442973091073199e-05
-5.501124333130315e-05
-5.560871337220843e-05
-5.622247736718428e-05
-5.685278895017904e-05
-5.749989509528495e-05
-5.816400662629219e-05
-5.884535191429851e-05
-5.954407324381956e-05
-6.026029931204249e-05
-6.099422036535249e-05
-6.174587489475667e-05
-6.251537965141129e-05
-6.330274851214685e-05
-6.41079916305672e-05
-6.493104872114979e-05
-6.577190399068631e-05
-6.663045849329268e-05
-6.750663017350206e-05
-6.840015181523307e-05
-6.931083632221855e-05
-7.023839302486013e-05
-7.11826108265433e-05
-7.21430649233578e-05
-7.311930108472517e-05
-7.41109218646585e-05
-7.51173857960795e-05
-7.613808259281245e-05
-7.717235763612826e-05
-7.82195408498566e-05
-7.927885073027824e-05
-8.034933656846505e-05
-8.143018531031005e-05
-8.252029867272895e-05
-8.361857268425992e-05
-8.472382972919427e-05
-8.583475266163846e-05
-8.695004097851865e-05
-8.80681286738055e-05
-8.918749408408465e-05
-9.030643906297757e-05
-9.142306913846402e-05
-9.253559662295795e-05
-9.364186965016128e-05
-9.473977486407429e-05
-9.582694848661907e-05
-9.690108387428784e-05
-9.795955818948013e-05
-9.899963222738403e-05
-0.0001000185492050187
-0.0001010132616654482
-0.0001019806844349251
-0.0001029175522370965
-0.0001038205004198696
-0.0001046859180631449
-0.0001055101553645044
-0.0001062893335234071
-0.0001070195080007164
-0.000107696543037045
-0.0001083162800936153
-0.0001088742623122975
-0.0001093661072594655
-0.0001097872599872184
-0.000110132944896879
-0.0001103985463196457
-0.0001105791794732227
-0.0001106699436705999
-0.0001106659960537457
-0.0001105624771249291
-0.0001103543504632049
-0.0001100368630275425
-0.0001096051883732386
-0.0001090545159943421
-0.0001083802928909282
-0.0001075780867172493
-0.0001066434655210486
-0.0001055724461450594
-0.0001043611193670702
-0.0001030059605736045
-0.0001015037322914227
-9.985143396858914e-05
-9.804662027717862e-05
-9.608712853123506e-05
-9.397146732270234e-05
-9.169838861317157e-05
-8.926729287015521e-05
-8.667820771780061e-05
-8.393155917085123e-05
-8.102865684660945e-05
-7.797109439356298e-05
-7.476152870876669e-05
-7.140299384627937e-05
-6.789929580629052e-05
-6.425495547361845e-05
-6.047512487352043e-05
-5.656566981244264e-05
-5.253310941718634e-05
-4.838467338427724e-05
-4.412810619661852e-05
-3.977186134969759e-05
-3.532471460596821e-05
-3.079640070669321e-05
-2.61967857466242e-05
-2.15361321676289e-05
-1.682532047504493e-05
-1.207525157125301e-05
-7.297336688789236e-06
-2.502911176291876e-06
2.296367076430761e-06
7.088954746625813e-06
1.186328914240831e-05
1.660781155721565e-05
2.131129291365479e-05
2.596270451976427e-05
3.055115945912101e-05
3.506643513177484e-05
3.949826728201365e-05
4.383743210045446e-05
4.807471018585357e-05
5.220168230945588e-05
5.621055554323685e-05
6.009398548067812e-05
6.384544797775943e-05
6.745902213525501e-05
7.092943621277587e-05
7.425214792871124e-05
7.742326374964508e-05
8.043949942663004e-05
8.329845846359143e-05
8.599828352235755e-05
8.853776281752611e-05
9.091618316953523e-05
9.313358275299821e-05
9.519058103143266e-05
9.708828029288287e-05
9.88282418018496e-05
0.0001004125174393635
0.0001018436175250439
0.0001031244928144367
0.0001042582539284116
0.0001052486853211396
0.0001060994559113088
0.0001068148472819656
0.000107399021602409
0.0001078566717084614
0.0001081923548224287
0.0001084108910280174
0.0001085171771510306
0.000108516013534755
0.0001084125713471836
0.0001082118280321668
0.0001079186274516918
0.0001075380623344443
0.0001070750718411134
0.0001065344265170667
0.0001059208038091912
0.0001052390778579122
0.0001044937532740529
0.0001036893093109588
0.0001028301359659351
0.0001019203455201221
0.0001009641387265193
9.996549389383719e-05
9.892809919806751e-05
9.785571671955646e-05
9.675181994209241e-05
9.561982375533068e-05
9.446304038316581e-05
9.328443001729744e-05
9.208696788111061e-05
9.087344110732248e-05
8.9646614389585e-05
8.8408784716696e-05
8.716265467179196e-05
8.591022472083574e-05
8.465366101374357e-05
8.339507018947212e-05
8.213629504371757e-05
8.087906981296228e-05
7.962496862639469e-05
7.837569037693804e-05
7.7132595965207e-05
7.589700427232546e-05
7.467021548404318e-05
7.345338187608943e-05
7.224737667526308e-05
7.105337140834593e-05
6.987235177128408e-05
6.870484141734498e-05
6.755183388703907e-05
6.641385292152336e-05
6.529168501390744e-05
6.418564385193857e-05
6.309638453245717e-05
6.202430596539282e-05
6.09698039066184e-05
5.993316751400758e-05
5.891465527830132e-05
5.791464000401419e-05
5.693334073213061e-05
5.597060147759787e-05
5.502684124552011e-05
5.410201296951364e-05
5.319637485120075e-05
5.230963280921454e-05
5.144212133304031e-05
5.059365275413013e-05
4.976405413541671e-05
4.895351804557459e-05
4.81617689117778e-05
4.738862714463425e-05
4.663422119914655e-05
4.589818185859276e-05
4.518051449231541e-05
4.448077327044138e-05
4.379903858718739e-05
4.31351181558659e-05
4.248859479621841e-05
4.185935093714609e-05
4.124721267026468e-05
4.065185765101013e-05
4.007299682261362e-05
3.951057207335511e-05
3.89642427082946e-05
3.843369369575453e-05
3.79187258055306e-05
3.741896432264295e-05
3.693423732743816e-05
3.646427700088295e-05
3.600875813129358e-05
3.556751169431482e-05
3.514014909545573e-05
3.472640053529016e-05
3.432605545040781e-05
3.39388047488459e-05
3.356434606263782e-05
3.320252118193893e-05
3.285296805165279e-05
3.251528268627646e-05
3.218948430171535e-05
3.187502644951493e-05
3.157188370036622e-05
3.12796922981808e-05
3.09981887540363e-05
3.072702210612934e-05
3.046612669665716e-05
3.021522047366321e-05
2.997378984180922e-05
2.974189471936427e-05
2.951922621296527e-05
2.930538092919451e-05
2.910034088738741e-05
2.890388992093041e-05
2.871549193719439e-05
2.853525508082147e-05
2.836275653619757e-05
2.819790775744774e-05
2.804035064815105e-05
2.789000038448597e-05
2.774668600498595e-05
2.761000046245757e-05
2.748002046133364e-05
2.73562805847276e-05
2.723876294150704e-05
2.712711016556194e-05
2.702143041613731e-05
2.692120072128162e-05
2.682657966675675e-05
2.673706511077433e-05
2.665269249970247e-05
2.6573349135209e-05
2.649864172095494e-05
2.642854559488393e-05
2.636287799767769e-05
2.630153591970072e-05
2.624432995558553e-05
2.619109959846369e-05
2.614165039932872e-05
2.609607264282842e-05
2.605391284733969e-05
2.601531066607107e-05
2.597987526197607e-05
2.594769463611576e-05
2.591855023495608e-05
2.589231043702699e-05
2.5868892649556e-05
2.584805223709563e-05
2.582990606386634e-05
2.581418775179378e-05
2.580083705853373e-05
2.578982238003833e-05
2.578078899233767e-05
2.577382090165265e-05
2.576881919473695e-05
2.576566331398047e-05
2.576436456160035e-05
2.576460056154427e-05
2.576644340340322e-05
2.576982547543721e-05
2.577449969473839e-05
2.578054613228747e-05
2.578784776072245e-05
2.579632095527261e-05
2.580576386178173e-05
2.581634719258758e-05
2.58277276803903e-05
2.584010615753014e-05
2.585329048492456e-05
2.586720366977869e-05
2.588167094299607e-05
2.58968663267891e-05
2.591256483604534e-05
2.592874027754121e-05
2.594534915381667e-05
2.596234520521522e-05
2.597972488824793e-05
2.599729167231072e-05
2.601505802723829e-05
2.603306662131225e-05
2.605114472025624e-05
2.606935004603725e-05
2.608752799691652e-05
2.610568947612362e-05
2.612387428543747e-05
2.614189431127061e-05
2.615986760724433e-05
2.617762934331478e-05
2.61951205479097e-05
2.621239125190201e-05
2.622947773831693e-05
2.624617729901624e-05
2.626268052939384e-05
2.627863905039185e-05
2.629431804073003e-05
2.63094350392266e-05
2.632417939537922e-05
2.633852745896704e-05
2.635230179509499e-05
2.636557893295889e-05
2.637840579439331e-05
2.639051864298186e-05
2.640220078059073e-05
2.641327915741491e-05
2.642364441038538e-05
2.643344615132222e-05
2.644259371385316e-05
2.645112268514054e-05
2.645904276390267e-05
2.646611336945757e-05
2.647257002055806e-05
2.647841801444264e-05
2.648342601138421e-05
2.648781116754758e-05
2.649140164642355e-05
2.649435961475951e-05
2.649657760125602e-05
2.649799291667317e-05
2.649881300554763e-05
2.649881300539318e-05
2.649799291781412e-05
2.649657760095476e-05
2.649435961516411e-05
2.649140164486342e-05
2.648781116801986e-05
2.648342601062047e-05
2.647841801405661e-05
2.647257002068342e-05
2.64661133682761e-05
2.645904276484269e-05
2.645112268551024e-05
2.644259371356249e-05
2.643344615148352e-05
2.642364440961283e-05
2.641327915798718e-05
2.640220077971348e-05
2.639051864357174e-05
2.63784057937552e-05
2.636557893249626e-05
2.635230179480899e-05
2.633852745888048e-05
2.63241793951361e-05
2.630943503877288e-05
2.629431804013987e-05
2.627863905169826e-05
2.626268052909411e-05
2.624617729924386e-05
2.622947773746997e-05
2.621239125224288e-05
2.619512054770167e-05
2.617762934409012e-05
2.615986760701984e-05
2.61418943113418e-05
2.612387428639483e-05
2.610568947516546e-05
2.608752799643922e-05
2.606935004649142e-05
2.605114472051201e-05
2.603306662234803e-05
2.601505802805735e-05
2.599729167134138e-05
2.597972488978835e-05
2.596234520554435e-05
2.594534915386283e-05
2.592874027661205e-05
2.591256483687239e-05
2.58968663278347e-05
2.588167094141734e-05
2.586720366959485e-05
2.585329048384748e-05
2.584010615775131e-05
2.582772767996217e-05
2.58163471941955e-05
2.580576386214727e-05
2.579632095569083e-05
2.578784776096535e-05
2.578054613194804e-05
2.577449969488038e-05
2.576982547625585e-05
2.576644340214339e-05
2.576460056281324e-05
2.576436456210845e-05
2.576566331283333e-05
2.576881919425791e-05
2.577382090216778e-05
2.578078899158885e-05
2.578982238151711e-05
2.580083705681797e-05
2.581418775252534e-05
2.58299060637173e-05
2.584805223692099e-05
2.586889264946993e-05
2.589231043641012e-05
2.591855023542114e-05
2.594769463630349e-05
2.597987526211962e-05
2.601531066617794e-05
2.60539128466081e-05
2.609607264317123e-05
2.614165040044013e-05
2.619109959854141e-05
2.624432995570743e-05
2.630153591983721e-05
2.636287799712568e-05
2.642854559515908e-05
2.649864171987988e-05
2.657334913601362e-05
2.665269249993374e-05
2.673706511002452e-05
2.682657966736338e-05
2.692120072023637e-05
2.702143041668963e-05
2.712711016509107e-05
2.72387629421891e-05
2.735628058595754e-05
2.748002046001619e-05
2.761000046410088e-05
2.774668600624006e-05
2.789000038525647e-05
2.804035064765122e-05
2.81979077552306e-05
2.83627565378414e-05
2.853525508071834e-05
2.871549193638841e-05
2.890388992046529e-05
2.910034088876011e-05
2.930538093042976e-05
2.951922621354658e-05
2.974189472036075e-05
2.997378984074883e-05
3.021522047492789e-05
3.046612669593917e-05
3.072702210580459e-05
3.099818875418927e-05
3.127969229865052e-05
3.157188369964396e-05
3.187502645017957e-05
3.218948430144517e-05
3.251528268656336e-05
3.285296805215332e-05
3.320252118172179e-05
3.356434606346458e-05
3.393880474858664e-05
3.432605545014478e-05
3.472640053645964e-05
3.514014909412064e-05
3.556751169471964e-05
3.600875813120316e-05
3.646427700145133e-05
3.693423732748241e-05
3.741896432173889e-05
3.791872580567721e-05
3.843369369587894e-05
3.896424270897151e-05
3.951057207385914e-05
4.007299682260693e-05
4.065185765044485e-05
4.124721267011353e-05
4.185935093701532e-05
4.248859479562287e-05
4.313511815674535e-05
4.379903858646213e-05
4.448077326978439e-05
4.518051449265395e-05
4.589818185869054e-05
4.663422119898974e-05
4.738862714545658e-05
4.816176891256646e-05
4.895351804664416e-05
4.976405413473648e-05
5.059365275552512e-05
5.144212133228469e-05
5.230963280795338e-05
5.31963748509968e-05
5.410201296951418e-05
5.502684124540308e-05
5.597060147808559e-05
5.693334073197057e-05
5.791464000417918e-05
5.891465527728945e-05
5.993316751489711e-05
6.096980390540684e-05
6.202430596573033e-05
6.309638453259338e-05
6.418564385146681e-05
6.529168501464511e-05
6.641385292162656e-05
6.755183388510446e-05
6.870484141668218e-05
6.98723517711213e-05
7.105337141074211e-05
7.224737667483217e-05
7.345338187618859e-05
7.467021548293332e-05
7.589700427297182e-05
7.713259596659678e-05
7.83756903765461e-05
7.962496862576759e-05
8.087906981341192e-05
8.21362950442232e-05
8.33950701889729e-05
8.465366101416097e-05
8.591022471982927e-05
8.716265467114458e-05
8.840878471783864e-05
8.964661438899826e-05
9.087344110627693e-05
9.208696788273664e-05
9.328443001541841e-05
9.446304038372342e-05
9.561982375623295e-05
9.675181994162168e-05
9.785571671974961e-05
9.892809919805809e-05
9.996549389336438e-05
0.0001009641387266715
0.0001019203455208211
0.0001028301359654869
0.0001036893093115351
0.000104493753274316
0.0001052390778581252
0.0001059208038093067
0.0001065344265168387
0.0001070750718404797
0.0001075380623342547
0.0001079186274518433
0.0001082118280318365
0.0001084125713469113
0.0001085160135338771
0.0001085171771501064
0.000108410891028656
0.0001081923548221308
0.0001078566717087238
0.0001073990216012953
0.0001068148472823278
0.0001060994559108688
0.0001052486853207134
0.0001042582539285128
0.0001031244928153994
0.0001018436175246385
0.0001004125174403444
9.882824180086984e-05
9.708828029186894e-05
9.519058103115812e-05
9.313358275416954e-05
9.091618316929457e-05
8.853776281754105e-05
8.599828352311305e-05
8.32984584649333e-05
8.043949942566251e-05
7.742326375103964e-05
7.425214792816698e-05
7.092943621369105e-05
6.745902213525174e-05
6.384544797832523e-05
6.009398547886867e-05
5.621055554344773e-05
5.220168231013688e-05
4.807471018619609e-05
4.383743210169138e-05
3.949826728193983e-05
3.506643513159707e-05
3.055115945855586e-05
2.59627045199981e-05
2.131129291373959e-05
1.660781155655404e-05
1.186328914363969e-05
7.088954745333544e-06
2.296367077538586e-06
-2.50291117670309e-06
-7.297336688611515e-06
-1.207525157224883e-05
-1.682532047558176e-05
-2.153613216745377e-05
-2.61967857470415e-05
-3.07964007064199e-05
-3.532471460587732e-05
-3.977186134950243e-05
-4.412810619716189e-05
-4.838467338468755e-05
-5.253310941765603e-05
-5.656566981120847e-05
-6.047512487374838e-05
-6.42549554732085e-05
-6.789929580601904e-05
-7.140299384679877e-05
-7.476152870925162e-05
-7.797109439354924e-05
-8.102865684586506e-05
-8.393155917135181e-05
-8.667820771832666e-05
-8.926729286994871e-05
-9.169838861270804e-05
-9.397146732262945e-05
-9.608712853171407e-05
-9.804662027767696e-05
-9.985143396841554e-05
-0.0001015037322912978
-0.0001030059605736545
-0.0001043611193675929
-0.0001055724461439069
-0.000106643465521895
-0.0001075780867173589
-0.0001083802928912053
-0.000109054515994134
-0.000109605188372991
-0.0001100368630273838
-0.0001103543504632503
-0.0001105624771253625
-0.0001106659960536412
-0.0001106699436707475
-0.0001105791794729381
-0.0001103985463203688
-0.0001101329448961793
-0.0001097872599873623
-0.0001093661072587161
-0.0001088742623118225
-0.0001083162800939145
-0.0001076965430369999
-0.000107019508000853
-0.0001062893335235278
-0.0001055101553639
-0.0001046859180632065
-0.0001038205004201344
-0.0001029175522362227
-0.0001019806844354027
-0.000101013261665159
-0.000100018549204653
-9.899963222775712e-05
-9.795955818953561e-05
-9.690108387430859e-05
-9.582694848652267e-05
-9.473977486392703e-05
-9.364186965105255e-05
-9.253559662325893e-05
-9.14230691374738e-05
-9.030643906348532e-05
-8.91874940838269e-05
-8.806812867366386e-05
-8.695004097881429e-05
-8.583475266144149e-05
-8.472382972859945e-05
-8.361857268382472e-05
-8.252029867363997e-05
-8.143018531013709e-05
-8.034933656750787e-05
-7.927885073066602e-05
-7.821954084980631e-05
-7.717235763593364e-05
-7.613808259356963e-05
-7.511738579600465e-05
-7.411092186499543e-05
-7.311930108467148e-05
-7.214306492319589e-05
-7.118261082605243e-05
-7.023839302476824e-05
-6.931083632279849e-05
-6.840015181577322e-05
-6.750663017353464e-05
-6.663045849323886e-05
-6.577190399039784e-05
-6.493104872084681e-05
-6.410799163064003e-05
-6.330274851240638e-05
-6.251537965190916e-05
-6.174587489498091e-05
-6.099422036552824e-05
-6.026029931221336e-05
-5.954407324336509e-05
-5.884535191431732e-05
-5.816400662667673e-05
-5.749989509533406e-05
-5.685278895034183e-05
-5.622247736602145e-05
-5.560871337308729e-05
-5.501124333090189e-05
-5.442973091079078e-05
-5.386397639261004e-05
-5.331358448003876e-05
-5.277826997205116e-05
-5.225769569997357e-05
-5.175139908974018e-05
-5.125913494002289e-05
-5.078035640935339e-05
-5.031484927533195e-05
-4.986204638277148e-05
-4.942156937158459e-05
-4.8993003380197e-05
-4.85758981873791e-05
-4.816968123596966e-05
-4.777406799247558e-05
-4.738842778150799e-05
-4.701236347733626e-05
-4.664529957673344e-05
-4.628681120642712e-05
-4.59363780597745e-05
-4.559347852793731e-05
-4.525756518459998e-05
-4.492819714488152e-05
-4.460473205725207e-05
-4.428672933919336e-05
-4.397364574136933e-05
-4.366494332978407e-05
-4.336005800219662e-05
-4.305847909043409e-05
-4.275971340708642e-05
-4.246316514586473e-05
-4.216834382975051e-05
-4.187463477978603e-05
-4.158162654146392e-05
-4.128877215470297e-05
-4.099553321906584e-05
-4.070138386403882e-05
-4.040588382868992e-05
-4.010849799245754e-05
-3.980869989378247e-05
-3.950614402204989e-05
-3.920022171089996e-05
-3.88905468537505e-05
-3.857673857928523e-05
-3.825828203779267e-05
-3.793476888852097e-05
-3.760582944898242e-05
-3.727115329660828e-05
-3.693024999270483e-05
-3.65829084193731e-05
-3.622869224951175e-05
-3.586736988694936e-05
-3.549864032074339e-05
-3.512228971207985e-05
-3.473802982621475e-05
-3.434566348508677e-05
-3.394504022080034e-05
-3.353604302774719e-05
-3.31184628168e-05
-3.269224763387951e-05
-3.225731777631161e-05
-3.18136246259799e-05
-3.136119991311366e-05
-3.090005752272974e-05
-3.043021802403079e-05
-2.995182792211708e-05
-2.946497424445712e-05
-2.896980641236741e-05
-2.846653917859771e-05
-2.795536095589774e-05
-2.743656042264415e-05
-2.691043019024825e-05
-2.637728065922483e-05
-2.583739815991418e-05
-2.529127475102012e-05
-2.47392708303682e-05
-2.418184073914478e-05
-2.361947835265812e-05
-2.305268829779057e-05
-2.24819939357521e-05
-2.190794087426352e-05
-2.133109301351243e-05
-2.075215822302527e-05
-2.017163580597037e-05
-1.959025907226616e-05
-1.900864036026357e-05
-1.842747620512425e-05
-1.784750758894785e-05
-1.726931409195277e-05
-1.669366328571363e-05
-1.612131240038788e-05
-1.555286482650289e-05
-1.498909285099489e-05
-1.443067708168329e-05
-1.387834465862674e-05
-1.33327395505895e-05
-1.279449869127796e-05
-1.226433920690763e-05
-1.174284828437211e-05
-1.123062628378738e-05
-1.072827539632369e-05
-1.023637947709504e-05
-9.755371454340642e-06
-9.28578455475968e-06
-8.828065657340836e-06
-8.382675971670188e-06
-7.949922088175564e-06
-7.530141338984032e-06
-7.123661453317147e-06
-6.73068805080814e-06
-6.351491228108341e-06
-5.986165291624009e-06
-5.634865879451385e-06
-5.297643441886144e-06
-4.97456696041187e-06
-4.665609609212824e-06
-4.370713438097893e-06
-4.089855355387194e-06
-3.822849079649748e-06
-3.569572595925541e-06
-3.329864228772525e-06
-3.10346645055639e-06
-2.890201842835626e-06
-2.68976244731412e-06
-2.501940952019178e-06
-2.326426576918934e-06
-2.162903861360233e-06
-2.011015203532091e-06
-1.870523940751391e-06
-1.74115953600372e-06
-1.622492123963941e-06
-1.514343560216937e-06
-1.41636562149692e-06
-1.32822085998404e-06
-1.249735641957521e-06
-1.1806533918861e-06
-1.120722430669881e-06
-1.069705822419445e-06
-1.027487629524069e-06
-9.93935929334219e-07
-9.688411276792346e-07
-9.521754673357842e-07
-9.438445020688553e-07
0
