0.002132331312031695
0.002098218068564073
0.002064076758252958
0.002029908082240454
0.001995712719685418
0.001961491327366617
0.001927244538829411
0.001892972964111159
0.001858677189246445
0.001824357775401111
0.001790015258455682
0.00175565014864679
0.001721262929542499
0.001686854057775122
0.001652423962278562
0.00161797304363781
0.001583501673510943
0.001549010193992689
0.001514498916830368
0.00147996812279335
0.001445418061116746
0.001410848948475555
0.001376260968517816
0.0013416542711128
0.001307028971437581
0.001272385149279201
0.001237722848387538
0.001203042075420243
0.001168342799337243
0.001133624950440348
0.001098888419537691
0.001064133057145282
0.001029358672538785
0.0009945650328321758
0.0009597518621291114
0.0009249188405338101
0.0008900656031311826
0.0008551917391680314
0.0008202967909032761
0.0007853802526414074
0.0007504415697534145
0.0007154801374643513
0.0006804952999752308
0.0006454863492082523
0.0006104525237151894
0.000575393007599549
0.0005403069293542831
0.0005051933604265206
0.0004700513144362899
0.0004348797455983146
0.0003996775475348976
0.0003644435521289668
0.0003291765280361374
0.0002938751794783103
0.000258538144846533
0.0002231639953089296
0.0001877512334385091
0.000152298291691151
0.0001168035310811376
8.126523963677642e-05
4.568163081361998e-05
1.00508420593354e-05
-2.562906680674535e-05
-6.136011513109877e-05
-9.714440311351974e-05
-0.000132984113405367
-0.000168881512842605
-0.0002048389540742822
-0.0002408588773368441
-0.0002769438121997222
-0.0003130963794614763
-0.0003493192926250703
-0.0003856153602682785
-0.000421987487440415
-0.0004584386777905858
-0.0004949720354918133
-0.0005315907670370927
-0.0005682981835084297
-0.0006050977023236515
-0.0006419928493845081
-0.0006789872610517488
-0.0007160846864151433
-0.0007532889891571069
-0.0007906041499463204
-0.0008280342684088135
-0.0008655835652848305
-0.0009032563849231754
-0.0009410571970877265
-0.0009789905995134583
-0.001017061320108772
-0.001055274219169473
-0.001093634291607357
-0.001132146669496915
-0.001170816624149314
-0.001209649568669219
-0.0012486510600662
-0.001287826801762049
-0.001327182645875514
-0.001366724595630552
-0.001406458807578486
-0.001446391594166326
-0.001486529425859929
-0.001526878933493027
-0.001567446910762783
-0.001608240316327725
-0.001649266276139914
-0.001690532085651338
-0.001732045212109568
-0.001773813296719035
-0.001815844156544749
-0.001858145786908958
-0.001900726363195218
-0.0019435942429051
-0.001986757967444614
-0.002030226263967894
-0.002074008047211729
-0.002118112420920804
-0.002162548679498616
-0.002207326309342364
-0.002252454990104359
-0.002297944596010681
-0.002343805196526707
-0.002390047057433217
-0.002436680641422898
-0.002483716608500964
-0.002531165816300062
-0.00257903932001266
-0.002627348372256732
-0.002676104422685789
-0.002725319116976968
-0.002775004296053094
-0.00282517199457811
-0.002875834439240574
-0.002927004046632719
-0.002978693420874618
-0.003030915350625359
-0.00308368280564237
-0.003137008933112149
-0.003190907053102311
-0.003245390653621692
-0.003300473385273722
-0.003356169054876278
-0.00341249161872365
-0.003469455175048362
-0.003527073955695596
-0.003585362316816233
-0.00364433472906933
-0.003704005766583681
-0.003764390094944357
-0.003825502458362456
-0.003887357665477134
-0.003949970574216453
-0.004013356075161655
-0.004077529073716979
-0.004142504470987901
-0.004208297142843457
-0.004274921917859792
-0.004342393553095286
-0.004410726708585869
-0.004479935919621591
-0.004550035567237554
-0.004621039846695181
-0.004692962733574116
-0.004765817947804177
-0.004839618915251906
-0.004914378726605713
-0.004990110093873254
-0.005066825304029313
-0.005144536169661074
-0.00522325397677549
-0.005302989429301437
-0.005383752590464364
-0.005465552820675536
-0.005548398712007734
-0.0056322980188288
-0.005717257584930639
-0.005803283266720714
-0.005890379852275753
-0.005978550976645364
-0.006067799032844959
-0.006158125078664506
-0.006249528739273449
-0.006342008105668716
-0.006435559628742963
-0.006530178009028189
-0.006625856082503291
-0.006722584702138
-0.006820352615471606
-0.00691914633849517
-0.007018950025751499
-0.007119745337317562
-0.007221511302701279
-0.007324224182018163
-0.007427857325124207
-0.007532381028960648
-0.007637762393942748
-0.007743965179788715
-0.00785094966194359
-0.007958672488728336
-0.008067086541095544
-0.008176140795274902
-0.008285780189610995
-0.008395945496953576
-0.008506573203889967
-0.008617595397983197
-0.008728939664890023
-0.008840528996592401
-0.008952281712594294
-0.009064111395825424
-0.009175926845076551
-0.009287632045693554
-0.009399126160394289
-0.009510303542523321
-0.009621053773141097
-0.009731261723947587
-0.009840807648281555
-0.009949567301294033
-0.01005741209159616
-0.01016420926536068
-0.01026982212451718
-0.01037411028013778
-0.0104769299418423
-0.01057813424382951
-0.01067757360783923
-0.01077509614314569
-0.01087054808286519
-0.01096377425602606
-0.01105461859401024
-0.01114292466955322
-0.01122853626645318
-0.01131129797691307
-0.01139105582367446
-0.0114676579031684
-0.01154095504594712
-0.01161080148934966
-0.01167705555827104
-0.01173958034802339
-0.01179824440464504
-0.01185292239598042
-0.01190349576858469
-0.01194985338355615
-0.01199189212602234
-0.01202951748197766
-0.01206264407663814
-0.01209119616931646
-0.01211510809888708
-0.01213432467606079
-0.01214880151716581
-0.01215850531693594
-0.01216341405628371
-0.01216351714353654
-0.01215881548686142
-0.01214932149789701
-0.01213505902570994
-0.01211606322244981
-0.01209238034177955
-0.01206406747261663
-0.01203119221109683
-0.01199383227400507
-0.01195207505832685
-0.01190601715122149
-0.01185576379559563
-0.01180142831686642
-0.01174313151652405
-0.01168100103826542
-0.01161517071284712
-0.01154577988751302
-0.01147297274586895
-0.01139689762406038
-0.01131770632853166
-0.01123555346071677
-0.01115059575355099
-0.0110629914242095
-0.01097289954714335
-0.01088047945104405
-0.01078589014300135
-0.01068928976230384
-0.01059083506648953
-0.01049068095081624
-0.01038898000327751
-0.01028588209526967
-0.0101815340088243
-0.01007607910064222
-0.009969657002139302
-0.00986240335564267
-0.009754449585424461
-0.00964592270271674
-0.009536945143485444
-0.009427634637308517
-0.00931810410613043
-0.009208461590798736
-0.009098810203974706
-0.008989248107270965
-0.008879868511186618
-0.008770759695385835
-0.008662005048179561
-0.008553683122807574
-0.008445867708978044
-0.0083386279181938
-0.008232028280801197
-0.008126128853380748
-0.008020985335117022
-0.007916649191666424
-0.00781316778511963
-0.007710584508923412
-0.007608938926772084
-0.007508266914262172
-0.007408600802262251
-0.007309969521681042
-0.007212398748154648
-0.007115911046478357
-0.007020526013987972
-0.006926260422364239
-0.006833128357364437
-0.006741141356216753
-0.006650308542069491
-0.006560636755500089
-0.006472130682605756
-0.00638479297967253
-0.006298624394025076
-0.006213623881208807
-0.00612978871830876
-0.006047114613255907
-0.00596559581019268
-0.00588522519102026
-0.005805994372837313
-0.005727893801585083
-0.005650912841856661
-0.005575039862961858
-0.005500262321141389
-0.005426566838393556
-0.005353939277730912
-0.005282364814896828
-0.005211828006904095
-0.005142312857466223
-0.005073802879183625
-0.005006281152871996
-0.004939730384016386
-0.004874132956543584
-0.004809470983953379
-0.004745726357909234
-0.004682880794478156
-0.00462091587815667
-0.004559813103621795
-0.00449955391541948
-0.00444011974578806
-0.004381492050474693
-0.004323652342898632
-0.004266582226489265
-0.00421026342554088
-0.004154677814481791
-0.004099807445714416
-0.00404563457606314
-0.003992141691995032
-0.003939311533425727
-0.003887127116616192
-0.003835571755696935
-0.003784629083326854
-0.003734283070122383
-0.003684518043479541
-0.003635318705009952
-0.003586670147428426
-0.003538557870555774
-0.003490967796339975
-0.00344388628327002
-0.003397300139914924
-0.003351196637816467
-0.003305563523542757
-0.003260389030213244
-0.003215661888117419
-0.003171371334900971
-0.003127507124863423
-0.003084059537737459
-0.003041019386760195
-0.002998378026079605
-0.00295612735748328
-0.002914259836553341
-0.00287276847799025
-0.002831646860537236
-0.00279088913083816
-0.002750490006967123
-0.002710444780907458
-0.002670749320732926
-0.002631400071592742
-0.002592394056218753
-0.002553728874605896
-0.002515402702903619
-0.002477414291349849
-0.002439762961716839
-0.002402448603470375
-0.002365471669344895
-0.002328833169992115
-0.002292534667453265
-0.002256578268188342
-0.002220966614564844
-0.002185702875678759
-0.002150790737240096
-0.002116234390152497
-0.002082038518170875
-0.002048208284595901
-0.002014749317628161
-0.001981667694862888
-0.00194896992646919
-0.001916662937293777
-0.001884754047831765
-0.001853250954011959
-0.001822161705767483
-0.001791494684487008
-0.001761258579203793
-0.001731462361729668
-0.001702115260377461
-0.001673226732808151
-0.001644806437432295
-0.00161686420388811
-0.001589410002190298
-0.001562453910820801
-0.001536006083920123
-0.001510076717193844
-0.00148467601288364
-0.001459814143881345
-0.001435501216720428
-0.001411747233910224
-0.001388562055410169
-0.001365955359301814
-0.001343936601911891
-0.001322514977382125
-0.001301699376673355
-0.001281498346271534
-0.001261920046597952
-0.001242972210300552
-0.001224662100494608
-0.001206996469064726
-0.001189981515257374
-0.001173622844648305
-0.001157925428565515
-0.001142893564237905
-0.001128530835891051
-0.00111484007661035
-0.0011018233317056
-0.001089481823061319
-0.001077815915440461
-0.001066825084192512
-0.001056507884931522
-0.001046861925561468
-0.00103788384018554
-0.00102956926578469
-0.001021912821398429
-0.001014908090178951
-0.001008547604476066
-0.001002822833908262
-0.0009977241769517757
-0.0009932409559109648
-0.0009893614153783951
-0.0009860727246545655
-0.0009833609836539547
-0.0009812112330629056
-0.0009796074682262464
-0.0009785326572456221
-0.0009779687630434271
-0.0009778967696233631
-0.0009782967123762784
-0.0009791477124529457
-0.0009804280152248251
-0.0009821150325332463
-0.0009841853891128659
-0.000986614972305646
-0.000989378985886268
-0.0009924520067581769
-0.0009958080454973554
-0.0009994206093870738
-0.001003262768591494
-0.001007307224621997
-0.001011526381325436
-0.001015892417472654
-0.001020377361415844
-0.001024953166462199
-0.001029591787697673
-0.001034265258934243
-0.001038945770024762
-0.001043605743834646
-0.00104821791242558
-0.001052755392084107
-0.001057191756942069
-0.001061501110223011
-0.001065658153073155
-0.001069638250658997
-0.001073417494275329
-0.001076972760035617
-0.001080281762979243
-0.001083323106348248
-0.001086076325843631
-0.001088521928202408
-0.001090641423844848
-0.001092417353393789
-0.001093833307726342
-0.001094873941168244
-0.001095524978060896
-0.001095773212274293
-0.001095606499802068
-0.001095013744369949
-0.001093984876395249
-0.001092510825091265
-0.00109058348447656
-0.001088195673165136
-0.001085341088546067
-0.00108201425600706
-0.001078210473257934
-0.001073925750916298
-0.001069156749472565
-0.001063900713747246
-0.001058155405204413
-0.00105191903321901
-0.001045190185728451
-0.001037967760098903
-0.001030250895142613
-0.001022038904865571
-0.001013331214475252
-0.001004127299654313
-0.0009944266295074671
-0.000984228613671653
-0.0009735325542037168
-0.0009623376026420126
-0.0009506427225604904
-0.0009384466578633648
-0.0009257479069703766
-0.000912544703289591
-0.0008988350015187419
-0.0008846164701653643
-0.0008698864899725169
-0.0008546421580683945
-0.000838880297637571
-0.0008225974728829953
-0.0008057900087574344
-0.0007884540150714938
-0.0007705854149182747
-0.0007521799763017638
-0.0007332333471497555
-0.0007137410927855821
-0.0006936987354925867
-0.000673101795700378
-0.0006519458343010427
-0.0006302264954950565
-0.0006079395499015444
-0.0005850809373405492
-0.0005616468088948561
-0.000537633567882446
-0.0005130379093894475
-0.0004878568582870592
-0.0004620878046839949
-0.0004357285376302278
-0.0004087772760553148
-0.0003812326970500316
-0.0003530939614028172
-0.0003243607362150892
-0.0002950332144800447
-0.0002651121316509164
-0.0002345987792916739
-0.0002034950155713189
-0.0001718032728312254
-0.0001395265622244134
-0.0001066684756084201
-7.323318463848399e-05
-3.922543736558596e-05
-4.650552152938312e-06
3.04855904765121e-05
6.617655825006535e-05
0.0001024153798495381
0.000139194558926155
0.0001765060902165817
0.0002143414771890978
0.0002526917507583717
0.0002915474894536107
0.0003308988405453901
0.0003707355419386156
0.0004110469450305161
0.0004518220378409482
0.000493049468877291
0.0005347175711073684
0.0005768143860998329
0.0006193276884321153
0.0006622450098039055
0.0007055536632102353
0.000749240766589264
0.0007932932665519922
0.0008376979613181316
0.000882441523322571
0.0009275105213508903
0.0009728914419586201
0.001018570710308772
0.001064534710272348
0.001110769804010146
0.001157262350277427
0.001203998722693265
0.001250965326586905
0.001298148615433717
0.001345535106204198
0.00139311139408079
0.001440864166250938
0.001488780214999865
0.001536846449882383
0.001585049909122013
0.001633377770199822
0.001681817359776682
0.0017303561628438
0.001778981830915092
0.001827682189850662
0.001876445246651987
0.001925259195849023
0.001974112425150997
0.00202299352037444
0.002071891269863651
0.002120794668393928
0.002169692920409141
0.002218575442699995
0.002267431866812479
0.002316252040758744
0.002365026030323035
0.002413744120088246
0.002462396813761118
0.002510974834467644
0.002559469124555539
0.002607870844839472
0.002656171373996531
0.002704362307249224
0.002752435455006934
0.002800382841195615
0.0028481967014237
0.002895869480803008
0.00294339383169996
0.002990762611315994
0.003037968878926085
0.003085005893266921
0.00313186710956989
0.003178546176565573
0.003225036933309599
0.003271333406117723
0.003317429805132313
0.003363320521115612
0.003409000121923736
0.00345446334921814
0.003499705114899864
0.003544720497429796
0.0035895047387247
0.003634053240192168
0.003678361559481021
0.003722425406829555
0.00376624064146607
0.003809803268218508
0.003853109434016443
0.003896155424346499
0.003938937659821198
0.003981452692868628
0.004023697204188941
0.004065667999629385
0.004107362006650498
0.004148776271366452
0.004189907955046126
0.004230754331291374
0.004271312782634198
0.004311580797696325
0.004351555968112475
0.004391235985701614
0.004430618639401673
0.004469701812676368
0.004508483480632482
0.004546961707334215
0.00458513464319607
0.004623000522361855
0.004660557660284763
0.004697804451090179
0.004734739365356319
0.004771360947649267
0.00480766781441931
0.004843658651467412
0.004879332212045808
0.004914687314728246
0.004949722841168725
0.004984437734297315
0.005018830996383477
0.005052901686898026
0.005086648921042835
0.005120071867736744
0.005153169747858968
0.00518594183275814
0.005218387442410614
0.005250505944063772
0.005282296750514181
0.005313759318738372
0.005344893148377865
0.005375697780424059
0.005406172795777335
0.005436317814044766
0.005466132492260014
0.005495616523487328
0.005524769635891446
0.005553591591440942
0.0055820821848712
0.005610241242482866
0.005638068621345361
0.005665564208049653
0.005692727917918998
0.005719559693997311
0.005746059506141302
0.005772227350205933
0.005798063247186257
0.005823567242480809
0.005848739404790942
0.005873579825873014
0.005898088619506435
0.005922265920689312
0.005946111885332971
0.005969626689325137
0.005992810527937461
0.006015663615316188
0.006038186183924778
0.006060378483817517
0.00608224078229396
0.006103773363327758
0.006124976526963039
0.006145850588964175
0.006166395880359109
0.006186612746928329
0.006206501548767859
0.006226062659987887
0.006245296468368501
0.006264203374629902
0.006282783792512621
0.006301038148265348
0.006318966880181263
0.006336570438468345
0.006353849284839336
0.006370803892339844
0.006387434744839998
0.006403742337016782
0.006419727173998259
0.006435389771066697
0.006450730653462198
0.006465750356222907
0.006480449423838359
0.006494828410167553
0.006508887878255452
0.006522628399893107
0.006536050555797773
0.006549154935217028
0.006561942135838712
0.006574412763560655
0.006586567432424193
0.006598406764458804
0.006609931389505844
0.006621141945159691
0.006632039076479571
0.00664262343614503
0.006652895684089408
0.00666285648752911
0.006672506520760368
0.006681846465285157
0.006690877009362366
0.006699598848266478
0.006708012683945237
0.00671611922521472
0.006723919187344194
0.006731413292276557
0.006738602268418869
0.006745486850578676
0.006752067780033627
0.006758345804178379
0.006764321676897042
0.006769996158167636
0.006775370014041707
0.006780444016810763
0.006785218944858424
0.006789695582471992
0.006793874719972597
0.006797757153625242
0.006801343685737184
0.006804635124296469
0.006807632283270844
0.006810335982380736
0.006812747047244726
0.00681486630914679
0.006816694605160892
0.006818232778025779
0.006819481676368815
0.006820442154153838
0.006821115071356902
0.006821501293432913
0.006821601691381526
0.006821417141958961
0.006820948527416817
0.006820196735608049
0.006819162659999572
0.006817847199483046
0.006816251258609171
0.00681437574736564
0.006812221581285757
0.006809789681394822
0.006807080974213945
0.006804096391716565
0.006800836871386794
0.006797303356079801
0.006793496794184473
0.006789418139475142
0.006785068351178827
0.006780448393974821
0.006775559237838106
0.00677040185818813
0.006764977235940934
0.006759286357280709
0.006753330213702001
0.006747109802283381
0.006740626125197987
0.006733880190154413
0.006726873010049765
0.006719605603201312
0.006712078993263753
0.006704294209112026
0.006696252284864673
0.006687954259981883
0.00667940117930915
0.006670594092793389
0.006661534055600709
0.006652222128259703
0.00664265937647794
0.006632846871086294
0.006622785688124693
0.006612476908961963
0.00660192161986985
0.006591120912551133
0.006580075883633855
0.006568787634905146
0.006557257273312034
0.006545485910806434
0.006533474664434462
0.006521224656325792
0.006508737013535846
0.006496012868216786
0.0064830533575321
0.006469859623478343
0.00645643281305539
0.006442774078263375
0.006428884575893791
0.006414765467651188
0.006400417920113045
0.006385843104636918
0.006371042197383318
0.006356016379358852
0.006340766836176115
0.006325294758324212
0.006309601340931498
0.006293687783625396
0.006277555290894975
0.006261205071708294
0.006244638339596583
0.006227856312715475
0.006210860213598377
0.006193651269295134
0.006176230711306825
0.006158599775553304
0.006140759702220922
0.006122711735858272
0.006104457125347114
0.006085997123781371
0.006067332988390828
0.006048465980702382
0.00602939736625357
0.006010128414662612
0.005990660399640121
0.005970994598898325
0.005951132293890566
0.005931074770276465
0.005910823317334327
0.005890379228196582
0.005869743799818718
0.005848918332740283
0.005827904131228325
0.005806702503081269
0.005785314759701814
0.005763742215924434
0.005741986190042784
0.00572004800373312
0.005697928981897736
0.005675630452804717
0.00565315374787111
0.00563050020163168
0.00560767115168071
0.00558466793865984
0.005561491906095161
0.005538144400469001
0.005514626770986153
0.005490940369625436
0.00546708655106241
0.005443066672534677
0.005418882093782607
0.005394534177042861
0.005370024286911294
0.005345353790286115
0.005320524056338212
0.005295536456271377
0.005270392363434743
0.005245093153157407
0.005219640202622928
0.005194034890879515
0.005168278598690138
0.005142372708504636
0.005116318604181218
0.005090117671248617
0.005063771296462131
0.005037280867876784
0.005010647774779866
0.004983873407519863
0.004956959157424054
0.004929906416737117
0.00490271657847256
0.004875391036386302
0.004847931184698374
0.004820338418242424
0.004792614132119986
0.004764759721749735
0.004736776582675828
0.004708666110492091
0.004680429700713
0.004652068748589481
0.004623584649132956
0.004594978796872518
0.004566252585860759
0.00453740740936168
0.004508444659837247
0.004479365728898861
0.004450172006949669
0.004420864883312847
0.004391445745851058
0.0043619159810843
0.004332276973767394
0.004302530106996687
0.004272676761954043
0.00424271831761938
0.004212656151040906
0.004182491636659591
0.004152226146500995
0.004121861049958007
0.004091397713466044
0.004060837500705175
0.004030181771901387
0.003999431884242426
0.003968589191165326
0.003937655042579785
0.003906630784600473
0.003875517759143276
0.003844317304029052
0.003813030752704856
0.003781659433927559
0.003750204671797194
0.003718667785348578
0.003687050088445223
0.003655352889657721
0.003623577491899413
0.003591725192318583
0.003559797282057035
0.003527795046012985
0.003495719762684275
0.003463572703907978
0.003431355134546351
0.003399068312359234
0.003366713487843626
0.003334291903737079
0.003301804795021113
0.003269253388558289
0.003236638902817496
0.003203962547733192
0.003171225524246171
0.003138429024208104
0.003105574230117176
0.003072662314629801
0.003039694440472922
0.003006671760218621
0.002973595415707602
0.002940466538013753
0.002907286247009937
0.002874055651008523
0.002840775846695781
0.002807447918603761
0.002774072938595136
0.002740651966093566
0.002707186047125925
0.002673676214343533
0.002640123486676088
0.002606528868727468
0.00257289335061833
0.002539217907476101
0.002505503499257242
0.002471751070134012
0.002437961548169704
0.00240413584497123
0.00237027485528025
0.002336379456421438
0.002302450508051018
0.002268488851618729
0.002234495309859191
0.002200470686580026
0.002166415765942157
-3.412382800653158e-05
-3.415224596525417e-05
-3.417997583498081e-05
-3.420696110158225e-05
-3.423334931797648e-05
-3.425901370366838e-05
-3.428420855631118e-05
-3.43088024542918e-05
-3.433255559621244e-05
-3.435599736147872e-05
-3.437891284971859e-05
-3.440126716405524e-05
-3.442313968465857e-05
-3.444457826626989e-05
-3.446554207985373e-05
-3.448621891051457e-05
-3.450660958467371e-05
-3.45264576046194e-05
-3.454621386997849e-05
-3.456557770653831e-05
-3.458473560856955e-05
-3.46037348841574e-05
-3.462253129950162e-05
-3.464116455034793e-05
-3.465978082249158e-05
-3.467834402967826e-05
-3.469679710992859e-05
-3.471521557321368e-05
-3.473376777232562e-05
-3.475239993822233e-05
-3.47711699935972e-05
-3.479015690283955e-05
-3.48092621003103e-05
-3.482871018632298e-05
-3.484838814471846e-05
-3.486832853050821e-05
-3.488886550618821e-05
-3.490970121585777e-05
-3.4931061968038e-05
-3.495291303270051e-05
-3.497533227170361e-05
-3.499844047563256e-05
-3.502220455132432e-05
-3.504666444218809e-05
-3.507198657250641e-05
-3.509817168047052e-05
-3.512508839686386e-05
-3.51532100418439e-05
-3.518217713432544e-05
-3.521228604728906e-05
-3.524345055468003e-05
-3.527593394445934e-05
-3.530954941067236e-05
-3.534467889018753e-05
-3.538108669428111e-05
-3.541897402763554e-05
-3.545826717321404e-05
-3.549935599812703e-05
-3.554203018636456e-05
-3.558640297520276e-05
-3.563271366152158e-05
-3.568097302877188e-05
-3.57310888838205e-05
-3.578331210610664e-05
-3.58376386508398e-05
-3.589420215928074e-05
-3.595315427221241e-05
-3.601443099009364e-05
-3.607818838728341e-05
-3.614446558987907e-05
-3.621359310274167e-05
-3.62852211435426e-05
-3.635998778383777e-05
-3.643760090954462e-05
-3.651829638000542e-05
-3.660210879037295e-05
-3.668910583946717e-05
-3.677953162402006e-05
-3.687350778837253e-05
-3.69710223564602e-05
-3.707216876040452e-05
-3.717720117360837e-05
-3.728608385360064e-05
-3.739906041247664e-05
-3.751622097388863e-05
-3.763757261882847e-05
-3.776349783570925e-05
-3.789384468648449e-05
-3.802874705344112e-05
-3.816865320969832e-05
-3.831344891714179e-05
-3.846321636593559e-05
-3.861821238521895e-05
-3.877852554018087e-05
-3.894442943154497e-05
-3.911592029791556e-05
-3.929326771835162e-05
-3.947644115318995e-05
-3.966577365558291e-05
-3.98612679081176e-05
-4.006320077039548e-05
-4.027172482213194e-05
-4.048682157890211e-05
-4.070896422138395e-05
-4.093814322418542e-05
-4.117448372962299e-05
-4.141808976195319e-05
-4.166941251839748e-05
-4.192851376851551e-05
-4.21954640029414e-05
-4.247044638155357e-05
-4.275375459618503e-05
-4.304548395255841e-05
-4.334587218415033e-05
-4.365505717275973e-05
-4.397328113449334e-05
-4.430071189876656e-05
-4.463758903915751e-05
-4.498403954588363e-05
-4.534014361440891e-05
-4.570650968197525e-05
-4.608282446450493e-05
-4.646951649005152e-05
-4.686682811919246e-05
-4.727495497964299e-05
-4.769400766198844e-05
-4.812418144150333e-05
-4.85657139722612e-05
-4.901886136864308e-05
-4.948368671135961e-05
-4.996047474028163e-05
-5.044941258994153e-05
-5.095078333850861e-05
-5.146455740866191e-05
-5.199103343319036e-05
-5.253045997435967e-05
-5.30828842479479e-05
-5.36486288190314e-05
-5.422780916625099e-05
-5.482048285240912e-05
-5.542695547466282e-05
-5.604729611033437e-05
-5.668164795840839e-05
-5.733013073564499e-05
-5.799307367802511e-05
-5.867031477283825e-05
-5.936212827850986e-05
-6.006866380646279e-05
-6.078984389606273e-05
-6.152577682571188e-05
-6.227655186810725e-05
-6.304225111337556e-05
-6.382289012599922e-05
-6.461837313307805e-05
-6.542889736078146e-05
-6.625414980861817e-05
-6.709426378390435e-05
-6.794908213650575e-05
-6.881855950761169e-05
-6.970245976450407e-05
-7.060064507461241e-05
-7.151301655442167e-05
-7.243920463730481e-05
-7.33790017092329e-05
-7.433207355192451e-05
-7.529805555558879e-05
-7.627650390230461e-05
-7.726704238537516e-05
-7.826915955580718e-05
-7.92823254209941e-05
-8.030585955460723e-05
-8.133915335578883e-05
-8.238139874972055e-05
-8.343191766274104e-05
-8.448967544622392e-05
-8.555376945778244e-05
-8.66232979770269e-05
-8.769697667405869e-05
-8.87737269915353e-05
-8.985227720469992e-05
-9.093114688690058e-05
-9.200884298108216e-05
-9.308381442534206e-05
-9.415448750987656e-05
-9.521889055878871e-05
-9.627513988357821e-05
-9.732124065491014e-05
-9.83549238762107e-05
-9.937407491253877e-05
-0.0001003760547869081
-0.0001013583691505349
-0.0001023183722687324
-0.0001032531959513375
-0.0001041598579665613
-0.000105035203682109
-0.0001058759751822415
-0.0001066787141320671
-0.0001074400442055208
-0.0001081560245033494
-0.0001088229343764748
-0.0001094367797121404
-0.000109993530782072
-0.0001104888333808329
-0.0001109184509472388
-0.000111277773823701
-0.0001115623980584763
-0.0001117676325971912
-0.0001118887911265155
-0.000111921014082388
-0.0001118596091403026
-0.0001116997786297261
-0.000111436530146657
-0.0001110651459990471
-0.0001105809861747072
-0.0001099792085059158
-0.0001092553915296491
-0.0001084049251523088
-0.0001074237288667291
-0.0001063076880232295
-0.0001050529201001969
-0.0001036559138823815
-0.0001021133921823106
-0.0001004224799033092
-9.858063891443318e-05
-9.658573638745557e-05
-9.443620212249944e-05
-9.213085221640015e-05
-8.966909587061198e-05
-8.705067436177888e-05
-8.42762488696477e-05
-8.134696044259082e-05
-7.82644850571367e-05
-7.503118116491139e-05
-7.165024396115075e-05
-6.812529592435406e-05
-6.446092697036997e-05
-6.066203899233944e-05
-5.67346371523542e-05
-5.268500006696037e-05
-4.852043029430227e-05
-4.424845850023516e-05
-3.987752692641674e-05
-3.541649913807029e-05
-3.087475243619174e-05
-2.626220860281121e-05
-2.158907093021279e-05
-1.686614341942435e-05
-1.210418651304445e-05
-7.314554479140552e-06
-2.508578576803923e-06
2.302163046880775e-06
7.106311137477381e-06
1.18923000116206e-05
1.664873248803311e-05
2.136434424100291e-05
2.602820461707569e-05
3.06296380408411e-05
3.515828743595314e-05
3.960425419276853e-05
4.395807440244888e-05
4.821072980993127e-05
5.235392465153914e-05
5.637989175039194e-05
6.02814524582357e-05
6.405203610194102e-05
6.768580759657665e-05
7.117754466842767e-05
7.452283458679793e-05
7.77178008638098e-05
8.075933808274503e-05
8.364495491653299e-05
8.637288127541659e-05
8.89419369385902e-05
9.13515598670107e-05
9.360182346737004e-05
9.56932870262945e-05
9.762709219064203e-05
9.94048243395753e-05
0.0001010287027093918
0.0001025011273220459
0.0001038249861102287
0.0001050037486718699
0.0001060407730723732
0.0001069400663495927
0.0001077056704084844
0.0001083419095541872
0.000108853349357886
0.0001092445358612891
0.0001095203564295654
0.0001096855898855183
0.0001097451484723582
0.0001097039723869111
0.0001095670972261288
0.0001093393777781555
0.0001090258002755363
0.0001086311796712876
0.0001081602869180332
0.0001076180403913312
0.0001070088996923631
0.000106337392949587
0.0001056080073479932
0.0001048250793346404
0.0001039926444022197
0.0001031148828251103
0.0001021956039110956
0.0001012386051779612
0.0001002474706658508
9.922580748267404e-05
9.817676965819448e-05
9.710366418024369e-05
9.600946972992594e-05
9.489710101527797e-05
9.37693037826457e-05
9.26287381125557e-05
9.147781669086765e-05
9.031898815671188e-05
8.915436567899599e-05
8.798609641963345e-05
8.681615563009127e-05
8.564640173418678e-05
8.447852694401925e-05
8.331424232878229e-05
8.215495767481444e-05
8.100216590174222e-05
7.985708790442424e-05
7.872098896570705e-05
7.75950862587989e-05
7.648028535460107e-05
7.537761283403792e-05
7.428793136022983e-05
7.321206256663088e-05
7.215065221977304e-05
7.110442317490828e-05
7.007390931333218e-05
6.905968477749456e-05
6.806218435680493e-05
6.7081773813388e-05
6.611885836438094e-05
6.517375788031202e-05
6.424662940863541e-05
6.333769222419559e-05
6.244721280963778e-05
6.157518139299149e-05
6.07217050879894e-05
5.988676454987671e-05
5.907050531219483e-05
5.827266269994424e-05
5.749332581589441e-05
5.67323474590035e-05
5.598957969422662e-05
5.526489558756143e-05
5.45580269421623e-05
5.3868810760381e-05
5.319702433302813e-05
5.254234503983951e-05
5.190458749813431e-05
5.128329126050172e-05
5.067823681319686e-05
5.008912078333523e-05
4.9515356898236e-05
4.895680344365972e-05
4.841297202965228e-05
4.788341114681175e-05
4.736775383614365e-05
4.68654925011236e-05
4.637623839056394e-05
4.589940170303461e-05
4.543470132243943e-05
4.498145215024789e-05
4.453930989721149e-05
4.410758235314939e-05
4.368590675842129e-05
4.327371229280315e-05
4.287039036778628e-05
4.247541960609869e-05
4.20883522562355e-05
4.170850044016368e-05
4.133540752528208e-05
4.096841702633179e-05
4.060700184090914e-05
4.025061306420363e-05
3.989859487738786e-05
3.955048619130241e-05
3.920564046717795e-05
3.886344306186282e-05
3.852332780345713e-05
3.818485215696477e-05
3.784732227040024e-05
3.751015424832787e-05
3.717282409368361e-05
3.683472476641216e-05
3.649534127036885e-05
3.615418535687511e-05
3.581056102556851e-05
3.546408383217164e-05
3.511420386060029e-05
3.47603053002842e-05
3.440199388092219e-05
3.403878819017823e-05
3.367012213335818e-05
3.329564892974125e-05
3.291484604086934e-05
3.252731384445269e-05
3.213262373215846e-05
3.173048489199374e-05
3.132041634371969e-05
3.09021230742248e-05
3.04753672397368e-05
3.003963831099197e-05
2.959485301441567e-05
2.914073306248445e-05
2.867705223536567e-05
2.820357841961928e-05
2.772016950198177e-05
2.722676097943871e-05
2.672324875146431e-05
2.620952930753364e-05
2.568557896119033e-05
2.515147319633062e-05
2.460712132788557e-05
2.405277304995794e-05
2.348841687063548e-05
2.291435542613226e-05
2.233069082703944e-05
2.173763562326913e-05
2.113559926965119e-05
2.052475502596391e-05
1.990558360674626e-05
1.927847410749568e-05
1.864383409465927e-05
1.800214063132777e-05
1.735397613497332e-05
1.669991521448572e-05
1.604051545322312e-05
1.537653810773447e-05
1.470855996189597e-05
1.403740467667599e-05
1.336375734519045e-05
1.268849991805807e-05
1.201245746872186e-05
1.133642170240343e-05
1.066144533716164e-05
9.988308259642028e-06
9.318086570633875e-06
8.651725226844401e-06
7.990205131318022e-06
7.334636374363271e-06
6.686005332477452e-06
6.04533831912723e-06
5.4138062326944e-06
4.792343252170113e-06
4.182204539805274e-06
3.584249294114335e-06
2.999771939018257e-06
2.429700530170764e-06
1.875095130742562e-06
1.337032453100446e-06
8.165261828721763e-07
3.145779857025499e-07
-1.678569526431786e-07
-6.298477731381865e-07
-1.070498440125506e-06
-1.488959381237522e-06
-1.884434114901752e-06
-2.25610881423414e-06
-2.603326927938607e-06
-2.92534848566001e-06
-3.221646270508085e-06
-3.491742526018804e-06
-3.735092675589876e-06
-3.951256092763644e-06
-4.1398922280362e-06
-4.3008128815295e-06
-4.433863608699503e-06
-4.538842534689507e-06
-4.615719968657604e-06
-4.664589521312281e-06
-4.685471602081565e-06
-4.678645956517318e-06
-4.644382909783814e-06
-4.58302879943512e-06
-4.495023609673221e-06
-4.380738361805516e-06
-4.240846397802553e-06
-4.076006426758783e-06
-3.886794737551914e-06
-3.67407608145108e-06
-3.438653531988e-06
-3.181304929871537e-06
-2.903027598321892e-06
-2.604812240347305e-06
-2.287517994604336e-06
-1.952185321051051e-06
-1.600014407608338e-06
-1.23190581682178e-06
-8.489713483635758e-07
-4.522512635703765e-07
-4.294059000275975e-08
3.780513456341133e-07
8.096244920623088e-07
1.250780383284472e-06
1.700530076262276e-06
2.157861771391281e-06
2.622060647583285e-06
3.092018716946047e-06
3.567129952025826e-06
4.046515554673315e-06
4.529574056831093e-06
5.015696126415753e-06
5.504306709304818e-06
5.994928593945394e-06
6.48712355953458e-06
6.980528403991094e-06
7.474947846082932e-06
7.970097424527448e-06
8.465868087087075e-06
8.962219900995516e-06
9.459080607275973e-06
9.956446554151456e-06
1.045449512579817e-05
1.095327534034309e-05
1.145302583923317e-05
1.195388477484807e-05
1.245616072443571e-05
1.296006145573288e-05
1.346584200867673e-05
1.397382228239228e-05
1.448427221403261e-05
1.499747074019443e-05
1.551375100290564e-05
1.603332905937975e-05
1.65564631608041e-05
1.708342055594173e-05
1.761430741199031e-05
1.814941291528475e-05
1.86888288498465e-05
1.923258957479721e-05
1.978084502129643e-05
2.033357958031734e-05
2.089080790789298e-05
2.14524732149302e-05
2.201843090674958e-05
2.258847860039617e-05
2.316247281001853e-05
2.374027128691975e-05
2.432163296531512e-05
2.490593256037127e-05
2.549314596537769e-05
2.608276521919748e-05
2.66743900275981e-05
2.726753203233705e-05
2.786180446238402e-05
2.845664824876458e-05
2.905154507434398e-05
2.964605396317605e-05
3.023951303430848e-05
3.083134729205192e-05
3.14210247761478e-05
3.200807097309872e-05
3.259177250096397e-05
3.317167510204439e-05
3.374697889295169e-05
3.431729122361157e-05
3.488202141740867e-05
3.544046730315545e-05
3.599237962966705e-05
3.653699990604706e-05
3.707376663862106e-05
3.760238806873049e-05
3.812223013406813e-05
3.863286526719777e-05
3.913384933434803e-05
3.962472022495334e-05
4.010519460199893e-05
4.057476359096534e-05
4.10332099746355e-05
4.14801044982436e-05
4.191513634231126e-05
4.233811527981537e-05
4.274869301615028e-05
4.31467365315123e-05
4.353184542315751e-05
4.390411198685641e-05
4.426321764344131e-05
4.460899808484179e-05
4.494142759678798e-05
4.526032589839566e-05
4.55656981040239e-05
4.58574217982589e-05
4.613563300814768e-05
4.640005075731246e-05
4.665083181362755e-05
4.688802223108799e-05
4.711167404085338e-05
4.732177483889182e-05
4.751839360549281e-05
4.770158658780308e-05
4.78715600079489e-05
4.802838992913197e-05
4.817219275904456e-05
4.830304695723013e-05
4.842116464559081e-05
4.852673949390992e-05
4.861982517012571e-05
4.870065517258383e-05
4.876933771646348e-05
4.882609785554758e-05
4.887119064569407e-05
4.89047252771312e-05
4.892696776021644e-05
4.893812993230902e-05
4.893838543481864e-05
4.892783309847921e-05
4.890687800329158e-05
4.887567052773859e-05
4.88343583613205e-05
4.878329773544282e-05
4.872253503259894e-05
4.865233386323374e-05
4.857310450535039e-05
4.848480754468816e-05
4.838788002097937e-05
4.828235841984504e-05
4.816852682292157e-05
4.804661656145764e-05
4.791687118346229e-05
4.777938786409139e-05
4.763449038568666e-05
4.748240946805837e-05
4.732312773936585e-05
4.715711455107184e-05
4.698440415862657e-05
4.680530650076126e-05
4.661985288939547e-05
4.6428463322081e-05
4.623106227978987e-05
4.602801650112256e-05
4.581941258860375e-05
4.560551578297638e-05
4.538650347658628e-05
4.516223431623754e-05
4.493331980660946e-05
4.469969855559367e-05
4.446151865107297e-05
4.421904822282007e-05
4.397227402237476e-05
4.37213521202772e-05
4.346661121518316e-05
4.320813800476786e-05
4.294593702022082e-05
4.268028600364423e-05
4.24111879531421e-05
4.213890927230003e-05
4.186338599851733e-05
4.158492997369864e-05
4.130342544641049e-05
4.101933858428148e-05
4.073248939238673e-05
4.044305429155718e-05
4.015118155968747e-05
3.985703031664486e-05
3.956047006113971e-05
3.926180332357161e-05
3.896109962732747e-05
3.865838840034361e-05
3.835380341043473e-05
3.804735917841635e-05
3.773926473472962e-05
3.742944533912895e-05
3.711810038467994e-05
3.680519569986823e-05
3.649106866157348e-05
3.617538737649622e-05
3.585839729021355e-05
3.554043857319946e-05
3.522110769888539e-05
3.490073928732687e-05
3.457938870594018e-05
3.425700855535902e-05
3.39337494685227e-05
3.360970682805943e-05
3.328475725137965e-05
3.295905838487997e-05
3.263261956917927e-05
3.230564250035845e-05
3.197797006667863e-05
3.164979611382889e-05
3.13210376032194e-05
3.099185119077538e-05
3.066214632136105e-05
3.033209539519805e-05
3.000177633939125e-05
2.967097904817834e-05
2.933995573391199e-05
2.90086244320785e-05
2.867720612729163e-05
2.834535880326949e-05
2.801359055856983e-05
2.768160686946509e-05
2.734953891373101e-05
2.701736487015868e-05
2.668515661990494e-05
2.635293532906822e-05
2.602072604224875e-05
2.568871744686898e-05
2.535645808729221e-05
2.502440379322198e-05
2.469258085547427e-05
2.436069765492428e-05
2.402899059741836e-05
2.369751653116422e-05
2.336627800037763e-05
2.303507535655173e-05
2.270425367739462e-05
2.237362845337104e-05
2.204325672991001e-05
2.171318794145636e-05
2.138338412486916e-05
2.105385475169716e-05
2.072470718142002e-05
2.039587904958985e-05
2.006729014488417e-05
1.973915726058852e-05
1.941157628902934e-05
1.908408554508777e-05
1.875719333502808e-05
1.843075946167366e-05
1.810468920461919e-05
1.777903046148482e-05
1.745375599944603e-05
1.712910633522259e-05
1.680484828963782e-05
1.648111880673017e-05
1.615779387636517e-05
1.583516195698858e-05
1.551289576349182e-05
1.519124426421345e-05
1.487004001703454e-05
1.454942887152407e-05
1.422950655278017e-05
1.391000714628416e-05
1.359104444826752e-05
1.327278927857368e-05
1.295511763475678e-05
1.26380188531219e-05
1.232148132133719e-05
1.200564436811208e-05
1.169035299037997e-05
1.13757983105786e-05
1.106176701418641e-05
1.074843473727381e-05
1.043572547067102e-05
1.01237366751122e-05
9.812392709891401e-06
9.5017776111454e-06
9.191771803723851e-06
8.882539427583399e-06
8.573925877821678e-06
8.266073552588653e-06
7.958931907312326e-06
7.652448551852427e-06
7.346701532849858e-06
7.041738028251173e-06
6.737574602878015e-06
6.434009961695734e-06
6.13116170973489e-06
5.829339649724417e-06
5.528007145261357e-06
5.227483250323963e-06
4.927906107252383e-06
4.629039311839346e-06
4.330875166064165e-06
4.033479119276934e-06
3.737112586869645e-06
3.441352651123008e-06
3.146500456070207e-06
2.852343123051503e-06
2.55908506467518e-06
2.266708124376555e-06
1.97510046995986e-06
1.684218966212573e-06
1.394452511821627e-06
1.105238147313824e-06
8.171476954291722e-07
5.297995014372572e-07
2.433865398504792e-07
-4.231585772841088e-08
-3.269550072534911e-07
-6.108754326759316e-07
-8.937837273145929e-07
-1.175728321546263e-06
-1.45696047660688e-06
-1.737167037451308e-06
-2.01643336719131e-06
-2.294855236763098e-06
-2.572380688627948e-06
-2.848955490643838e-06
-3.124461503498739e-06
-3.399174775624487e-06
-3.672968391632401e-06
-3.945716286805196e-06
-4.217583523472506e-06
-4.488204148365532e-06
-4.758251887888583e-06
-5.027176385983216e-06
-5.295050583054126e-06
-5.561975187988422e-06
-5.827961281674646e-06
-6.092986393932187e-06
-6.356840519958597e-06
-6.619793573089971e-06
-6.881705319205578e-06
-7.14265968035439e-06
-7.402527742827948e-06
-7.661350776359111e-06
-7.919277697421973e-06
-8.1761679399836e-06
-8.431881071241181e-06
-8.686493079463562e-06
-8.940248936581586e-06
-9.19287480965648e-06
-9.444363594416158e-06
-9.694817960538988e-06
-9.944316053472142e-06
-1.019260188812741e-05
-1.043983554950131e-05
-1.068596827438425e-05
-1.093089943802182e-05
-1.117498655392105e-05
-1.141779608449512e-05
-1.165947344502295e-05
-1.190017925326278e-05
-1.213965096648705e-05
-1.237804675260302e-05
-1.261523727663532e-05
-1.285131589222606e-05
-1.308632435996146e-05
-1.33201946650495e-05
-1.355281177487395e-05
-1.378435516527515e-05
-1.401468938683738e-05
-1.424390683858867e-05
-1.447191099061276e-05
-1.469878579338105e-05
-1.492432757648876e-05
-1.514892445899868e-05
-1.537218937724732e-05
-1.559426386983127e-05
-1.581514432967454e-05
-1.603492188081304e-05
-1.625340008188129e-05
-1.647071052858032e-05
-1.66867080178913e-05
-1.690158996414814e-05
-1.711523404974381e-05
-1.732762855048922e-05
-1.75386669398691e-05
-1.774857831016345e-05
-1.79573161973949e-05
-1.816473301596575e-05
-1.837091907053149e-05
-1.857588166359367e-05
-1.877947430900927e-05
-1.898174785291282e-05
-1.918292385671167e-05
-1.938281588139066e-05
-1.958130711265008e-05
-1.977864479058082e-05
-1.997467767632195e-05
-2.016938843858707e-05
-2.036289778947387e-05
-2.055488884570596e-05
-2.074577190315166e-05
-2.093528659070813e-05
-2.112350412756415e-05
-2.13103813851823e-05
-2.149615280816456e-05
-2.16802626487839e-05
-2.186324924855374e-05
-2.204486867055771e-05
-2.222515349691121e-05
-2.240413246176061e-05
-2.25817581188412e-05
-2.275809380092796e-05
-2.293298632850573e-05
-2.310657041651768e-05
-2.327895524001278e-05
-2.344982720448801e-05
-2.36195399849101e-05
-2.378759836965373e-05
-2.395446877036757e-05
-2.412001888863284e-05
-2.428411803702629e-05
-2.444688423910456e-05
-2.460841556519642e-05
-2.476830679190138e-05
-2.492703983191511e-05
-2.508432885458834e-05
-2.524028449469947e-05
-2.539474122832458e-05
-2.554791511007758e-05
-2.569976352994126e-05
-2.585015565513588e-05
-2.599914089482666e-05
-2.614679214393046e-05
-2.629299399701017e-05
-2.643785492102936e-05
-2.658134163478185e-05
-2.672333897702796e-05
-2.686404034759504e-05
-2.700340828908616e-05
-2.714123830936372e-05
-2.727778644834317e-05
-2.74128590687817e-05
-2.754654824560208e-05
-2.767883625046661e-05
-2.780982341301369e-05
-2.79393722789707e-05
-2.806744076146142e-05
-2.819411690883952e-05
-2.831954094861371e-05
-2.844341603064888e-05
-2.856609261241575e-05
-2.86872166735024e-05
-2.880691910751309e-05
-2.892522779474922e-05
-2.904220895239645e-05
-2.915780175949232e-05
-2.927194540986499e-05
-2.938465074165113e-05
-2.949620250744996e-05
-2.960610548954316e-05
-2.971487271674202e-05
-2.982199936359656e-05
-2.992793382496582e-05
-3.003233725744421e-05
-3.013551967480929e-05
-3.023721906728732e-05
-3.033760524325327e-05
-3.043653290218786e-05
-3.05343181617726e-05
-3.06304376693733e-05
-3.072541625587143e-05
-3.081889343533681e-05
-3.091120781878779e-05
-3.100196785857886e-05
-3.10914234106635e-05
-3.117965814597069e-05
-3.126638272277445e-05
-3.135201076986625e-05
-3.143611300368242e-05
-3.151892674710098e-05
-3.160046764816345e-05
-3.168067656717014e-05
-3.175964008612435e-05
-3.183717967820561e-05
-3.191349814478095e-05
-3.198852566589753e-05
-3.2062301933331e-05
-3.213479794260372e-05
-3.220596136082301e-05
-3.227587390475202e-05
-3.234457290373004e-05
-3.241199035087081e-05
-3.247814540244504e-05
-3.254313768114741e-05
-3.260692184787932e-05
-3.266949553836994e-05
-3.273066721242508e-05
-3.279083094367548e-05
-3.284982238967021e-05
-3.290744779705575e-05
-3.296404629016408e-05
-3.301960368586118e-05
-3.307377492762788e-05
-3.312691543529917e-05
-3.317894901553659e-05
-3.322971932049208e-05
-3.327967501507841e-05
-3.332823790051212e-05
-3.337580824512108e-05
-3.342239514108376e-05
-3.346791383989987e-05
-3.351245210808255e-05
-3.35559412948924e-05
-3.359827042306712e-05
-3.363968284248082e-05
-3.368005980290583e-05
-3.371967222933152e-05
-3.375818212304672e-05
-3.379567579711389e-05
-3.383231141056789e-05
-3.386804108316921e-05
-3.390288731623797e-05
-3.39369357577618e-05
-3.397016534278126e-05
-3.400246800591216e-05
-3.403401987236885e-05
-3.406463516156761e-05
-3.409459251314719e-05
0
