1.939200680125576e-07
-8.350754576041692e-07
-1.870583066547905e-06
-2.921668832849044e-06
-3.997435457499861e-06
-5.107055100360977e-06
-6.259801079323965e-06
-7.46507819577311e-06
-8.732451284908325e-06
-1.007167183503417e-05
-1.149270225235316e-05
-1.300573766235878e-05
-1.462122489214704e-05
-1.634987852488416e-05
-1.820269374295527e-05
-2.019095585006436e-05
-2.232624635822346e-05
-2.462044545316501e-05
-2.708573084713605e-05
-2.973457292036714e-05
-3.257972616822942e-05
-3.563421698403143e-05
-3.891132779539885e-05
-4.242457770388094e-05
-4.618769972266567e-05
-5.021461476377179e-05
-5.451940256997834e-05
-5.911626984732719e-05
-6.401951577089744e-05
-6.924349519692288e-05
-7.480257984509805e-05
-8.071111773953364e-05
-8.698339128317904e-05
-9.36335742210536e-05
-0.0001006756879038097
-0.0001081235571557369
-0.000115990766071009
-0.0001242906141144828
-0.0001330360728460192
-0.0001422397435348779
-0.0001519138160360606
-0.0001620700291889714
-0.0001727196329765163
-0.000183873352727717
-0.0001955413555727848
-0.0002077332193464159
-0.0002204579041162279
-0.0002337237264872956
-0.0002475383368029443
-0.0002619086993160468
-0.000276841075472416
-0.0002923410102357283
-0.0003084133216102081
-0.0003250620932375224
-0.000342290670145527
-0.0003601016575292821
-0.0003784969225696082
-0.0003974775991380424
-0.0004170440953852918
-0.000437196104014821
-0.0004579326151795344
-0.0004792519318675484
-0.0005011516876104304
-0.0005236288664080147
-0.0005466798246763589
-0.0005703003151088272
-0.0005944855122575303
-0.0006192300397081718
-0.0006445279986513142
-0.0006703729977402036
-0.0006967581840300607
-0.0007236762748866945
-0.0007511195906997475
-0.0007790800882417652
-0.0008075493945637604
-0.000836518841244421
-0.000865979498942967
-0.0008959222120305732
-0.0009263376332637203
-0.0009572162583662376
-0.0009885484603850934
-0.001020324523773135
-0.001052534678064632
-0.001085169131086575
-0.001118218101617408
-0.001151671851408425
-0.001185520716549121
-0.001219755138042913
-0.001254365691612535
-0.001289343116637164
-0.001324678344220328
-0.001360362524301018
-0.001396387051827876
-0.001432743591940592
-0.001469424104121312
-0.001506420865362896
-0.001543726492243863
-0.001581333961970292
-0.001619236632383053
-0.001657428260842391
-0.00169590302211727
-0.001734655525133683
-0.00177368082875396
-0.001812974456406863
-0.001852532409762857
-0.001892351181309993
-0.001932427765966665
-0.001972759671632361
-0.00201334492879008
-0.002054182099133791
-0.002095270283211684
-0.002136609127161057
-0.002178198828509602
-0.002220040141081192
-0.002262134379026542
-0.002304483419982595
-0.002347089707407553
-0.002389956252065303
-0.002433086632757975
-0.002476484996215007
-0.00252015605625874
-0.002564105092209763
-0.002608337946549387
-0.00265286102187201
-0.002697681277139208
-0.002742806223234765
-0.002788243917842595
-0.002834002959638432
-0.002880092481867537
-0.002926522145197636
-0.002973302129968472
-0.003020443127795354
-0.003067956332477607
-0.003115853430314681
-0.003164146589721389
-0.003212848450196227
-0.003261972110646639
-0.00331153111697592
-0.003361539449018963
-0.003412011506759335
-0.003462962095771273
-0.003514406411972475
-0.003566360025518262
-0.003618838863942601
-0.00367185919441626
-0.003725437605136673
-0.003779590985797696
-0.003834336507080497
-0.003889691599146282
-0.003945673929064111
-0.004002301377106372
-0.004059592011896915
-0.00411756406429027
-0.00417623589999468
-0.004235625990755796
-0.004295752884165377
-0.004356635171904742
-0.004418291456400932
-0.004480740315785545
-0.004544000267097574
-0.004608089727591765
-0.004673026974102395
-0.004738830100326002
-0.004805516971983376
-0.004873105179642282
-0.004941611989239418
-0.005011054290071322
-0.005081448540194297
-0.00515281070915098
-0.005225156217841964
-0.005298499875494285
-0.005372855813567603
-0.005448237416545322
-0.005524657249446806
-0.005602126981984162
-0.005680657309305383
-0.005760257869161865
-0.005840937155479904
-0.005922702428248125
-0.006005559619671314
-0.006089513236527089
-0.006174566258728739
-0.006260720034095518
-0.006347974169295364
-0.006436326417095703
-0.006525772559892846
-0.006616306289719208
-0.006707919084817328
-0.006800600082938153
-0.006894335951732386
-0.006989110756274238
-0.00708490582428683
-0.007181699609296315
-0.007279467552243014
-0.007378181941992475
-0.007477811775448147
-0.007578322617761779
-0.007679676463534028
-0.007781831599756104
-0.007884742471354598
-0.007988359550428585
-0.008092629210190341
-0.008197493604810535
-0.008302890556394963
-0.008408753450551146
-0.008515011141792051
-0.008621587870517318
-0.008728403192977012
-0.008835371926001957
-0.008942404108175348
-0.009049404979182928
-0.009156274979223696
-0.009262909770198993
-0.009369200280537816
-0.009475032775435575
-0.00958028895421351
-0.009684846076494454
-0.009788577118699198
-0.009891350962274833
-0.009993032614966913
-0.01009348346610381
-0.01019256157672277
-0.01029012200510825
-0.01038601716797313
-0.01048009723715271
-0.0105722105714013
-0.0106622041824205
-0.0107499242338287
-0.01083521657144651
-0.01091792728264448
-0.01099790328224951
-0.01107499292186878
-0.01114904661918271
-0.0112199175032299
-0.01128746207135574
-0.01135154085305453
-0.01141201907572664
-0.01146876732693404
-0.01152166220762608
-0.01157058697062538
-0.01161543213857201
-0.01165609609548554
-0.01169248564630066
-0.01172451653871876
-0.01175211394215634
-0.01177521287878838
-0.01179375860208953
-0.01180770691888609
-0.01181702445135341
-0.01182168883611905
-0.01182168885823763
-0.011817024518609
-0.01180770703396561
-0.01179375876959098
-0.01177521310535633
-0.01175211423673226
-0.01172451691284118
-0.01169248611449778
-0.01165609667575432
-0.01161543285296502
-0.01157058784596877
-0.01152166327636252
-0.01146876862811707
-0.01141202065618871
-0.0113515427687838
-0.01128746438910846
-0.0112199203023702
-0.01114904999382316
-0.01107499698336428
-0.01099790816200556
-0.01091793313538244
-0.01083522357888287
-0.0107499326088922
-0.01066221417401455
-0.0105722224697696
-0.01048011137993327
-0.01038603394698812
-0.01029014187396233
-0.01019258505923983
-0.01009351116575522
-0.009993065225261156
-0.009891389278243212
-0.009788622049560526
-0.009684898659512532
-0.009580350369846906
-0.009475104363877999
-0.009369283559681377
-0.009263006455060487
-0.009156387002955003
-0.009049534515674777
-0.008942553596299363
-0.00883554409559164
-0.008728601092445814
-0.008621814896332257
-0.008515271069649229
-0.008409050468347723
-0.008303229298991228
-0.008197879190520747
-0.008093067279054462
-0.00798885630413591
-0.007885304714891119
-0.007782466784593411
-0.007680392732380972
-0.00757912885076123
-0.007478717637737008
-0.0073791979324916
-0.007280605053606366
-0.007182970938892232
-0.007086324286001701
-0.006990690693103003
-0.006896092798906706
-0.006802550421467926
-0.006710080695284602
-0.006618698206118059
-0.006528415123325132
-0.006439241329138244
-0.006351184544853005
-0.006264250453484227
-0.00617844281885403
-0.006093763600832764
-0.006010213066772848
-0.005927789898897357
-0.005846491297735025
-0.005766313081492905
-0.005687249781374407
-0.005609294732957027
-0.005532440163519465
-0.005456677275510803
-0.005381996326162265
-0.005308386703300589
-0.005235836997535852
-0.005164335070832643
-0.005093868121608547
-0.005024422746478226
-0.004955984998712079
-0.004888540443551548
-0.00482207421050927
-0.004756571042702328
-0.004692015343441489
-0.004628391220078847
-0.004565682525285824
-0.004503872895869804
-0.00444294578923861
-0.004382884517564881
-0.004323672279860295
-0.004265292191986614
-0.00420772731463542
-0.004150960679570086
-0.004094975314038642
-0.004039754263482324
-0.003985280612715467
-0.003931537505556915
-0.00387850816303124
-0.003826175900207728
-0.003774524141795683
-0.003723536436467057
-0.00367319647007902
-0.003623488077751025
-0.003574395255016479
-0.00352590216787962
-0.003477993162083472
-0.003430652771413602
-0.003383865725275428
-0.003337616955417521
-0.003291891602069221
-0.003246675019231625
-0.003201952779488255
-0.003157710678142738
-0.003113934736790831
-0.003070611206424467
-0.003027726569955938
-0.002985267544398286
-0.002943221082497117
-0.002901574374045979
-0.002860314846791664
-0.002819430166972258
-0.002778908239582473
-0.002738737208273885
-0.00269890545501083
-0.002659401599469166
-0.002620214498148021
-0.002581333243325577
-0.002542747161742189
-0.002504445813104902
-0.002466418988464194
-0.002428656708388401
-0.002391149220972377
-0.002353886999733695
-0.002316860741411745
-0.002280061363634321
-0.002243480002419119
-0.002207108009699503
-0.00217093695069125
-0.002134958601208838
-0.00209916494490042
-0.002063548170454887
-0.002028100668747268
-0.001992815029929794
-0.001957684040478181
-0.0019227006802934
-0.001887858119624695
-0.001853149716125359
-0.001818569011795742
-0.001784109729978219
-0.001749765772294936
-0.001715531215643266
-0.00168140030912589
-0.001647367471045016
-0.001613427285881495
-0.001579574501285606
-0.001545804025088882
-0.001512110922349857
-0.001478490412328027
-0.001444937865664332
-0.001411448801407297
-0.00137801888413123
-0.00134464392109447
-0.001311319859443029
-0.001278042783384946
-0.001244808911443705
-0.001211614593712474
-0.001178456309202233
-0.001145330663130094
-0.001112234384335596
-0.001079164322681954
-0.001046117446490431
-0.001013090840052342
-0.0009800817011119038
-0.000947087338497844
-0.0009141051696487221
-0.0008811327182836322
-0.0008481676120981397
-0.0008152075804366699
-0.0007822504520789753
-0.0007492941530217402
-0.0007163367043087846
-0.0006833762199011128
-0.0006504109045862522
-0.0006174390518981191
-0.000584459042159331
-0.0005514693404269264
-0.0005184684946239839
-0.000485455133552999
-0.0004524279651006448
-0.0004193857743743767
-0.0003863274218822016
-0.0003532518418057542
-0.0003201580402736014
-0.000287045093628222
-0.000253912146806074
-0.0002207584117054572
-0.0001875831656018736
-0.000154385749542762
-0.0001211655668773089
-8.792208175498238e-05
-5.465481762196613e-05
-2.136335580304235e-05
1.195266585570431e-05
4.529355441024781e-05
7.865956315680116e-05
0.0001120508929521266
0.0001454676934429457
0.0001789100644022574
0.0002123780569057571
0.0002458716745881071
0.0002793908747510468
0.0003129355695930018
0.0003465056272707438
0.0003801008730520514
0.0004137210903714563
0.0004473660218737125
0.0004810353704729111
0.0005147288003338791
0.0005484459378937046
0.0005821863727693767
0.0006159496587630831
0.0006497353147432016
0.0006835428255466585
0.0007173716428848255
0.0007512211861772425
0.0007850908434198826
0.0008189799719753013
0.0008528878994013939
0.0008868139242171097
0.0009207573167028275
0.0009547173196143737
0.0009886931489455106
0.001022683994608775
0.001056689021204158
0.001090707368620091
0.001124738152759448
0.001158780466189555
0.00119283337873675
0.00122689593819379
0.001260967170834279
0.001295046082106678
0.001329131657133652
0.001363222861326753
0.001397318640945347
0.00143141792362454
0.001465519618935155
0.001499622618855804
0.001533725798340603
0.001567828015772103
0.001601928113481512
0.00163602491818273
0.001670117241477921
0.001704203880299551
0.001738283617352137
0.001772355221536922
0.00180641744838551
0.001840469040497523
0.00187450872789137
0.001908535228463976
0.001942547248336326
0.001976543482257932
0.0020105226139643
0.002044483316529395
0.002078424252756486
0.00211234407548591
0.002146241427971356
0.002180114944181419
0.002213963249141638
0.002247784959252995
0.002281578682593982
0.002315343019224226
0.002349076561501151
0.002382777894340692
0.002416445595546375
0.00245007823602795
0.002483674380130122
0.002517232585884425
0.002550751405234492
0.002584229384345852
0.002617665063842292
0.002651056979005266
0.002684403660083994
0.002717703632466317
0.002750955416973879
0.002784157530014801
0.002817308483863856
0.002850406786849759
0.002883450943581291
0.002916439455125147
0.002949370819245053
0.002982243530582733
0.003015056080854597
0.003047806959055981
0.003080494651576077
0.003113117642510797
0.00314567441373652
0.003178163445111278
0.003210583214662989
0.003242932198742537
0.003275208872210104
0.003307411708562812
0.003339539180114231
0.003371589758161421
0.003403561913107718
0.003435454114628128
0.003467264831821064
0.003498992533336975
0.003530635687535966
0.003562192762610445
0.003593662226711181
0.003625042548127774
0.003656332195346662
0.003687529637231762
0.003718633343134584
0.003749641783025614
0.003780553427581249
0.003811366748324541
0.003842080217747658
0.00387269230943137
0.003903201498105285
0.003933606259823776
0.003963905071998989
0.003994096413602932
0.004024178765171763
0.004054150608948734
0.004084010428988807
0.00411375671125418
0.004143387943702778
0.004172902616354302
0.004202299221433733
0.004231576253412882
0.004260732209144998
0.004289765587897263
0.004318674891472718
0.004347458624274356
0.004376115293405064
0.004404643408715304
0.004433041482910694
0.004461308031627588
0.004489441573464306
0.004517440630121178
0.004545303726404843
0.004573029390358812
0.004600616153281145
0.004628062549836963
0.0046553671180731
0.004682528399531708
0.00470954493927897
0.004736415285988591
0.004763137991991264
0.004789711613356964
0.004816134709883901
0.004842405845260111
0.004868523587015554
0.004894486506652272
0.004920293179659227
0.004945942185568125
0.004971432108025553
0.00499676153480803
0.005021929057909021
0.005046933273542076
0.0050717727822425
0.005096446188856336
0.00512095210259603
0.005145289137148558
0.005169455910627158
0.005193451045640952
0.005217273169381732
0.005240920913588137
0.005264392914646673
0.0052876878135905
0.005310804256169544
0.005333740892815624
0.005356496378765225
0.005379069374044736
0.005401458543499352
0.005423662556829528
0.005445680088648075
0.005467509818455594
0.005489150430726067
0.005510600614897232
0.005531859065389244
0.005552924481703159
0.005573795568316399
0.005594471034839885
0.005614949595952184
0.005635229971469971
0.005655310886336565
0.005675191070679741
0.005694869259762549
0.00571434419409059
0.005733614619399176
0.005752679286593525
0.005771536951898319
0.005790186376774554
0.005808626327968787
0.00582685557752324
0.005844872902783437
0.005862677086440643
0.005880266916496014
0.005897641186305702
0.005914798694583001
0.005931738245390717
0.005948458648186924
0.005964958717801296
0.005981237274453451
0.005997293143760784
0.006013125156748261
0.006028732149834721
0.006044112964860834
0.006059266449095698
0.00607419145520826
0.006088886841310202
0.006103351470929295
0.00611758421303142
0.006131583941991089
0.006145349537628696
0.006158879885204567
0.006172173875393011
0.006185230404305461
0.006198048373473886
0.00621062668987515
0.006222964265878567
0.00623506001929819
0.006246912873372557
0.006258521756734452
0.006269885603428643
0.006281003352914605
0.006291873950062118
0.006302496345115509
0.006312869493724745
0.00632299235691402
0.006332863901104065
0.006342483098077259
0.006351848924977218
0.006360960364306611
0.006369816403951172
0.006378416037122679
0.006386758262360959
0.006394842083554194
0.006402666509920734
0.006410230555989911
0.006417533241608471
0.006424573591920446
0.006431350637387329
0.006437863413740127
0.006444110962016081
0.006450092328515775
0.006455806564846992
0.006461252727843552
0.006466429879631451
0.006471337087583177
0.00647597342434114
0.006480337967798726
0.006484429801088603
0.00648824801259739
0.006491791695947744
0.006495059950036468
0.006498051878962781
0.006500766592120052
0.006503203204110894
0.006505360834817066
0.006507238609362804
0.00650883565814169
0.006510151116811764
0.006511184126313279
0.006511933832879188
0.006512399388027619
0.006512579948601839
0.006512474676767225
0.006512082740036837
0.006511403311282593
0.006510435568757076
0.006509178696153761
0.006507631882541914
0.006505794322472246
0.006503665216048197
0.006501243768791666
0.006498529191866135
0.006495520702020302
0.006492217521627405
0.006488618878759426
0.006484724007224916
0.006480532146628215
0.006476042542416459
0.00647125444595796
0.006466167114557656
0.006460779811606872
0.006455091806593975
0.006449102375203662
0.0064428107993974
0.006436216367493103
0.006429318374284443
0.006422116121138338
0.00641460891604917
0.006406796073821924
0.006398676916134028
0.00639025077171156
0.006381516976407159
0.006372474873370297
0.006363123813199385
0.006353463154066494
0.006343492261904241
0.006333210510573688
0.006322617282033731
0.006311711966532864
0.00630049396280129
0.006288962678276945
0.006277117529325616
0.006264957941417407
0.006252483349432627
0.00623969319786584
0.006226586941126796
0.006213164043756905
0.006199423980794304
0.00618536623801575
0.006170990312245725
0.006156295711730922
0.006141281956465524
0.006125948578501746
0.006110295122391301
0.006094321145545147
0.006078026218618194
0.006061409925965501
0.006044471866069965
0.006027211652005609
0.006009628911899846
0.005991723289456852
0.005973494444453993
0.005954942053306406
0.005936065809595497
0.005916865424677917
0.005897340628295141
0.005877491169173158
0.005857316815726056
0.005836817356687464
0.005815992601859105
0.005794842382803599
0.005773366553671615
0.005751564991907652
0.005729437599126944
0.005706984301974733
0.005684205052964483
0.005661099831421205
0.005637668644426918
0.005613911527792403
0.005589828547099136
0.005565419798694965
0.00554068541086545
0.005515625544882827
0.005490240396224979
0.00546453019576664
0.005438495211028828
0.005412135747446613
0.005385452149742564
0.005358444803253705
0.005331114135405111
0.005303460617167634
0.005275484764515758
0.005247187140076762
0.005218568354691493
0.005189629069080814
0.00516036999557659
0.005130791899893188
0.005100895602931642
0.005070681982657938
0.005040151976045407
0.005009306581042333
0.004978146858644917
0.004946673934979407
0.004914889003459772
0.004882793327033071
0.004850388240438257
0.004817675152559831
0.004784655548830636
0.004751330993688352
0.004717703133136271
0.004683773697311907
0.004649544503136109
0.004615017457063795
0.004580194557845715
0.004545077899376393
0.004509669673627394
0.004473972173599287
0.004437987796375036
0.004401719046228337
0.004365168537762545
0.004328338999167375
0.004291233275469095
0.004253854331892746
0.004216205257275272
0.0041782892674793
0.004140109708957311
0.004101670062269426
0.004062973945685649
0.004024025118881408
0.003984827486592982
0.003945385102378298
0.003905702172367982
0.003865783059059067
0.003825632285186107
0.003785254537500601
0.003744654670697511
0.003703837711242885
0.003662808861253781
0.00362157350240843
0.00358013719974334
0.003538505705547919
0.003496684963143469
0.003454681110676281
0.003412500484827634
0.003370149624497952
0.003327635274414868
0.003284964388613078
0.003242144133903515
0.003199181893209897
0.003156085268682788
0.003112862084875144
0.003069520391578124
0.003026068466590858
0.002982514818309573
0.002938868188029402
0.002895137552158701
0.0028513321240636
0.002807461355697767
0.002763534939019263
0.002719562806963292
0.002675555134222152
0.002631522337577143
0.0025874750759076
0.002543424249778089
0.002499381000602856
0.002455356709358856
0.002411362994794115
0.002367411711163337
0.002323514945395561
0.002279685013694405
0.002235934457590615
0.002192276039268381
0.002148722736363629
0.002105287735964541
0.00206198442795768
0.002018826397631278
0.001975827417473128
0.001933001438212853
0.001890362578986783
0.001847925116700717
0.001805703474472627
0.001763712209194684
0.001721965998175632
0.001680479624845543
0.001639267963454954
0.001598345962892666
0.001557728629400162
0.001517431008407106
0.001477468165280928
0.001437855165141258
0.001398607051635355
0.001359738824757368
0.001321265417676412
0.00128320167260206
0.001245562315780354
0.001208361931517408
0.001171614935383513
0.001135335546615766
0.001099537759718669
0.001064235315401302
0.001029441670865399
0.0009951699695252324
0.0009614330102891838
0.0009282432163927792
0.0008956126040505384
0.0008635527508250324
0.0008320747640465382
0.0008011892492310472
0.0007709062787683955
0.0007412353609023547
0.0007121854092832121
0.0006837647131281719
0.0006559809082265985
0.0006288409489512469
0.0006023510814097697
0.0005765168179962263
0.0005513429133930177
0.0005268333423735514
0.0005029912794121522
0.0004798190804291046
0.0004573182667596074
0.0004354895115454916
0.0004143326286950655
0.0003938465646396651
0.0003740293929118117
0.0003548783118047611
0.0003363896451105521
0.0003185588461633712
0.0003013805051357145
0.000284848359789727
0.0002689553095611185
0.0002536934331728224
0.0002390540095854347
0.0002250275423741331
0.0002116037874098763
0.0001987717837447791
0.0001865198875922146
0.0001748358092263634
0.0001637066526403584
0.0001531189576970604
0.0001430587446083465
0.0001335115603734267
0.000124462526979664
0.0001158963909552494
0.0001077975740209156
0.0001001502244387643
9.293826868723336e-05
8.614546312849143e-05
7.97554452418533e-05
7.375178409024623e-05
6.811802955746698e-05
6.2837760118316e-05
5.789462866650314e-05
5.327240608298846e-05
4.895502226441931e-05
4.492660430022817e-05
4.117151147221528e-05
3.767436694208275e-05
3.442008578067191e-05
3.139389930601703e-05
2.858137551181323e-05
2.59684354963559e-05
2.354136587302304e-05
2.128682709218697e-05
1.919185772349943e-05
1.724387476484271e-05
1.543067001100705e-05
1.374040268212716e-05
1.216158840827057e-05
1.068308478844281e-05
9.294073737632722e-06
7.984040814252094e-06
6.742751864050305e-06
5.560227180361702e-06
4.426713526068174e-06
3.33265430975567e-06
2.268658203845308e-06
1.225466585458735e-06
-1.029357649451721e-06
-1.031340890265503e-06
-1.042390847354591e-06
-1.062525258059735e-06
-1.091792609941256e-06
-1.130289547431215e-06
-1.178129448946416e-06
-1.235453809322244e-06
-1.302433813626035e-06
-1.379278064609446e-06
-1.466206227265427e-06
-1.563458906027203e-06
-1.671292599512742e-06
-1.789990496902758e-06
-1.919836845447857e-06
-2.061123202719232e-06
-2.214148676756944e-06
-2.379209865587689e-06
-2.556609231592089e-06
-2.746629165085025e-06
-2.949549698106995e-06
-3.165642858390233e-06
-3.395148453431084e-06
-3.638292986448235e-06
-3.895276088454469e-06
-4.166279409672916e-06
-4.451443499390033e-06
-4.750877204590901e-06
-5.064659659275545e-06
-5.392817091082625e-06
-5.73534933287663e-06
-6.092219989339511e-06
-6.463341141072296e-06
-6.848565449471344e-06
-7.247743190024245e-06
-7.66063767554368e-06
-8.086998241809353e-06
-8.526501626103536e-06
-8.978813502827921e-06
-9.443541116367098e-06
-9.920241460780698e-06
-1.040845313989711e-05
-1.090767016551529e-05
-1.141734148999649e-05
-1.193690363528024e-05
-1.246574771182667e-05
-1.300323207317032e-05
-1.354872130894942e-05
-1.410151900616449e-05
-1.466093799148041e-05
-1.5226268699047e-05
-1.579678270944483e-05
-1.637175207626704e-05
-1.695044574469523e-05
-1.753211151070927e-05
-1.811601429769013e-05
-1.870141738373758e-05
-1.928759361287426e-05
-1.987381293346312e-05
-2.045937301994309e-05
-2.104357759795674e-05
-2.162574363763257e-05
-2.220521316842596e-05
-2.278134617536212e-05
-2.335352564632862e-05
-2.392115779679968e-05
-2.448368432728952e-05
-2.504056565075245e-05
-2.559128543011683e-05
-2.613537890289934e-05
-2.667239207668279e-05
-2.72019086526204e-05
-2.772355544292155e-05
-2.823698318808485e-05
-2.87418736677171e-05
-2.923795432709858e-05
-2.972498189120857e-05
-3.020274258276118e-05
-3.067106066508962e-05
-3.112980785891767e-05
-3.157886634180723e-05
-3.201816602245458e-05
-3.244767433917834e-05
-3.286738771914155e-05
-3.327731992385402e-05
-3.367753788499457e-05
-3.406813660580365e-05
-3.444922863330525e-05
-3.482097300871019e-05
-3.518353171636727e-05
-3.553712818306007e-05
-3.5881983732263e-05
-3.621835407371617e-05
-3.65465282870996e-05
-3.686680703655535e-05
-3.717953113442803e-05
-3.748503508552945e-05
-3.778370193672484e-05
-3.807591968651357e-05
-3.836209628697737e-05
-3.864265522920528e-05
-3.891804070390317e-05
-3.918871655974948e-05
-3.945514606373818e-05
-3.971781786306936e-05
-3.997722768508076e-05
-4.023388738073766e-05
-4.048830970461155e-05
-4.074102879015094e-05
-4.099257774405773e-05
-4.124349069793405e-05
-4.149433313598114e-05
-4.174565119358532e-05
-4.199799592326074e-05
-4.225193908658078e-05
-4.250805315968284e-05
-4.276688604638016e-05
-4.3029012783981e-05
-4.329501528709326e-05
-4.356544837444556e-05
-4.384088152824053e-05
-4.412187999594281e-05
-4.440900800521959e-05
-4.470282116012114e-05
-4.500386824217204e-05
-4.531271609078544e-05
-4.562989244569873e-05
-4.595594868923417e-05
-4.629140758686156e-05
-4.663679264257365e-05
-4.699262620215925e-05
-4.735941368692455e-05
-4.773764562605469e-05
-4.81278252881462e-05
-4.853040655091424e-05
-4.894587728193681e-05
-4.937468187602702e-05
-4.981726113720642e-05
-5.027404745651917e-05
-5.074544176735676e-05
-5.123185460308881e-05
-5.173366499889681e-05
-5.225123764459629e-05
-5.278492371934941e-05
-5.333504482727994e-05
-5.390193588029212e-05
-5.448586321246644e-05
-5.508711311869569e-05
-5.570592330187674e-05
-5.634252563584515e-05
-5.699712179309989e-05
-5.766988438579593e-05
-5.836096576500186e-05
-5.907048435161994e-05
-5.9798529918437e-05
-6.05451689438034e-05
-6.131042064543821e-05
-6.209428140567069e-05
-6.289671075707223e-05
-6.371763268728475e-05
-6.455691663307691e-05
-6.541441374596549e-05
-6.628990917534206e-05
-6.718315205239442e-05
-6.809384846171882e-05
-6.902164815493185e-05
-6.996613256707617e-05
-7.092685933869708e-05
-7.190330702644803e-05
-7.289488920249795e-05
-7.390096157307143e-05
-7.492082056741764e-05
-7.595367709482638e-05
-7.699867595467353e-05
-7.80548705039121e-05
-7.912126386869686e-05
-8.019673895500605e-05
-8.128012078013988e-05
-8.237011613901948e-05
-8.346535617918466e-05
-8.456435814940236e-05
-8.566554731543208e-05
-8.676723283027499e-05
-8.786762281200091e-05
-8.896479347913453e-05
-9.005672240883548e-05
-9.114125767439515e-05
-9.221610260074615e-05
-9.327888463821573e-05
-9.432704225192858e-05
-9.535790287086668e-05
-9.636866380161713e-05
-9.735638813609395e-05
-9.831797545236092e-05
-9.925021839087732e-05
-0.0001001497418340969
-0.0001010130366575398
-0.0001018364750102898
-0.0001026162719278607
-0.0001033485164710994
-0.0001040291686277203
-0.0001046540720393689
-0.000105218921610324
-0.0001057193621972248
-0.0001061508800412313
-0.0001065089131072592
-0.0001067887977180093
-0.0001069858160852864
-0.0001070952103924581
-0.0001071121658571839
-0.0001070319009769232
-0.0001068496006136123
-0.0001065605078080589
-0.0001061599204765437
-0.0001056431993887985
-0.0001050058524074294
-0.0001042435039190944
-0.0001033519453884533
-0.0001023271917651487
-0.0001011654981447444
-9.986335608113615e-05
-9.841761234995807e-05
-9.682543174898052e-05
-9.508436017705593e-05
-9.319236623388943e-05
-9.114785331822156e-05
-8.894971874651867e-05
-8.659738672304559e-05
-8.409079535962629e-05
-8.143048913020467e-05
-7.861758687049011e-05
-7.565384433475122e-05
-7.254164495524949e-05
-6.928404007389805e-05
-6.588471513271698e-05
-6.234805326405803e-05
-5.867908236288383e-05
-5.488349056566842e-05
-5.096761861691536e-05
-4.693844773174497e-05
-4.280354653626785e-05
-3.85710716483377e-05
-3.424971401637476e-05
-2.984867183539598e-05
-2.537760324772275e-05
-2.084656209243698e-05
-1.626596121405096e-05
-1.164650294970747e-05
-6.999129430855402e-06
-2.334924628217465e-06
2.334879127080739e-06
6.999078192495839e-06
1.164644918219651e-05
1.626591053930144e-05
2.084650162432854e-05
2.537753002016332e-05
2.984858444374136e-05
3.424960961649951e-05
3.857094785037087e-05
4.280340394319227e-05
4.693826915921949e-05
5.096740530469537e-05
5.488323381294691e-05
5.867877146993356e-05
6.234767676028825e-05
6.588427598616642e-05
6.928351560218444e-05
7.254101981070426e-05
7.565310030586254e-05
7.861669280063711e-05
8.142942525399697e-05
8.408953842728713e-05
8.659588697874698e-05
8.894796205471145e-05
9.114577852015097e-05
9.318993263015667e-05
9.508150166631142e-05
9.682209742299262e-05
9.841371228663768e-05
9.985880746230257e-05
0.0001011602035875233
0.0001023210531774165
0.0001033448250366258
0.0001042352759553898
0.0001049963748758116
0.0001056322904954238
0.0001061473930767109
0.0001065461658577903
0.0001068332073529949
0.0001070132076564008
0.0001070908854635305
0.00010707104396151
0.0001069584339210147
0.0001067578329453885
0.0001064739763108586
0.0001061115325767795
0.000105675134467613
0.0001051693236657303
0.0001045985497388062
0.0001039671466059762
0.0001032793775437842
0.0001025393353162725
0.0001017510299804206
0.0001009183197921606
0.000100044939088935
9.913447892074738e-05
9.819039018662179e-05
9.721598652236419e-05
9.621444333577281e-05
9.518878867051392e-05
9.414192079805356e-05
9.30765794138925e-05
9.199539632393639e-05
9.090084380373098e-05
8.979528887139316e-05
8.868094485123734e-05
8.755991534407589e-05
8.643417678120088e-05
8.530560659173397e-05
8.417593600094941e-05
8.304680863599863e-05
8.191976171503253e-05
8.07962147252595e-05
7.967753225160786e-05
7.856492495816289e-05
7.745956101516476e-05
7.636250494136873e-05
7.527473576574863e-05
7.419717345063734e-05
7.313063497769225e-05
7.207589848698133e-05
7.103364571387004e-05
7.000451754288867e-05
6.898907450036246e-05
6.798785470075118e-05
6.700130267172548e-05
6.602984527102505e-05
6.507382456560933e-05
6.413356589090479e-05
6.320934779826821e-05
6.230140719246227e-05
6.140993329395927e-05
6.053510687993314e-05
5.967703570965708e-05
5.883580045238469e-05
5.801152074505169e-05
5.720420604924965e-05
5.641387683069985e-05
5.564052635210473e-05
5.488412948409461e-05
5.414463472970088e-05
5.342196785577328e-05
5.271606155591327e-05
5.202678571936185e-05
5.135403661845521e-05
5.069769214371606e-05
5.005760139407644e-05
4.943360292856681e-05
4.88255482747202e-05
4.823323952494262e-05
4.765650557900454e-05
4.709514682401709e-05
4.65489889246405e-05
4.60177815791209e-05
4.550135358432641e-05
4.499948010462246e-05
4.451192315559035e-05
4.403847607243426e-05
4.357888880463444e-05
4.313296633209162e-05
4.270043861404013e-05
4.228109237272416e-05
4.187468554710075e-05
4.148096860679876e-05
4.109972311832689e-05
4.073070034499535e-05
4.037365744000588e-05
4.002837149755557e-05
3.969458385724554e-05
3.937206933195665e-05
3.906057660420698e-05
3.875988274248921e-05
3.846977542176284e-05
3.818998542878262e-05
3.792029396495789e-05
3.766047299466266e-05
3.741031198857818e-05
3.716955682260764e-05
3.693799888443346e-05
3.67154369409463e-05
3.650164088801739e-05
3.629636416953649e-05
3.609945036101828e-05
3.59106347819437e-05
3.572976552144335e-05
3.555659748265234e-05
3.539092655759936e-05
3.523261844057274e-05
3.50813836054984e-05
3.493710034511012e-05
3.479955572344959e-05
3.466857625996435e-05
3.454394853655204e-05
3.442553740553531e-05
3.431311558686398e-05
3.420654123473818e-05
3.410565041186183e-05
3.40102438256069e-05
3.392018726174268e-05
3.383528779069044e-05
3.375540934050697e-05
3.368042215785161e-05
3.361011793834529e-05
3.354436625011725e-05
3.348302338483498e-05
3.342597150042016e-05
3.337303930422769e-05
3.332407463335169e-05
3.327896465725005e-05
3.323759903786698e-05
3.319978678468599e-05
3.316544685365628e-05
3.313444811631487e-05
3.310664978827958e-05
3.308195939823828e-05
3.306023320373016e-05
3.304138279744786e-05
3.302525743295679e-05
3.30117863594964e-05
3.300083938362298e-05
3.299232237057595e-05
3.298612700627614e-05
3.298217117274842e-05
3.298030016762399e-05
3.298047012204752e-05
3.298258541050119e-05
3.298654375583337e-05
3.299225458896712e-05
3.299962377395168e-05
3.300856101624719e-05
3.301899756411638e-05
3.303087235283697e-05
3.304404302596466e-05
3.305847012080365e-05
3.307410717029474e-05
3.309082704992941e-05
3.310856537466056e-05
3.312727548299295e-05
3.314688815503895e-05
3.31672984484339e-05
3.318846614166983e-05
3.321033673877731e-05
3.323283370095225e-05
3.325589362090811e-05
3.327947029668985e-05
3.330350430209259e-05
3.332789094371818e-05
3.335263510803295e-05
3.337765439104389e-05
3.340291532478621e-05
3.342831072594829e-05
3.345387833776311e-05
3.347949532047609e-05
3.350515883034408e-05
3.353079992316518e-05
3.355634699795784e-05
3.358179973428052e-05
3.360709170242635e-05
3.363221742753918e-05
3.365708812032268e-05
3.368166291517812e-05
3.370593497972781e-05
3.372986087815181e-05
3.375339519700927e-05
3.377648593265412e-05
3.379912249567438e-05
3.382124734682359e-05
3.384285587439316e-05
3.386388013839848e-05
3.388433429012327e-05
3.390415663159515e-05
3.392330339481605e-05
3.394176030604676e-05
3.395951401143174e-05
3.397652500181061e-05
3.399274824388265e-05
3.400819211180036e-05
3.402280697632324e-05
3.403656909441879e-05
3.404945989495901e-05
3.406145743499258e-05
3.407253354062452e-05
3.408267585938761e-05
3.409185234884848e-05
3.410004752341333e-05
3.410721168067158e-05
3.411335853775471e-05
3.411848179030394e-05
3.412253364783562e-05
3.412549310076454e-05
3.412734792115221e-05
3.412810178240162e-05
3.412771063342508e-05
3.412616044706481e-05
3.412345830863849e-05
3.411957625768121e-05
3.411448285296748e-05
3.410820523238833e-05
3.410067846421899e-05
3.409190739175476e-05
3.408190912011642e-05
3.407063610381603e-05
3.405807741564123e-05
3.404422954477745e-05
3.402908316597593e-05
3.401263768729071e-05
3.399484124503384e-05
3.397576699811449e-05
3.395529037618486e-05
3.393349085581405e-05
3.391032505069882e-05
3.388577756935492e-05
3.385985800783824e-05
3.383254488384608e-05
3.380384138156517e-05
3.377373733542158e-05
3.374220082275037e-05
3.370928510842486e-05
3.367490909494004e-05
3.363908901812758e-05
3.360185773178389e-05
3.356317221882342e-05
3.352302056184518e-05
3.348141678705542e-05
3.343836255214347e-05
3.339382012065276e-05
3.334783175977247e-05
3.330034152254407e-05
3.325138916111515e-05
3.32009233022677e-05
3.314899266430198e-05
3.309556187307164e-05
3.304061317517732e-05
3.298416557007025e-05
3.29262296363327e-05
3.286677413798543e-05
3.280583830807357e-05
3.274335529391902e-05
3.267936945472482e-05
3.2613839459242e-05
3.254682807226212e-05
3.247827473702909e-05
3.240819514284448e-05
3.233659578393228e-05
3.226347646592985e-05
3.218882039550625e-05
3.211262738597455e-05
3.203492137050578e-05
3.195569131037192e-05
3.187490006053081e-05
3.179256744870201e-05
3.170875490769883e-05
3.16233858973869e-05
3.153647438066157e-05
3.144802134773066e-05
3.135804386675273e-05
3.12665437058501e-05
3.117351671378461e-05
3.107892963804908e-05
3.098284284612041e-05
3.088520813562589e-05
3.078603315236289e-05
3.068535668593374e-05
3.058314585037907e-05
3.047941527584028e-05
3.037412895920394e-05
3.026734567163536e-05
3.015904285762737e-05
3.004922147187001e-05
2.99378615018718e-05
2.982500034352684e-05
2.971061094623041e-05
2.95947291184037e-05
2.947732811769884e-05
2.935841557048953e-05
2.923801700523365e-05
2.911611782201455e-05
2.899267689161783e-05
2.886776732041811e-05
2.874137186222492e-05
2.861343778113977e-05
2.848404991927797e-05
2.835317546051982e-05
2.822080770900544e-05
2.808697483150141e-05
2.79516443756632e-05
2.781486142545216e-05
2.767659069304946e-05
2.753683891696258e-05
2.73956481834147e-05
2.725299468843932e-05
2.710888582926977e-05
2.696328554478819e-05
2.681625781414344e-05
2.666780322715278e-05
2.651789887103613e-05
2.636653181093329e-05
2.621374492688355e-05
2.605952960290758e-05
2.590387852648054e-05
2.574682249990173e-05
2.558831618792269e-05
2.54284141725781e-05
2.526709949488075e-05
2.510437290373293e-05
2.494023879644647e-05
2.477470253646913e-05
2.460779502169236e-05
2.443948479246817e-05
2.426979255954251e-05
2.409872305173026e-05
2.392626427771415e-05
2.375245605633992e-05
2.357724559526406e-05
2.340070161900413e-05
2.322277574679399e-05
2.304352822245107e-05
2.286292021314387e-05
2.268095774392472e-05
2.249766928099403e-05
2.231305534351768e-05
2.212708849257041e-05
2.193981831025876e-05
2.175121381814426e-05
2.156131098542981e-05
2.137007271827194e-05
2.117754317744068e-05
2.098373666779342e-05
2.07886054639163e-05
2.059220654165687e-05
2.039451948059539e-05
2.019554167484547e-05
1.999530698120177e-05
1.979380722189262e-05
1.959103822294397e-05
1.938697792362026e-05
1.918171927734819e-05
1.897516529420911e-05
1.876741111906787e-05
1.855839212666849e-05
1.834815767561579e-05
1.813669567645446e-05
1.792400543375425e-05
1.771010409073749e-05
1.749497506033798e-05
1.727867377583799e-05
1.706115745133888e-05
1.684243258222697e-05
1.662253474773046e-05
1.640143711406514e-05
1.617918249348333e-05
1.59557355475872e-05
1.573114963864485e-05
1.550538326070474e-05
1.527844548333652e-05
1.505037465153014e-05
1.482116266035202e-05
1.45908193184287e-05
1.435933096312529e-05
1.412671600588682e-05
1.389296220717491e-05
1.365808688472397e-05
1.342212613495623e-05
1.318504809199651e-05
1.29468595883355e-05
1.270757775321079e-05
1.24671926723594e-05
1.222573642943885e-05
1.198319359076378e-05
1.173958614542774e-05
1.149491947001724e-05
1.124917569844607e-05
1.100235238227139e-05
1.075449949142879e-05
1.050560477689035e-05
1.025565267525149e-05
1.000467108882159e-05
9.752636003217794e-06
9.499620808301262e-06
9.245523623099196e-06
8.99045596732971e-06
8.734360469051406e-06
8.477258545594155e-06
8.219181551411963e-06
7.960096518736673e-06
7.70000303609662e-06
7.438949793723731e-06
7.176910747314858e-06
6.913897865593476e-06
6.649928530511441e-06
6.384979518418369e-06
6.119071906811212e-06
5.852217774648289e-06
5.58443794587345e-06
5.315691584039249e-06
5.046020513268925e-06
4.775412386971713e-06
4.503872244185564e-06
4.231424133547911e-06
3.958067768097833e-06
3.683787138571214e-06
3.408597146765702e-06
3.132532340494463e-06
2.855552939137686e-06
2.577692210237534e-06
2.298948876917764e-06
2.019339030622663e-06
1.738837009171218e-06
1.45746866613453e-06
1.175242431352785e-06
8.921526905316638e-07
6.082226366546683e-07
3.23436408891382e-07
3.782091331913304e-08
-2.486317563725319e-07
-5.35926010596647e-07
-8.240407493111156e-07
-1.112973562536495e-06
-1.402708035845243e-06
-1.693270221033848e-06
-1.984643270394322e-06
-2.276763750120008e-06
-2.569738535911851e-06
-2.863474031130513e-06
-3.157986726062779e-06
-3.45327176159082e-06
-3.749334766050215e-06
-4.046163516026411e-06
-4.34375924197205e-06
-4.642088179807329e-06
-4.94115811321968e-06
-5.240996862195164e-06
-5.541558210722566e-06
-5.842838186915806e-06
-6.144831347300761e-06
-6.44755734413501e-06
-6.75099594376065e-06
-7.055125390153182e-06
-7.359946056792607e-06
-7.665466117065805e-06
-7.971666863687218e-06
-8.278558461368042e-06
-8.586093729842073e-06
-8.894295838067544e-06
-9.20315068983935e-06
-9.512642529889794e-06
-9.822790514117912e-06
-1.013357656855576e-05
-1.044497435142254e-05
-1.075697255917469e-05
-1.106959005427595e-05
-1.138279923228636e-05
-1.169661676757631e-05
-1.201099408471544e-05
-1.232594336826744e-05
-1.264144930603636e-05
-1.295751347879146e-05
-1.327411164283383e-05
-1.359126447820287e-05
-1.390891539045092e-05
-1.422707607812276e-05
-1.454574074396804e-05
-1.486489427618594e-05
-1.518451077130959e-05
-1.550459110679606e-05
-1.582513646258604e-05
-1.614610356354379e-05
-1.646749913702017e-05
-1.678930385371781e-05
-1.711149780933628e-05
-1.74340816552161e-05
-1.775701851965713e-05
-1.808030891292678e-05
-1.840393174870104e-05
-1.872786497770563e-05
-1.9052104496839e-05
-1.937662696930415e-05
-1.9701400925923e-05
-2.002641884114246e-05
-2.035165195456926e-05
-2.067708771646471e-05
-2.100272574329012e-05
-2.13285119083261e-05
-2.165440385870025e-05
-2.198043266597098e-05
-2.23065481003683e-05
-2.263270931077881e-05
-2.295890870560556e-05
-2.328512855849388e-05
-2.361131961508569e-05
-2.39374651164289e-05
-2.426350806204204e-05
-2.458946357487412e-05
-2.491525216988721e-05
-2.524087371026163e-05
-2.556629891044e-05
-2.58914682573346e-05
-2.621632987296132e-05
-2.654087714076304e-05
-2.68650560654285e-05
-2.718884559294748e-05
-2.751217534571889e-05
-2.783499962664808e-05
-2.815730472161535e-05
-2.847901686257837e-05
-2.880008315687542e-05
-2.912047107592739e-05
-2.944013424247688e-05
-2.97589811057206e-05
-3.007698176024491e-05
-3.03940782968898e-05
-3.071019114810622e-05
-3.102529969163426e-05
-3.133929526825767e-05
-3.165213961323006e-05
-3.196376301466369e-05
-3.227408557148685e-05
-3.258302627787781e-05
-3.289052103269728e-05
-3.319649121921454e-05
-3.350086932615306e-05
-3.380353864091318e-05
-3.410444417960837e-05
-3.440347638744942e-05
-3.470056387658028e-05
-3.499559570037196e-05
-3.52884850993496e-05
-3.557913683546006e-05
-3.586744443567151e-05
-3.615330590234092e-05
-3.64365972008627e-05
-3.671721707967679e-05
-3.699504397672448e-05
-3.726996982062589e-05
-3.754186190193737e-05
-3.78106023538016e-05
-3.807607311747149e-05
-3.83381172462829e-05
-3.859659492882785e-05
-3.885139844788785e-05
-3.910236530750082e-05
-3.934935707358703e-05
-3.959220621602001e-05
-3.983076966760223e-05
-4.006489761981432e-05
-4.029440417886815e-05
-4.051916548554512e-05
-4.073895421193679e-05
-4.09536266337162e-05
-4.116301970391007e-05
-4.136692296965601e-05
-4.156517176139382e-05
-4.175756201594481e-05
-4.194391531054238e-05
-4.212402678429407e-05
-4.229769598846207e-05
-4.246471648969378e-05
-4.26248708286343e-05
-4.277798216985768e-05
-4.292381657123809e-05
-4.306212620382768e-05
-4.319274883821193e-05
-4.331540559485755e-05
-4.342989996370989e-05
-4.353600104874437e-05
-4.363346416907834e-05
-4.372207157363737e-05
-4.380157202324344e-05
-4.3871726746796e-05
-4.393232152670543e-05
-4.398307002241499e-05
-4.402378258330385e-05
-4.405417403000045e-05
-4.407402324169433e-05
-4.408308688827261e-05
-4.408112940352507e-05
-4.406789531949027e-05
-4.40431528770345e-05
-4.400666904890718e-05
-4.395820061167796e-05
-4.389752740698862e-05
-4.382440814515204e-05
-4.373862792432363e-05
-4.363997209767064e-05
-4.352821529803388e-05
-4.340315991070058e-05
-4.326460601902164e-05
-4.311236318423387e-05
-4.294625275800754e-05
-4.27660895222406e-05
-4.257172005358288e-05
-4.236298330860078e-05
-4.213974911980044e-05
-4.1901884315608e-05
-4.164927550861532e-05
-4.138181819249818e-05
-4.109944734339964e-05
-4.080206732288023e-05
-4.048965485904709e-05
-4.016217365923364e-05
-3.981961530527621e-05
-3.946198603201718e-05
-3.908931793594469e-05
-3.870167036423427e-05
-3.829910856080999e-05
-3.788176063715051e-05
-3.744973824983315e-05
-3.70031957709206e-05
-3.65423278311342e-05
-3.60673342805369e-05
-3.557845734563378e-05
-3.507597091112783e-05
-3.456016486534332e-05
-3.403137789332201e-05
-3.348995490165757e-05
-3.293630407044852e-05
-3.237082800660305e-05
-3.179401442751943e-05
-3.120632679131199e-05
-3.060827667551312e-05
-3.000042460722544e-05
-2.938335880529734e-05
-2.875768186281569e-05
-2.812402670632848e-05
-2.748306394791318e-05
-2.683548312190176e-05
-2.618203653032513e-05
-2.552342362998933e-05
-2.486045916684737e-05
-2.419389859033044e-05
-2.352457761018736e-05
-2.285331167999278e-05
-2.218094870827417e-05
-2.150832804899693e-05
-2.083633510452712e-05
-2.016583683610567e-05
-1.949769999935126e-05
-1.88328031018631e-05
-1.817202251207956e-05
-1.751622115200953e-05
-1.686627169261933e-05
-1.622300959175743e-05
-1.558726441488247e-05
-1.495985244656341e-05
-1.434155293720906e-05
-1.373314351397814e-05
-1.313534766583926e-05
-1.25488699669196e-05
-1.197437960734083e-05
-1.141249365175796e-05
-1.08637971797518e-05
-1.032884698987189e-05
-9.808129014994636e-06
-9.302104666600839e-06
-8.811155658337844e-06
-8.335651377937043e-06
-7.875875748112769e-06
-7.432087590595644e-06
-7.004477996610381e-06
-6.593192888895282e-06
-6.198329659250416e-06
-5.819916807037624e-06
-5.457968431398447e-06
-5.112431702048595e-06
-4.783195024946643e-06
-4.470115889645309e-06
-4.173040752910814e-06
-3.891735397180279e-06
-3.625961459520987e-06
-3.375418786914937e-06
-3.139837583517719e-06
-2.918855598251239e-06
-2.712154301174252e-06
-2.519357134934345e-06
-2.34009261139618e-06
-2.173989359961315e-06
-2.020674443397436e-06
-1.879757793362606e-06
-1.750868955193298e-06
-1.633653690586838e-06
-1.527756974657735e-06
-1.432841554067042e-06
-1.348598883953498e-06
-1.27473468327952e-06
-1.210977587084942e-06
-1.157086876094903e-06
-1.112858177937254e-06
-1.0780993973107e-06
-1.052671670901287e-06
-1.036447438399098e-06
0
