-0.002166398783181424
-0.002200453769878377
-0.002234478458812073
-0.002268472065819123
-0.002302433787178152
-0.002336362800088341
-0.002370258263126562
-0.002404119316653422
-0.002437945083309891
-0.002471734668398973
-0.00250548716031879
-0.002539201630984869
-0.002572877136202894
-0.002606512716104835
-0.002640107395505654
-0.002673660184301425
-0.00270717007784268
-0.002740636057292247
-0.002774057089990584
-0.002807432129822434
-0.002840760117508093
-0.002874039981042488
-0.002907270635956539
-0.002940450985640313
-0.002973579921702475
-0.003006656324282978
-0.003039679062333552
-0.003072646993947223
-0.003105558966666619
-0.003138413817717021
-0.003171210374403142
-0.003203947454290272
-0.003236623865527718
-0.003269238407120969
-0.003301789869183621
-0.003334277033238335
-0.003366698672426326
-0.003399053551798879
-0.003431340428553744
-0.003463558052262263
-0.003495705165161972
-0.003527780502335682
-0.003559782791985276
-0.003591710755630974
-0.003623563108353261
-0.003655338559027982
-0.003687035810505175
-0.003718653559852267
-0.003750190498546305
-0.003781645312706997
-0.00381301668326467
-0.003844303286184437
-0.00387550379265053
-0.003906616869259338
-0.003937641178219787
-0.003968575377526087
-0.003999418121131087
-0.004030168059167207
-0.004060823838081694
-0.00409138410082007
-0.004121847487024675
-0.004152212633138972
-0.004182478172659857
-0.004212642736236767
-0.004242704951834729
-0.004272663444935635
-0.004302516838640661
-0.004332263753864731
-0.00436190280944811
-0.00439143262233377
-0.004420851807699929
-0.004450158979117803
-0.004479352748649881
-0.004508431727028398
-0.004537394523809972
-0.004566239747412258
-0.004594966005375518
-0.004623571904396434
-0.00465205605047312
-0.004680417049072446
-0.004708653505208084
-0.004736764023567284
-0.004764747208666971
-0.004792601664919712
-0.004820325996769927
-0.004847918808837443
-0.004875378705979198
-0.004902704293405303
-0.004929894176852226
-0.004956946962594347
-0.004983861257604322
-0.005010635669659686
-0.005037268807422715
-0.005063759280546837
-0.005090105699754826
-0.005116306676993462
-0.005142360825460076
-0.005168266759715108
-0.005194023095835143
-0.005219628451384817
-0.005245081445622643
-0.00527038069951289
-0.005295524835839624
-0.005320512479297155
-0.005345342256554149
-0.005370012796331031
-0.00539452272952754
-0.005418870689239528
-0.005443055310860132
-0.005467075232179075
-0.00549092909343331
-0.00551461553736784
-0.00553813320934443
-0.005561480757392549
-0.005584656832263665
-0.005607660087526979
-0.005630489179628099
-0.005653142767950647
-0.005675619514875257
-0.005697918085884312
-0.005720037149539928
-0.005741975377632743
-0.005763731445190146
-0.005785304030587327
-0.005806691815517098
-0.005827893485129016
-0.005848907728069035
-0.00586973323648788
-0.005890368706173318
-0.005910812836514459
-0.005931064330628335
-0.00595112189536017
-0.005970984241379889
-0.005990650083165372
-0.006010118139133278
-0.006029387131608693
-0.006048455786915107
-0.006067322835411341
-0.006085987011518315
-0.006104447053810471
-0.006122701704973215
-0.006140749711945451
-0.006158589825887392
-0.006176220802225603
-0.006193641400718456
-0.006210850385503338
-0.006227846525082257
-0.006244628592408488
-0.00626119536489117
-0.006277545624451991
-0.006293678157524822
-0.006309591755131067
-0.006325285212877599
-0.006340757331007271
-0.006356006914430249
-0.006371032772721664
-0.006385833720194278
-0.006400408575900169
-0.00641475616365874
-0.006428875312102244
-0.006442764854666393
-0.006456423629654508
-0.00646985048024466
-0.006483044254495664
-0.006496003805394605
-0.006508727990884771
-0.006521215673846112
-0.006533465722160087
-0.006545477008730781
-0.006557248411447423
-0.006568778813268652
-0.006580067102228507
-0.006591112171401381
-0.006601912918995307
-0.006612468248318982
-0.006622777067808548
-0.006632838291055297
-0.006642650836808995
-0.0066522136289828
-0.006661525596709008
-0.006670585674297773
-0.006679392801284699
-0.00668794592243683
-0.006696243987793442
-0.006704285952582678
-0.006712070777360296
-0.006719597427940465
-0.006726864875415937
-0.006733872096200046
-0.006740618072009852
-0.006747101789869312
-0.006753322242162001
-0.006759278426584815
-0.006764969346208008
-0.006770394009451704
-0.00677555143011045
-0.006780440627352372
-0.006785060625745991
-0.00678941045524536
-0.006793489151215746
-0.006797295754440965
-0.006800829311148341
-0.006804088872963806
-0.00680707349700398
-0.006809782245783779
-0.006812214187357614
-0.006814368395181193
-0.006816243948247615
-0.006817839931030818
-0.006819155433519631
-0.006820189551205157
-0.006820941385138067
-0.006821410041894346
-0.006821594633636924
-0.006821494278067707
-0.006821108098507061
-0.006820435223872349
-0.006819474788706835
-0.006818225933160407
-0.006816687803116825
-0.006814859550052196
-0.006812740331205823
-0.006810329309489872
-0.006807625653601435
-0.006804628537978414
-0.006801337142871716
-0.006797750654340884
-0.006793868264307577
-0.006789689170571159
-0.006785212576856662
-0.006780437692825212
-0.006775363734133953
-0.006769989922455168
-0.006764315485548364
-0.006758339657294318
-0.006752061677681811
-0.006745480792952568
-0.006738596255596698
-0.006731407324393451
-0.006723913264514122
-0.00671611334756407
-0.006708006851622142
-0.006699593061350321
-0.006690871268022277
-0.006681840769636116
-0.006672500870966156
-0.006662850883659378
-0.00665289012632264
-0.006642617924609398
-0.006632033611293586
-0.006621136526442951
-0.006609926017444671
-0.006598401439167266
-0.006586562154037676
-0.00657440753222276
-0.006561936951690338
-0.006549149798400596
-0.006536045466436499
-0.006522623358126436
-0.006508882884219955
-0.006494823464066823
-0.006480444525741433
-0.006465745506288585
-0.006450725851853214
-0.006435385017906701
-0.006419722469451774
-0.006403737681211509
-0.006387430137897109
-0.006370799334417304
-0.006353844776116911
-0.006336565979042701
-0.006318962470200313
-0.006301033787876355
-0.006282779481871842
-0.006264199113828732
-0.00624529225756273
-0.00622605849936647
-0.006206497438387569
-0.006186608686942033
-0.006166391870934476
-0.006145846630221034
-0.006124972619005162
-0.006103769506311477
-0.006082236976338761
-0.006060374729018257
-0.006038182480403468
-0.006015659963219695
-0.005992806927351876
-0.005969623140384977
-0.005946108388161917
-0.005922262475361369
-0.005898085226104394
-0.005873576484566015
-0.005848736115620476
-0.005823564005527334
-0.00579806006260872
-0.005772224218019849
-0.005746056426422044
-0.00571955666682952
-0.005692724943380743
-0.005665561286196044
-0.005638065752220817
-0.005610238426155476
-0.005582079421351745
-0.005553588880805709
-0.005524766978139776
-0.005495613918642578
-0.005466129940332989
-0.005436315315071679
-0.00540617034970192
-0.005375695387239673
-0.005344890808075743
-0.005313757031287807
-0.005282294515882196
-0.00525050376217681
-0.005218385313211829
-0.005185939756152932
-0.005153167723795923
-0.005120069896100086
-0.005086647001730899
-0.005052899819750219
-0.005018829181248817
-0.004984435971072404
-0.004949721129631931
-0.004914685654706076
-0.004879330603370684
-0.004843657093874883
-0.004807666307679826
-0.00477135949153753
-0.004734737959531062
-0.004697803095288918
-0.004660556354197102
-0.00462299926566545
-0.004585133435501263
-0.00454696054826682
-0.004508482369787918
-0.004469700749627201
-0.004430617623676398
-0.004391235016825383
-0.004351555045601667
-0.004311579920982033
-0.004271311951164589
-0.004230753544477695
-0.004189907212260847
-0.004148775571922457
-0.004107361349894729
-0.0040656673848113
-0.004023696630593303
-0.003981452159669639
-0.003938937166203237
-0.003896154969412928
-0.003853109016883889
-0.003809802887937418
-0.003766240297031439
-0.003722425097237529
-0.003678361283671583
-0.003634052997025518
-0.003589504527017037
-0.003544720316017172
-0.003499704962470102
-0.003454463224545941
-0.003409000023592121
-0.003363320447713402
-0.003317429755220882
-0.003271333378176849
-0.003225036925775225
-0.003178546187806209
-0.003131867137925102
-0.003085005936987714
-0.003037968936208277
-0.002990762680309839
-0.002943393910516044
-0.0028958695674356
-0.002848196793844251
-0.002800382937297769
-0.002752435552632909
-0.002704362404188502
-0.002656171467947264
-0.002607870933455094
-0.002559469205397704
-0.002510974905087966
-0.002462396871577634
-0.002413744162514219
-0.002365026054711619
-0.002316252044341045
-0.002267431846812217
-0.002218575396246459
-0.002169692844600782
-0.002120794560281602
-0.002071891126392762
-0.002022993338470753
-0.001974112201705368
-0.001925258927679975
-0.001876444930532815
-0.001827681822542517
-0.001778981409141796
-0.001730355683245557
-0.001681816819010888
-0.001633377164871835
-0.001585049235863289
-0.001536845705326371
-0.001488779395724062
-0.001440863268867761
-0.001393110415223495
-0.001345534042540825
-0.001298147463656861
-0.001250964083418218
-0.001203997384910254
-0.001157260914755111
-0.001110768267689155
-0.001064533070237205
-0.001018568963641608
-0.0009728895859678057
-0.0009275085534666376
-0.0008824394411224611
-0.0008376957625694605
-0.0007932909492296852
-0.00074923832885629
-0.0007055511034883256
-0.0006622423268156704
-0.0006193248811225292
-0.0005768114537770251
-0.0005347145133859643
-0.0004930462857607324
-0.0004518187296835403
-0.0004110435126211034
-0.0003707319865331616
-0.0003308951638346597
-0.0002915436936806162
-0.0002526878386488209
-0.0002143374520646669
-0.0001765019559652691
-0.0001391903200696773
-0.000102411041585043
-6.617212642910208e-05
-3.04810716219323e-05
4.655150686857861e-06
3.923010752264862e-05
7.323791758441479e-05
0.0001066732616648021
0.0001395313909185025
0.0001718081328186581
0.0002034998946461152
0.0002346036643533561
0.0002651170087200195
0.0002950380686820623
0.0003243655518140984
0.0003530987217290962
0.0003812373845497822
0.0004087818723272404
0.0004357330234193019
0.000462092159892665
0.0004878610620501394
0.0005130419400870495
0.0005376374031253696
0.0005616504257262601
0.0005850843121540357
0.0006079426585578005
0.0006302293133956449
0.0006519483365139168
0.0006731039569823315
0.0006937005304103799
0.000713742495841589
0.0007332343328543944
0.0007521805193085639
0.0007705854901725812
0.0007884535978937169
0.0008057890749727575
0.0008225959990100836
0.0008388782609593066
0.0008546395368152345
0.0008698832634609784
0.0008846126188943888
0.0008988305073298949
0.000912539549505903
0.0009257420785083769
0.0009384401413566662
0.0009506355065045722
0.0009623296774277954
0.000973523912247626
0.0009842192495251932
0.0009944165398901679
0.001004116483508293
0.001013319673010958
0.001022026641619047
0.001030237915941557
0.001037954073046237
0.001045175801258269
0.001051903963980937
0.00105813966600791
0.001063884321558763
0.001069139723277386
0.00107390811161928
0.001078192243570056
0.001081995460334231
0.001085321752884257
0.001088175824871573
0.001090563152223178
0.001092490038610831
0.00109396366637333
0.001094992142312165
0.001095584537768917
0.001095750922837826
0.001095502394049284
0.001094851095572683
0.001093810233539372
0.001092394083457981
0.001090617990706216
0.001088498364036794
0.001086052662315433
0.001083299374480016
0.001080257993104011
0.001076948981712862
0.001073393736190076
0.001069614540620827
0.001065634517927947
0.001061477575793065
0.001057168348105737
0.001052732132656471
0.001048194825156632
0.001043582850503551
0.001038923091355788
0.001034242814626119
0.001029569596490699
0.001024931246117165
0.001020355728736532
0.001015871088382019
0.001011505370816974
0.001007286546949324
0.001003242437121391
0.0009994006367577421
0.0009957884435803123
0.0009924327867442649
0.000989360158278981
0.0009865965470555694
0.0009841673754836053
0.0009820974392885278
0.0009804108505355631
0.0009791309840490661
0.0009782804274553435
0.0009778809349473673
0.000977953384948058
0.0009785177416555425
0.0009795930206743094
0.0009811972587050093
0.0009833474873101235
0.0009860597108010214
0.0009893488882013243
0.0009932289192558334
0.0009977126344161711
0.001002811788792902
0.001008537059834686
0.001014898048806999
0.001021903285833395
0.001029560238377168
0.001037875323048896
0.001046853920611596
0.001056500393879826
0.001066818108541844
0.001077809456572289
0.001089475882131565
0.001101817909711506
0.001114835174432185
0.001128526454197324
0.001142889703610689
0.001157922089411834
0.001173620027271761
0.001189979219814539
0.001206994695574107
0.001224660848888752
0.001242971480388423
0.001261919838074701
0.001281498658748803
0.001301700209650455
0.001322516330249259
0.001343938473968727
0.001365957749760507
0.001388564963402552
0.001411750658471454
0.0014355051567883
0.001459818598333751
0.001484680980504852
0.001510082196674896
0.00153601207389344
0.001562460409829324
0.001589417008714586
0.001616871716352172
0.00164481445412337
0.001673235251956048
0.001702124280167563
0.001731471880259414
0.001761268594531237
0.001791505194527391
0.001822172708414264
0.00185326244706965
0.001884766029035529
0.00191667540431531
0.001948982876906654
0.001981681126244402
0.002014763227393196
0.0020482226701283
0.002082053376780836
0.00211624971906842
0.002150806533638505
0.002185719136631784
0.002220983337078604
0.002256595449246828
0.002292552303900886
0.002328851258595905
0.00236549020686942
0.002402467586520711
0.002439782386855657
0.002477434155047287
0.002515423001526186
0.002553749604504347
0.002592415213582343
0.002631421652553319
0.00267077132132445
0.00271046719706446
0.002750512834502709
0.002790912365529633
0.00283167049797835
0.002872792513690361
0.002914284265880769
0.002956152175725494
0.002998403228369531
0.003041044968088601
0.003084085492940516
0.003127533448636696
0.003171398021764879
0.003215688932440507
0.003260416426158682
0.003305591265114194
0.003351224718772154
0.003397328553826557
0.003443915023447869
0.0034909968558711
0.003538587242257593
0.003586699823843988
0.003635348678369465
0.003684548305730116
0.003734313612848504
0.003784659897737695
0.003835602832688075
0.00388715844662837
0.00393934310649141
0.003992173497673795
0.004045666603463354
0.004099839683378385
0.00415471025044135
0.004210296047246241
0.00426661502076511
0.004323685295917029
0.004381525147724411
0.004440152972003086
0.004499587254585354
0.004559846538879947
0.004620949391797489
0.004682914367842825
0.004745759971391091
0.004809504616921159
0.004874166587264772
0.004939763989609043
0.005006314709277248
0.005073836361065195
0.005142346238142382
0.005211861258303245
0.005282397907462088
0.005353972180387617
0.005426599518416441
0.005500294744101816
0.005575071992703289
0.005650944640354304
0.005727925228844129
0.005806025386871143
0.005885255747744378
0.005965625863327419
0.006047144114245546
0.00612981761627029
0.006213652122807946
0.006298651923420892
0.006384819738441205
0.006472156609649571
0.006560661786949987
0.006650332611282088
0.006741164393665021
0.006833150290593865
0.006926281175935381
0.007020545509456447
0.007115929202344043
0.007212415479836835
0.007309984741545359
0.007408614419579557
0.007508278835277282
0.007608949054746153
0.007710592744119009
0.007813174024969106
0.007916653330857747
0.008020987265662596
0.008126128464841073
0.008232025460466011
0.008338622551244646
0.008445859678747811
0.008553672311118929
0.008661991335638088
0.008770742961655559
0.008879848635477352
0.008989224968749938
0.009098783682202363
0.009208431566285646
0.009318070460868393
0.009427597255373602
0.009536903911671508
0.009645877511227939
0.009754400328544187
0.009862349932522996
0.009969599317548596
0.01007601706579828
0.0101814675422063
0.01028581112343201
0.01038890446178702
0.01049060078501569
0.01059075023241113
0.01068920022754037
0.01078579588743097
0.01088038046777072
0.01097279584313639
0.01106288302108696
0.01115048268817576
0.0112354357858155
0.01131758411318106
0.01139677095411272
0.01147284172422185
0.0115456446343367
0.01161503136568941
0.01168085775194548
0.01174298446302248
0.01180127768498285
0.01185560979051714
0.01190585999394505
0.01195191498490755
0.01199366953469702
0.01203102706939899
0.01206390020412339
0.01209221123294691
0.01211589256928497
0.01213488713227103
0.01214914867479297
0.01215864204970591
0.01216334341126405
0.01216324034951077
0.01215833195617382
0.01214862882125224
0.01213415296040275
0.01211493767388237
0.01209102733865034
0.01206247713590187
0.01202935271710522
0.01199172981203895
0.01194969378325072
0.01190333913148762
0.01185276895730274
0.0117980943844069
0.01173943395040081
0.01167691297090641
0.01161066288303004
0.01154082057416395
0.01146752770205958
0.01139093001188817
0.01131117665578278
0.01122841952011772
0.011142812565313
0.01105451118274682
0.01096367157270406
0.01087045014706897
0.01077500295979368
0.01067748516788695
0.01057805052501169
0.01047685090953603
0.01037403588811836
0.01026975231587538
0.01016414397336161
0.01005735124052002
0.009949510807304674
0.009840755420326988
0.009731213664568503
0.009621009779254907
0.009510263506279404
0.009399089969840086
0.009287599585581875
0.009175897997527552
0.009064086040898239
0.008952259728988308
0.008840510262174795
0.008728924057204403
0.008617582794716316
0.008506563483360022
0.008395938538484431
0.008285775873867859
0.008176139004631272
0.008067087159853867
0.007958675403413221
0.007850954761550309
0.007743972355933522
0.007637771540951851
0.007532392044146162
0.007427870108779627
0.00732423863754306
0.007221527336632267
0.00711976285939499
0.007018968948925309
0.00691916657896351
0.006820374092649397
0.006722607338593655
0.006625879804009658
0.006530202744453669
0.006435585310047088
0.006342034667814826
0.006249556120136042
0.006158153219037174
0.006067827876333387
0.005978580469534243
0.005890409943496178
0.005803313907769257
0.00571728872979624
0.005632329623822452
0.005548430735798564
0.005465585224138023
0.00538378533655305
0.005303022483047946
0.005223287305169242
0.005144569741548232
0.005066859090029605
0.004990144066344987
0.004914412859523184
0.004839653184185241
0.004765852329778271
0.004692997207003893
0.004621074391386957
0.004550070164251616
0.004479970551217394
0.004410761358209649
0.004342428205256237
0.004274956558108951
0.004208331757741048
0.004142539047966475
0.004077563601153135
0.004013390542199916
0.003950004970827396
0.00388739198234088
0.003825536686862761
0.003764424227162895
0.003704039795184592
0.003644368647327958
0.003585396118503247
0.003527107635135134
0.003469488727080022
0.003412525038578028
0.003356202338254874
0.003300506528295189
0.003245423652771822
0.003190939905186801
0.00313704163531952
0.003083715355432801
0.003030947745732731
0.002978725659379402
0.002927036126794772
0.002875866359594847
0.00282520375389102
0.002775035893266742
0.002725350551217222
0.002676135693282271
0.002627379478726921
0.002579070261955456
0.002531196593538745
0.002483747220968854
0.002436711089138347
0.002390077340550318
0.002343835315305183
0.002297974550833904
0.002252484781424881
0.002207355937645976
0.002162578145421344
0.002118141725140466
0.002074037190450486
0.002030255247017854
0.001986786791132326
0.001943622908163122
0.001900754870958498
0.001858174138129931
0.001815872352242121
0.001773841337937079
0.00173207309995296
0.001690559821155621
0.001649293860436859
0.001608267750572202
0.00156747419609774
0.001526906071062613
0.001486556416816334
0.001446418439753493
0.001406485508953944
0.001366751153974398
0.001327209062418267
0.001287853077694416
0.001248677196593317
0.001209675566992885
0.001170842485474457
0.001132172394985457
0.001093659882481372
0.001055299676603249
0.001017086645326458
0.0009790157936599504
0.0009410822613249605
0.0009032813204189988
0.0008656083732339349
0.0008280589498955255
0.0007906287061588359
0.0007533134211987827
0.0007161089953818202
0.0006790114480865468
0.0006420169155530426
0.0006051216487435167
0.0005683220112367504
0.0005316144771203243
0.0004949956289581486
0.0004584621557436686
0.0004220108508782434
0.0003856386102079584
0.0003493424300609697
0.0003131194053465914
0.0002769667275864389
0.0002408816831260708
0.0002048616512429198
0.000168904102342005
0.0001330065961638883
9.716678002983834e-05
6.138238713088097e-05
2.565123478814657e-05
-1.002877721627e-05
-4.565966824380803e-05
-8.1243378496394e-05
-0.000116781770517788
-0.0001522766308482442
-0.0001877296714910248
-0.0002231425314720912
-0.0002585167782999708
-0.000293853909426275
-0.0003291553537032623
-0.0003644224727446115
-0.0003996565623592334
-0.0004348588538490774
-0.0004700305154084667
-0.0005051726533668206
-0.0005402863135226061
-0.0005753724823649608
-0.0006104320883084384
-0.0006454660029528169
-0.0006804750422158883
-0.0007154599675248546
-0.0007504214869591869
-0.0007853602563645389
-0.0008202768804707328
-0.0008551719139708728
-0.0008900458625248065
-0.0009248991838862227
-0.0009597322888729449
-0.0009945455423410383
-0.00102933926421852
-0.001064113730429904
-0.001098869173839937
-0.001133605785189231
-0.001168323713979235
-0.001203023069398845
-0.001237703921141793
-0.001272366300280649
-0.001307010200130462
-0.001341635577007045
-0.001376242351099695
-0.001410830407196129
-0.001445399595509789
-0.001479949732373817
-0.001514480601047098
-0.001548991952393269
-0.00158348350561431
-0.001617954948957559
-0.001652405940358601
-0.001686836108169215
-0.001721245051777925
-0.001755632342274945
-0.001789997523050628
-0.00182434011046621
-0.001858659594415038
-0.001892955438946239
-0.001927227082853877
-0.001961473940201024
-0.001995695400958368
-0.002029890831478618
-0.002064059575106176
-0.002098200952627566
-0.002132314262877986
0
