1.937577645562925e-07
-8.348257706613897e-07
-1.869922656526531e-06
-2.920599602564654e-06
-3.995959953745527e-06
-5.105176500787116e-06
-6.257523209051569e-06
-7.46240551792194e-06
-8.729388922289194e-06
-1.006822556033713e-05
-1.148887849227549e-05
-1.300154350860044e-05
-1.461666810757736e-05
-1.634496753278106e-05
-1.819743763038458e-05
-2.018536437966146e-05
-2.232032994687293e-05
-2.461421517198597e-05
-2.707919841645466e-05
-2.972775068261569e-05
-3.257262708949169e-05
-3.56268546228538e-05
-3.890371628133618e-05
-4.24167317187368e-05
-4.617963446618828e-05
-5.020634591622331e-05
-5.451094626912189e-05
-5.910764264436836e-05
-6.40107345914109e-05
-6.923457730212326e-05
-7.479354278084639e-05
-8.070197930191893e-05
-8.697416946718082e-05
-9.362428717431866e-05
-0.0001006663538870665
-0.0001081141944892627
-0.0001159813930930271
-0.0001242812491410233
-0.000133026734122142
-0.0001422304491929139
-0.0001519045840645324
-0.0001620608773855213
-0.0001727105789138903
-0.0001838644137256212
-0.000195532548664154
-0.0002077245612467742
-0.0002204494112016987
-0.00023371541477403
-0.0002475302219163873
-0.000261900796486224
-0.0002768333995049142
-0.0002923335755117586
-0.0003084061420683872
-0.0003250551823640877
-0.0003422840409709003
-0.0003600953226241049
-0.0003784908940414819
-0.0003974718886348072
-0.0004170387140862587
-0.0004371910626374056
-0.000457927923986909
-0.0004792476006719813
-0.000501147725773937
-0.0005236252828535225
-0.0005466766278902184
-0.00057029751315389
-0.0005944831127825175
-0.000619228049949406
-0.0006445264254493219
-0.0006703718475412372
-0.0006967574629048214
-0.0007236759885362563
-0.000751119744464776
-0.0007790806871097126
-0.0008075504431836111
-0.0008365203439369105
-0.0008659814597061196
-0.0008959246345479743
-0.0009263405209196957
-0.0009572196142514505
-0.0009885522873050836
-0.001020328824257125
-0.00105253945437418
-0.001085174385220561
-0.00111822383532791
-0.001151678066203096
-0.001185527413698715
-0.001219762318584911
-0.00125437335636517
-0.001289351266200775
-0.001324686978988351
-0.001360371644460161
-0.001396396657368687
-0.001432753682657486
-0.001469434679631682
-0.001506431925094823
-0.001543738035448636
-0.001581345987734096
-0.001619249139617272
-0.001657441248304936
-0.00169591648839643
-0.001734669468674023
-0.001773695247842499
-0.001812989349186291
-0.001852547774232084
-0.001892367015326166
-0.001932444067246606
-0.001972776437761138
-0.00201336215721575
-0.00205419978717586
-0.002095288428059921
-0.00213662772587706
-0.002178217878025621
-0.002220059638205681
-0.002262154320441725
-0.002304503802246274
-0.00234711052694787
-0.002389977505190464
-0.002433108315643948
-0.002476507104911011
-0.002520178586682535
-0.002564128040150188
-0.002608361307654627
-0.002652884791653202
-0.002697705450965957
-0.002742830796329364
-0.002788268885273666
-0.002834028316321635
-0.002880118222548046
-0.00292654826444993
-0.002973328622194522
-0.003020469987203096
-0.003067983553084262
-0.003115881005927376
-0.00316417451392759
-0.003212876716358599
-0.003262000711883708
-0.003311560046146045
-0.00336156869871582
-0.003412041069281576
-0.003462991963119394
-0.00351443657581803
-0.003566390477194162
-0.003618869594413682
-0.003671890194264477
-0.003725468864530958
-0.003779622494469857
-0.003834368254302443
-0.003889723573696121
-0.003945706119199239
-0.004002333770528587
-0.004059624595719348
-0.004117596825008491
-0.00417626882343399
-0.0042356590620463
-0.004295786087692507
-0.004356668491267082
-0.004418324874363517
-0.004480773814237084
-0.004544033826992307
-0.004608123328897474
-0.004673060595752029
-0.004738863720155419
-0.004805550566669899
-0.004873138724649404
-0.004941645458745755
-0.005011087656903189
-0.005081481775767829
-0.005152843783389937
-0.005225189099107954
-0.005298532530515293
-0.005372888207355341
-0.005448269512324636
-0.005524689008564858
-0.005602158363842265
-0.005680688271268936
-0.005760288366478093
-0.005840967141201976
-0.005922731853148787
-0.006005588432157705
-0.006089541382565932
-0.006174593681770014
-0.006260746674988609
-0.006347999966227185
-0.006436351305512959
-0.006525796472449568
-0.006616329156208056
-0.006707940832126528
-0.006800620635017407
-0.006894355229544435
-0.006989128677782005
-0.007084922304449686
-0.007181714560067652
-0.007279480882590433
-0.007378193557944805
-0.007477821580133196
-0.007578330511499696
-0.0076796823439292
-0.007781835361818154
-0.007884744007648829
-0.007988358751255168
-0.008092625963785464
-0.008197487797584902
-0.008302882073214564
-0.008408742175028282
-0.008514996956641343
-0.008621570657928445
-0.008728382835034422
-0.008835348305143596
-0.008942377107689727
-0.009049374483756586
-0.009156240875505829
-0.009262871947428869
-0.009369158631194344
-0.009474987195930162
-0.009580239345620871
-0.009684792345297467
-0.009788519177575379
-0.009891288730903195
-0.009992966020850444
-0.01009341244539182
-0.01019248607505948
-0.01029004197846233
-0.01038593258346149
-0.01048000807384895
-0.01057211682111011
-0.010662105850413
-0.01074982133954008
-0.01083510914910647
-0.01091781538184172
-0.01099778696842144
-0.01107487227670085
-0.01114892174091025
-0.01121978850683661
-0.01128732908865181
-0.0113514040326443
-0.0114118785828414
-0.01146862334312881
-0.01152151493036504
-0.0115704366127064
-0.01161527892742573
-0.01165594027235626
-0.01169232746526693
-0.01172435626562288
-0.0117519518534155
-0.01177504926007851
-0.0117935937469679
-0.01180754112731026
-0.01181685802814635
-0.01182152208937836
-0.01182152209772567
-0.01181685805409455
-0.01180754117359898
-0.01179359381827595
-0.01177504936316943
-0.01175195199737733
-0.01172435646217194
-0.01169232772913665
-0.01165594062177898
-0.01161527938472529
-0.01157043720499195
-0.01152151569039454
-0.01146862431029031
-0.01141187980432239
-0.01135140556481533
-0.01128733099865415
-0.01121979087444464
-0.01114892466065601
-0.01107487586036595
-0.0109977913478517
-0.01091782071219667
-0.01083511561255148
-0.01074982914945257
-0.01066211525614026
-0.01057212811334146
-0.01048002159066614
-0.0103859487171204
-0.01029006118299098
-0.01019250887470427
-0.01009343944402824
-0.009992997912384699
-0.009891326310753873
-0.009788563355329377
-0.009684844158575498
-0.009580299975228336
-0.009475057982395643
-0.009369241092721236
-0.009262967799342769
-0.009156352051257309
-0.009049503157516891
-0.008942525718614164
-0.00883551958331961
-0.008728579829144831
-0.008621796764699543
-0.008515255952026997
-0.008409038247183108
-0.008303219857260286
-0.008197872412105215
-0.008093063049096743
-0.007988854509345002
-0.007885305243810379
-0.007782469527850442
-0.007680397582896584
-0.007579135703923547
-0.007478726391557557
-0.007379208487737217
-0.007280617313893557
-0.007182984810765215
-0.007086339679005403
-0.006990707519809831
-0.006896110974946286
-0.006802569865537803
-0.006710101329134599
-0.006618719954552489
-0.006528437914147154
-0.006439265093134038
-0.006351209215731861
-0.0062642759678365
-0.006178469116073908
-0.006093790623072033
-0.006010240758851918
-0.005927818208249769
-0.005846520174317932
-0.005766342477710929
-0.005687279652007229
-0.005609325035069413
-0.005532470856389877
-0.005456708320542709
-0.005382027686797511
-0.005308418344956608
-0.005235868887512552
-0.005164367178237022
-0.005093900417282126
-0.005024455202919634
-0.004956017589999793
-0.004888573145275674
-0.004822106999699466
-0.004756603897772367
-0.004692048244115147
-0.004628424147315902
-0.004565715461241166
-0.00450390582382483
-0.004442978693540723
-0.004382917383585614
-0.004323705093937417
-0.004265324941355308
-0.004207759987416381
-0.004150993264701903
-0.004095007801226194
-0.0040397866431733
-0.003985312876056755
-0.003931569644342986
-0.003878540169681711
-0.003826207767730207
-0.00377455586374905
-0.003723568006931251
-0.00367322788362276
-0.003623519329413483
-0.003574426340264741
-0.003525933082599439
-0.00347802390254369
-0.003430683334246831
-0.003383896107450164
-0.003337647154241635
-0.003291921615127064
-0.003246704844407691
-0.003201982414932818
-0.003157740122244693
-0.003113963988183166
-0.003070640263948727
-0.003027755432668958
-0.002985296211538686
-0.002943249553487478
-0.002901602648477193
-0.002860342924402581
-0.002819458047658945
-0.002778935923367669
-0.002738764695307564
-0.002698932745565371
-0.002659428693918187
-0.002620241396979889
-0.00258135994710903
-0.002542773671133817
-0.002504472128851007
-0.002466445111382975
-0.002428682639361825
-0.002391174960940413
-0.002353912549708983
-0.002316886102460763
-0.002280086536851626
-0.002243504988961927
-0.002207132810763708
-0.002170961567508952
-0.0021349830350349
-0.00209918919703472
-0.002063572242218816
-0.002028124561482917
-0.001992838745002811
-0.001957707579283381
-0.001922724044223499
-0.001887881310098528
-0.001853172734570781
-0.001818591859651955
-0.001784132408694794
-0.001749788283330216
-0.001715553560450835
-0.001681422489171448
-0.00164738948779594
-0.001613449140807665
-0.001579596195854925
-0.001545825560769508
-0.001512132300591757
-0.001478511634608413
-0.001444958933440727
-0.001411469716123884
-0.001378039647235185
-0.001344664534037024
-0.001311340323653458
-0.001278063100290154
-0.001244829082458414
-0.001211634620253784
-0.001178476192664072
-0.001145350404911788
-0.001112253985817343
-0.001079183785234269
-0.001046136771476528
-0.001013110028820816
-0.0009801007550128658
-0.0009471062588530298
-0.0009141239577766351
-0.0008811513754934447
-0.0008481861396802959
-0.0008152259796762752
-0.0007822687242476653
-0.0007493122993793471
-0.000716354726098053
-0.0006833941183619126
-0.0006504286809305296
-0.000617456707350637
-0.0005844765779042813
-0.0005514867576604503
-0.0005184857945100766
-0.0004854723172582429
-0.0004524450337744226
-0.0004194027291474951
-0.0003863442638816685
-0.0003532685721480454
-0.0003201746600479376
-0.0002870616039277211
-0.0002539285487061461
-0.000220774706275087
-0.0001875993538774361
-0.000154401832571891
-0.0001211815456925863
-8.793795736421368e-05
-5.467059102458403e-05
-2.137902800778552e-05
1.193709387291297e-05
4.527808168523165e-05
7.864418873501557e-05
0.0001120356158716236
0.0001454525127753742
0.0001788949792211648
0.0002123630662993871
0.0002458567776459659
0.0002793760705871967
0.0003129208573185807
0.0003464910060189718
0.0003800863419592664
0.00041370664858113
0.0004473516685502606
0.0004810211047822305
0.0005147146214574956
0.0005484318450105006
0.0005821723650858684
0.0006159357354828502
0.0006497214750800476
0.0006835290687338372
0.0007173579681565086
0.0007512075927816704
0.0007850773306044214
0.0008189665390031307
0.0008528745455413794
0.0008868006487530832
0.0009207441189233929
0.0009547041988164976
0.000988680104432325
0.001022671025704891
0.001056676127220989
0.00109069454889444
0.001124725406624997
0.001158767792993638
0.001192820777842832
0.001226883408951882
0.001260954712625751
0.001295033694298914
0.001329119339109607
0.001363210612484001
0.001397306460681754
0.001431405811350002
0.001465507574057486
0.001499610640802943
0.001533713886533954
0.00156781616965349
0.001601916332480415
0.001636013201756656
0.001670105589082438
0.001704192291395464
0.001738272091402658
0.001772343758016306
0.00180640604677884
0.001840457700284145
0.001874497448570382
0.001908524009533424
0.001942536089302146
0.001976532382627076
0.002010511573252748
0.002044472334260939
0.002078413328454482
0.002112333208693595
0.002146230618224091
0.002180104191024111
0.002213952552125236
0.002247774317932045
0.002281568096528495
0.002315332487979671
0.002349066084649904
0.002382767471463843
0.002416435226215467
0.002450067919836426
0.00248366411667137
0.002517222374746659
0.002550741246028374
0.00258421927668275
0.002617655007318403
0.002651046973246379
0.00268439370470096
0.002717693727095139
0.002750945561232517
0.002784147723544337
0.002817298726300178
0.002850397077837249
0.002883441282761352
0.002916429842152355
0.002949361253780142
0.002982234012282325
0.003015046609381978
0.003047797534066539
0.003080485272760683
0.003113108309541052
0.003145665126283735
0.003178154202863552
0.003210574017307544
0.003242923045975515
0.003275199763721834
0.00330740264405246
0.00333953015928755
0.003371580780722788
0.003403552978765865
0.003435445223099339
0.003467255982823771
0.003498983726591502
0.003530626922765939
0.003562184039539566
0.003593653545075768
0.003625033907657505
0.003656323595780667
0.003687521078315779
0.003718624824616604
0.003749633304640861
0.003780544989083245
0.003811358349474811
0.003842071858305381
0.003872683989150493
0.003903193216751348
0.003933598017156959
0.003963896867806068
0.003994088247649196
0.004024170637224118
0.004054142518789846
0.004084002376411078
0.004113748696036378
0.00414337996562492
0.004172894675218719
0.004202291317024064
0.00423156838553612
0.004260724377588877
0.00428975779246638
0.004318667131977755
0.004347450900518599
0.004376107605196588
0.00440463575587051
0.004433033865248413
0.004461300448956488
0.00448943402561281
0.004517433116911574
0.004545296247664476
0.004573021945912574
0.004600608742964037
0.004628055173474394
0.0046553597755047
0.004682521090594138
0.004709537663819319
0.004736408043852424
0.004763130783031067
0.004789704437402497
0.004816127566801374
0.004842398734892624
0.004868516509221829
0.004894479461289489
0.004920286166590062
0.004945935204656032
0.004971425159132524
0.004996754617811513
0.005021922172671878
0.005046926419939847
0.005071765960142242
0.005096439398131941
0.005120945343141954
0.005145282408836775
0.005169449213337697
0.005193444379266224
0.005217266533802235
0.005240914308702802
0.005264386340345885
0.005287681269768598
0.005310797742715367
0.005333734409634622
0.00535648992576345
0.005379062951119268
0.005401452150554369
0.005423656193776551
0.005445673755391793
0.005467503514914374
0.005489144156806569
0.005510594370514828
0.005531852850473118
0.00555291829615544
0.005573789412070197
0.005594464907816868
0.005614943498079853
0.005635223902677022
0.005655304846556596
0.005675185059831974
0.005694863277793628
0.005714338240941576
0.005733608694990251
0.005752673390879932
0.005771531084819115
0.005790180538272176
0.005808620517989467
0.005826849796015098
0.005844867149705164
0.005862671361733479
0.005880261220120827
0.005897635518218346
0.005914793054735886
0.005931732633750868
0.00594845306471678
0.005964953162464181
0.005981231747216061
0.005997287644590581
0.006013119685610484
0.006028726706707836
0.006044107549720332
0.006059261061912322
0.006074186095965751
0.006088881509983352
0.006103346167505625
0.006117578937482207
0.006131578694309334
0.00614534431780955
0.006158874693234985
0.006172168711261521
0.006185225268004919
0.006198043265004246
0.006210621609224946
0.00622295921305596
0.006235054994308174
0.006246907876208791
0.006258516787403606
0.006269880661942071
0.006280998439280126
0.006291869064288667
0.00630249148721997
0.006312864663714749
0.006322987554816131
0.006332859126929062
0.006342478351845853
0.00635184420671739
0.006360955674049103
0.006369811741715088
0.006378411402933709
0.006386753656248568
0.006394837505560151
0.006402661960071174
0.006410226034324907
0.006417528748161875
0.006424569126740979
0.00643134620050524
0.006437859005206676
0.006444106581876415
0.006450087976823851
0.006455802241639946
0.006461248433177524
0.006466425613562747
0.006471332850166987
0.006475969215638299
0.006480333787863746
0.006484425649980224
0.00648824389038034
0.006491787602690707
0.006495055885799801
0.00649804784382301
0.006500762586139472
0.006503199227370231
0.006505356887386847
0.006507234691317646
0.006508831769559985
0.0065101472577776
0.006511180296907743
0.006511930033184548
0.006512395618131731
0.006512576208587478
0.006512470966726205
0.006512079060059826
0.006511399661463583
0.006510431949192345
0.0065091751069262
0.006507628323755014
0.006505790794243099
0.006503661718452078
0.006501240301951804
0.006498525755888546
0.006495517297003754
0.006492214147678295
0.006488615535990595
0.006484720695749114
0.006480528866560349
0.006476039293869754
0.006471251229040468
0.00646616392939775
0.006460776658326584
0.0064550886853098
0.006449099286032097
0.006442807742465181
0.006436213342930612
0.006429315382220009
0.006422113161690989
0.00641460598935056
0.00640679318000213
0.006398674055334688
0.006390247944058442
0.00638151418203301
0.006372472112418029
0.006363121085793118
0.006353460460348929
0.006343489602019503
0.006333207884654163
0.006322614690219231
0.006311709408963681
0.006300491439627232
0.00628896018963826
0.006277115075354913
0.006264955522266425
0.006252480965242344
0.006239690848780826
0.006226584627287363
0.006213161765317244
0.006199421737894659
0.006185364030797129
0.006170988140859287
0.006156293576321938
0.006141279857170076
0.006125946515471825
0.006110293095770514
0.006094319155469281
0.006078024265235245
0.006061408009418711
0.006044469986499929
0.006027209809542248
0.006009627106690018
0.005991721521636392
0.005973492714161491
0.00595494036066959
0.005936064154746309
0.005916863807749443
0.005897339049413048
0.005877489628467342
0.005857315313315316
0.005836815892694885
0.005815991176395092
0.005794840995996977
0.005773365205617612
0.005751563682716026
0.005729436328907383
0.005706983070821386
0.005684203860974192
0.005661098678683137
0.00563766753102928
0.005613910453818151
0.005589827512615855
0.005565418803777849
0.005540684455571449
0.005515624629274966
0.005490239520350968
0.005464529359674501
0.005438494414749098
0.005412134991005761
0.005385451433156141
0.005358444126545774
0.005331113498575528
0.00530346002019897
0.005275484207400765
0.005247186622788128
0.005218567877185616
0.005189628631312599
0.005160369597486865
0.005130791541410723
0.005100895283967281
0.00507068170310707
0.005040151735796023
0.005009306379969197
0.004978146696605226
0.00494667381181388
0.004914888918997069
0.004882793281079397
0.00485038823278329
0.004817675182974266
0.004784655617063248
0.00475133109947891
0.004717703276200882
0.004683773877329449
0.00464954471977887
0.004615017709976155
0.004580194846645564
0.004545078223661209
0.00450967003296502
0.00447397256753509
0.004437988224426646
0.004401719507882509
0.004365169032475462
0.004328339526361283
0.004291233834531259
0.004253854922193748
0.004216205878131197
0.004178289918189032
0.004140110388776132
0.004101670770403687
0.004062974681323214
0.004024025881153725
0.00398482827459966
0.003945385915167821
0.00390570300894909
0.003865783918399701
0.003825633166195372
0.003785255439052544
0.003744655591603368
0.003703838650268148
0.003662809817116915
0.003621574473767502
0.003580138185200858
0.003538506703652678
0.003496685972381314
0.00345468212947119
0.003412501511548824
0.003370150657448981
0.003327636311820903
0.003284965428651405
0.003242145174684361
0.003199182932749376
0.003156086304954677
0.00311286311576019
0.003069521414894199
0.003026069480077196
0.002982515819622387
0.002938869174764314
0.002895138521812661
0.002851333074055325
0.002807462283377219
0.002763535841639414
0.002719563681699082
0.002675555978161355
0.002631523147721944
0.002587475849174356
0.002543424983002066
0.002499381690523271
0.002455357352626182
0.002411363587981465
0.002367412250746341
0.002323515427761205
0.002279685435158267
0.002235934814362789
0.002192276327485318
0.002148722952074848
0.002105287875134443
0.002061984486477628
0.002018826371305776
0.001975827302042821
0.001933001229338583
0.001890362272265874
0.001847924707659182
0.001805702958573407
0.001763711581854063
0.001721965254760434
0.001680478760665014
0.001639266973795791
0.001598344842995642
0.00155772737449327
0.001517429613696485
0.001477466625972989
0.001437853476439985
0.001398605208763001
0.001359736822954959
0.001321263252222415
0.001283199338832297
0.001245559809088733
0.001208359247369193
0.001171612069342113
0.001135332494345827
0.001099534517010971
0.001064231878192722
0.001029438035245073
0.0009951661317647393
0.0009614289668522626
0.0009282389639697622
0.0008956081395614744
0.0008635480714544782
0.0008320698672592977
0.0008011841328046101
0.0007709009407947864
0.000741229799841126
0.0007121796239580105
0.0006837587027633766
0.0006559746724712897
0.0006288344878978445
0.0006023443956241492
0.0005765099085295938
0.000551335781819237
0.0005268259907950535
0.0005029837104866463
0.0004798112974016616
0.0004573102734585629
0.0004354813124105954
0.0004143242287925506
0.0003938379696732091
0.0003740206092338449
0.0003548693464186488
0.0003363805056908571
0.0003185495410369908
0.000301371043306845
0.0002848387509074776
0.0002689455639370408
0.0002536835617587378
0.000239044023961266
0.000225017454730839
0.0002115936105272827
0.0001987615309691874
0.0001865095727961539
0.000174825446793328
0.0001636962574107798
0.0001531085449424149
0.0001430483299785547
0.0001335011598562943
0.0001244521568459223
0.0001158860677054046
0.0001077873143476276
0.0001001400451489751
9.292818665744031e-05
8.613549524674746e-05
7.974560834985833e-05
7.374209491217872e-05
6.810850466277499e-05
6.282841585781868e-05
5.78854811005107e-05
5.326347095030871e-05
4.894631491884774e-05
4.491813967495662e-05
4.116330402669649e-05
3.766643061496816e-05
3.44124339623005e-05
3.138654480614166e-05
2.857433052307846e-05
2.596171157778976e-05
2.353497391939931e-05
2.128077732720091e-05
1.918615968518286e-05
1.723853728986704e-05
1.54257012379244e-05
1.373581004068662e-05
1.215737862492075e-05
1.067926389969537e-05
9.29064706660127e-06
7.981013007076702e-06
6.740126874692183e-06
5.558008289420165e-06
4.424903351427133e-06
3.331254801363032e-06
2.26767066159551e-06
1.224891657210497e-06
0
