-0.001465519618928497
-0.00149962261885184
-0.001533725798343051
-0.001567828015773408
-0.001601928113483162
-0.001636024918178539
-0.001670117241479759
-0.001704203880300826
-0.001738283617353085
-0.001772355221531813
-0.001806417448385654
-0.001840469040502412
-0.001874508727887054
-0.001908535228464899
-0.001942547248340826
-0.001976543482258523
-0.002010522613962841
-0.00204448331652681
-0.002078424252750589
-0.00211234407548811
-0.002146241427972487
-0.002180114944182168
-0.002213963249139372
-0.002247784959254841
-0.002281578682589458
-0.002315343019230493
-0.002349076561496973
-0.002382777894344094
-0.002416445595545467
-0.002450078236025773
-0.002483674380126104
-0.002517232585881363
-0.00255075140523216
-0.002584229384347728
-0.002617665063846989
-0.002651056979010948
-0.002684403660086889
-0.002717703632472208
-0.002750955416973822
-0.002784157530013316
-0.002817308483860501
-0.002850406786849525
-0.002883450943582792
-0.00291643945512368
-0.002949370819243867
-0.002982243530579578
-0.003015056080857692
-0.003047806959051279
-0.003080494651577266
-0.003113117642512909
-0.003145674413738015
-0.003178163445106857
-0.003210583214664659
-0.00324293219874373
-0.003275208872206727
-0.003307411708560017
-0.003339539180118285
-0.003371589758160961
-0.003403561913106398
-0.003435454114628805
-0.003467264831820643
-0.003498992533336251
-0.003530635687537569
-0.003562192762609158
-0.003593662226705969
-0.003625042548127551
-0.003656332195339447
-0.003687529637230233
-0.003718633343140904
-0.003749641783017729
-0.003780553427579225
-0.003811366748323247
-0.003842080217744365
-0.0038726923094269
-0.003903201498103376
-0.003933606259821612
-0.003963905072000508
-0.003994096413605488
-0.004024178765168829
-0.004054150608949196
-0.004084010428993135
-0.004113756711255369
-0.00414338794370204
-0.004172902616358319
-0.004202299221431929
-0.004231576253414517
-0.004260732209141364
-0.00428976558789539
-0.00431867489147121
-0.004347458624275271
-0.004376115293406336
-0.004404643408715253
-0.004433041482913416
-0.004461308031624154
-0.004489441573465184
-0.004517440630119067
-0.00454530372640684
-0.004573029390360604
-0.004600616153288144
-0.004628062549835716
-0.004655367118071677
-0.004682528399531502
-0.004709544939272215
-0.004736415285991787
-0.00476313799199643
-0.004789711613348131
-0.004816134709887695
-0.004842405845257675
-0.004868523587014011
-0.004894486506654638
-0.00492029317966081
-0.004945942185573009
-0.00497143210802436
-0.004996761534812391
-0.005021929057908553
-0.005046933273537647
-0.005071772782244381
-0.005096446188858007
-0.00512095210259091
-0.005145289137150805
-0.005169455910629821
-0.00519345104563856
-0.005217273169376861
-0.005240920913590761
-0.005264392914645137
-0.00528768781359345
-0.005310804256169614
-0.005333740892818171
-0.005356496378767305
-0.005379069374043983
-0.005401458543500058
-0.005423662556830226
-0.005445680088650361
-0.005467509818455639
-0.005489150430727023
-0.005510600614896201
-0.005531859065392511
-0.005552924481701873
-0.005573795568316137
-0.005594471034841162
-0.005614949595952936
-0.005635229971468249
-0.00565531088633855
-0.005675191070674785
-0.005694869259757433
-0.005714344194096384
-0.005733614619397273
-0.005752679286593195
-0.005771536951899455
-0.005790186376773659
-0.005808626327965202
-0.005826855577524363
-0.005844872902784726
-0.00586267708643224
-0.005880266916497118
-0.005897641186304307
-0.005914798694577236
-0.005931738245385635
-0.005948458648186521
-0.005964958717802477
-0.00598123727445483
-0.005997293143756901
-0.006013125156750153
-0.006028732149832329
-0.006044112964862758
-0.006059266449094057
-0.006074191455208862
-0.006088886841316846
-0.006103351470934838
-0.006117584213021316
-0.006131583941989758
-0.006145349537628256
-0.006158879885203192
-0.006172173875399704
-0.006185230404310136
-0.006198048373473502
-0.006210626689875383
-0.006222964265880319
-0.006235060019301129
-0.006246912873372689
-0.006258521756735436
-0.006269885603435766
-0.006281003352917881
-0.006291873950061837
-0.006302496345118619
-0.006312869493724024
-0.006322992356917952
-0.00633286390110575
-0.006342483098079248
-0.006351848924973429
-0.006360960364308402
-0.006369816403953267
-0.006378416037123226
-0.006386758262358784
-0.006394842083551689
-0.006402666509924412
-0.006410230555991636
-0.006417533241609999
-0.006424573591916042
-0.006431350637385961
-0.00643786341374237
-0.006444110962015132
-0.00645009232852016
-0.006455806564846699
-0.006461252727833489
-0.006466429879631806
-0.006471337087584955
-0.006475973424342549
-0.006480337967801958
-0.006484429801087176
-0.00648824801259699
-0.006491791695949692
-0.006495059950032592
-0.006498051878962496
-0.006500766592116111
-0.006503203204108814
-0.006505360834816234
-0.00650723860936385
-0.006508835658139535
-0.00651015111681489
-0.006511184126317748
-0.006511933832877629
-0.006512399388026682
-0.006512579948604096
-0.00651247467677364
-0.006512082740042064
-0.006511403311284624
-0.006510435568761838
-0.006509178696156545
-0.00650763188253676
-0.006505794322472294
-0.006503665216044787
-0.006501243768794262
-0.006498529191862016
-0.006495520702019548
-0.006492217521627455
-0.006488618878752443
-0.00648472400722715
-0.006480532146624035
-0.00647604254241163
-0.006471254445959277
-0.006466167114555882
-0.006460779811608194
-0.006455091806597829
-0.006449102375210515
-0.006442810799388049
-0.006436216367488855
-0.006429318374289306
-0.006422116121143516
-0.006414608916046391
-0.006406796073823569
-0.006398676916134805
-0.006390250771712336
-0.00638151697640565
-0.006372474873372669
-0.006363123813197489
-0.006353463154066298
-0.00634349226190746
-0.006333210510572828
-0.006322617282035029
-0.006311711966527501
-0.006300493962803075
-0.006288962678281817
-0.006277117529320493
-0.006264957941416587
-0.006252483349434089
-0.006239693197863334
-0.006226586941123073
-0.006213164043754918
-0.006199423980797963
-0.006185366238015323
-0.006170990312249592
-0.006156295711732982
-0.006141281956467684
-0.006125948578504137
-0.00611029512239441
-0.006094321145543504
-0.006078026218615406
-0.0060614099259615
-0.006044471866070934
-0.006027211652008182
-0.006009628911902017
-0.005991723289459452
-0.005973494444454223
-0.005954942053305785
-0.005936065809597719
-0.005916865424675454
-0.005897340628293294
-0.005877491169172008
-0.005857316815728614
-0.005836817356685323
-0.005815992601861069
-0.005794842382806889
-0.00577336655367278
-0.005751564991905405
-0.005729437599126659
-0.005706984301974125
-0.00568420505296649
-0.00566109983142202
-0.005637668644428153
-0.005613911527790279
-0.005589828547099491
-0.00556541979869455
-0.00554068541086186
-0.005515625544878795
-0.005490240396224522
-0.00546453019577062
-0.005438495211026191
-0.005412135747445213
-0.005385452149739326
-0.005358444803252822
-0.005331114135408295
-0.005303460617169558
-0.005275484764516634
-0.005247187140078611
-0.005218568354692963
-0.005189629069081419
-0.005160369995578618
-0.005130791899898339
-0.005100895602936991
-0.005070681982659732
-0.005040151976050958
-0.005009306581039814
-0.004978146858649435
-0.004946673934979006
-0.004914889003462649
-0.004882793327034907
-0.0048503882404381
-0.004817675152558679
-0.004784655548826329
-0.004751330993685909
-0.004717703133142252
-0.004683773697314484
-0.004649544503139533
-0.004615017457063678
-0.004580194557843043
-0.004545077899377079
-0.00450966967362755
-0.004473972173598685
-0.004437987796373844
-0.004401719046233875
-0.004365168537760119
-0.004328338999172009
-0.004291233275465553
-0.004253854331895358
-0.004216205257274298
-0.004178289267483383
-0.004140109708956879
-0.004101670062266738
-0.004062973945681376
-0.004024025118879857
-0.003984827486592199
-0.003945385102378365
-0.003905702172367391
-0.003865783059062114
-0.003825632285186426
-0.003785254537499233
-0.003744654670695366
-0.003703837711239753
-0.003662808861254726
-0.003621573502405141
-0.003580137199744104
-0.003538505705545667
-0.003496684963144014
-0.003454681110677789
-0.00341250048483227
-0.003370149624501866
-0.003327635274412053
-0.003284964388614162
-0.003242144133911878
-0.003199181893211122
-0.003156085268684804
-0.003112862084879021
-0.003069520391574067
-0.003026068466594035
-0.002982514818308342
-0.002938868188032122
-0.002895137552161551
-0.002851332124061185
-0.002807461355702134
-0.00276353493901993
-0.002719562806965431
-0.002675555134220932
-0.00263152233757726
-0.002587475075904004
-0.002543424249777526
-0.002499381000603286
-0.002455356709358959
-0.002411362994794289
-0.002367411711160837
-0.002323514945391591
-0.002279685013696778
-0.002235934457589718
-0.002192276039270951
-0.00214872273636443
-0.002105287735966271
-0.002061984427954603
-0.002018826397630465
-0.001975827417472377
-0.001933001438213159
-0.001890362578983926
-0.001847925116700688
-0.001805703474471124
-0.001763712209192262
-0.001721965998177808
-0.001680479624843863
-0.001639267963458843
-0.001598345962892061
-0.001557728629401752
-0.001517431008407775
-0.001477468165278716
-0.001437855165140025
-0.001398607051638467
-0.001359738824759748
-0.001321265417672252
-0.001283201672599084
-0.001245562315780516
-0.001208361931509963
-0.001171614935382748
-0.001135335546614663
-0.001099537759715817
-0.001064235315396417
-0.001029441670868908
-0.000995169969525771
-0.0009614330102871368
-0.0009282432163954446
-0.0008956126040517839
-0.000863552750823806
-0.0008320747640463543
-0.0008011892492356806
-0.0007709062787680234
-0.0007412353609045552
-0.0007121854092829666
-0.0006837647131249921
-0.0006559809082255369
-0.0006288409489519668
-0.000602351081411886
-0.0005765168179956912
-0.0005513429133966758
-0.0005268333423717091
-0.0005029912794110051
-0.0004798190804289719
-0.0004573182667593047
-0.0004354895115436424
-0.0004143326286960396
-0.0003938465646389057
-0.0003740293929127333
-0.0003548783118056441
-0.0003363896451144986
-0.0003185588461639965
-0.0003013805051390291
-0.0002848483597876041
-0.0002689553095622417
-0.0002536934331737288
-0.0002390540095850526
-0.0002250275423738659
-0.0002116037874121766
-0.0001987717837401461
-0.000186519887589436
-0.000174835809224401
-0.0001637066526388661
-0.000153118957696062
-0.0001430587446096081
-0.0001335115603753054
-0.0001244625269800053
-0.0001158963909526859
-0.0001077975740256861
-0.000100150224437494
-9.29382686849483e-05
-8.614546312425263e-05
-7.975544524150245e-05
-7.375178408979954e-05
-6.811802955280361e-05
-6.28377601179439e-05
-5.789462866882897e-05
-5.3272406081252e-05
-4.895502226105394e-05
-4.492660429942195e-05
-4.117151147031272e-05
-3.767436694218466e-05
-3.442008577969786e-05
-3.139389930394317e-05
-2.858137551038469e-05
-2.596843549611911e-05
-2.35413658714735e-05
-2.128682709313413e-05
-1.919185772296557e-05
-1.724387476443505e-05
-1.543067000935993e-05
-1.374040267841225e-05
-1.21615884030252e-05
-1.068308478752861e-05
-9.294073736896983e-06
-7.984040811786618e-06
-6.742751862605064e-06
-5.560227176843032e-06
-4.42671352450822e-06
-3.332654309869565e-06
-2.268658204458642e-06
-1.225466582708114e-06
-1.93920068361237e-07
8.350754586968281e-07
1.870583068914718e-06
2.921668832251215e-06
3.997435458175536e-06
5.107055101037736e-06
6.259801082659621e-06
7.465078195185472e-06
8.73245128635812e-06
1.007167183588115e-05
1.149270225243165e-05
1.300573766405046e-05
1.462122489242004e-05
1.634987852632951e-05
1.820269374469118e-05
2.019095584971688e-05
2.232624635756242e-05
2.462044545312615e-05
2.708573084802147e-05
2.973457292115584e-05
3.257972616999266e-05
3.563421698519597e-05
3.891132779434547e-05
4.2424577703668e-05
4.618769972274984e-05
5.021461476453163e-05
5.45194025718173e-05
5.911626984670456e-05
6.401951577070415e-05
6.924349519705272e-05
7.480257984289473e-05
8.071111773873523e-05
8.698339128299787e-05
9.363357421805427e-05
0.0001006756879038482
0.000108123557155922
0.0001159907660714657
0.0001242906141161234
0.0001330360728470942
0.0001422397435350145
0.0001519138160356991
0.0001620700291893751
0.0001727196329771143
0.000183873352730104
0.0001955413555750855
0.0002077332193464185
0.0002204579041160479
0.0002337237264863588
0.0002475383368039236
0.0002619086993167537
0.000276841075471628
0.0002923410102370488
0.0003084133216092301
0.0003250620932369027
0.0003422906701471612
0.0003601016575310138
0.0003784969225686437
0.0003974775991384544
0.0004170440953875955
0.0004371961040143205
0.0004579326151806862
0.0004792519318669664
0.000501151687609622
0.0005236288664075429
0.0005466798246765141
0.0005703003151077508
0.0005944855122567193
0.0006192300397083513
0.0006445279986495127
0.0006703729977392704
0.0006967581840313947
0.0007236762748860821
0.0007511195906983468
0.000779080088241413
0.0008075493945626485
0.0008365188412438442
0.0008659794989413815
0.0008959222120313573
0.0009263376332631322
0.0009572162583659106
0.0009885484603860042
0.001020324523772933
0.001052534678065558
0.00108516913108685
0.001118218101617466
0.001151671851407674
0.001185520716549615
0.001219755138042876
0.001254365691613679
0.001289343116637702
0.001324678344220971
0.001360362524299725
0.001396387051827914
0.001432743591938902
0.001469424104124035
0.001506420865362929
0.001543726492244102
0.001581333961970614
0.001619236632382733
0.001657428260843408
0.001695903022117762
0.001734655525134765
0.001773680828753528
0.001812974456407252
0.001852532409761741
0.001892351181311204
0.001932427765966632
0.001972759671631094
0.00201334492879019
0.002054182099132001
0.002095270283210741
0.002136609127161267
0.002178198828507739
0.002220040141081721
0.002262134379024875
0.002304483419984438
0.002347089707405678
0.002389956252065127
0.00243308663275803
0.002476484996215189
0.002520156056259308
0.002564105092210446
0.002608337946548349
0.002652861021873282
0.002697681277139415
0.002742806223234952
0.002788243917841258
0.002834002959639023
0.00288009248186827
0.002926522145196452
0.002973302129970283
0.003020443127794718
0.003067956332479581
0.003115853430317145
0.00316414658972291
0.00321284845019909
0.003261972110648264
0.00331153111697562
0.003361539449020049
0.003412011506757935
0.003462962095772324
0.003514406411971833
0.003566360025517541
0.003618838863941117
0.003671859194415545
0.003725437605136542
0.0037795909857978
0.003834336507079641
0.003889691599147177
0.003945673929064036
0.004002301377107501
0.004059592011893862
0.004117564064292123
0.004176235899994583
0.004235625990756517
0.004295752884163974
0.004356635171904126
0.00441829145639744
0.004480740315784502
0.004544000267098071
0.004608089727591408
0.00467302697410075
0.004738830100326817
0.004805516971983305
0.004873105179642625
0.004941611989240652
0.005011054290070411
0.005081448540192451
0.005152810709150055
0.005225156217842463
0.00529849987549205
0.005372855813566762
0.005448237416547042
0.005524657249445674
0.005602126981984144
0.005680657309306251
0.005760257869164256
0.005840937155479821
0.005922702428248381
0.006005559619671658
0.006089513236528289
0.006174566258728417
0.006260720034095184
0.006347974169296711
0.006436326417095172
0.006525772559892243
0.006616306289720607
0.006707919084817052
0.006800600082938528
0.006894335951731197
0.006989110756273202
0.007084905824286787
0.00718169960929536
0.007279467552241631
0.007378181941992703
0.007477811775446701
0.007578322617760374
0.007679676463533004
0.007781831599754957
0.007884742471354775
0.007988359550429102
0.008092629210192714
0.008197493604809324
0.008302890556394655
0.008408753450549264
0.008515011141791085
0.008621587870517656
0.008728403192975957
0.008835371926003987
0.008942404108173643
0.009049404979181283
0.009156274979223078
0.00926290977019918
0.009369200280538193
0.009475032775434633
0.009580288954213529
0.009684846076495945
0.009788577118696859
0.009891350962273811
0.009993032614967472
0.01009348346610481
0.0101925615767206
0.0102901220051074
0.01038601716797107
0.01048009723715059
0.01057221057140153
0.01066220418242019
0.01074992423382689
0.01083521657144551
0.0109179272826456
0.01099790328224716
0.01107499292186688
0.01114904661918041
0.01121991750323006
0.01128746207135804
0.01135154085305389
0.01141201907572661
0.01146876732693369
0.0115216622076267
0.0115705869706262
0.01161543213857044
0.01165609609548582
0.01169248564629965
0.01172451653871512
0.01175211394215764
0.01177521287878585
0.01179375860208994
0.01180770691888591
0.01181702445135229
0.01182168883611819
0.01182168885823803
0.01181702451861016
0.0118077070339661
0.01179375876959003
0.01177521310535449
0.0117521142367313
0.01172451691284211
0.01169248611449912
0.01165609667575285
0.0116154328529644
0.01157058784596765
0.01152166327636346
0.01146876862811604
0.01141202065618848
0.01135154276878424
0.01128746438910907
0.0112199203023687
0.01114904999382425
0.01107499698336232
0.01099790816200487
0.0109179331353833
0.010835223578883
0.01074993260889285
0.01066221417401608
0.01057222246977025
0.0104801113799328
0.01038603394698669
0.01029014187396206
0.01019258505924009
0.01009351116575799
0.00999306522526055
0.009891389278242256
0.009788622049560124
0.009684898659514128
0.009580350369844804
0.009475104363875733
0.009369283559679495
0.00926300645505922
0.009156387002954711
0.009049534515674067
0.008942553596300945
0.008835544095591575
0.008728601092446525
0.008621814896330111
0.008515271069647053
0.008409050468347541
0.008303229298991568
0.00819787919052074
0.008093067279052917
0.007988856304136002
0.007885304714892866
0.007782466784594405
0.007680392732381786
0.007579128850759667
0.007478717637738973
0.007379197932490828
0.007280605053606559
0.007182970938890804
0.007086324286000893
0.006990690693104861
0.006896092798904621
0.006802550421468713
0.006710080695284941
0.00661869820611988
0.006528415123323522
0.006439241329138007
0.006351184544851943
0.006264250453484728
0.006178442818853351
0.006093763600834999
0.006010213066770854
0.005927789898896425
0.005846491297733335
0.005766313081491045
0.005687249781375209
0.005609294732957764
0.005532440163518691
0.00545667727551246
0.005381996326161143
0.005308386703299445
0.005235836997537418
0.005164335070831059
0.005093868121607151
0.00502442274647596
0.004955984998713166
0.004888540443553121
0.004822074210506837
0.004756571042699706
0.004692015343441421
0.004628391220079691
0.004565682525283702
0.004503872895872416
0.004442945789238499
0.004382884517563572
0.004323672279863681
0.00426529219198528
0.00420772731463567
0.004150960679570305
0.004094975314039255
0.004039754263481478
0.003985280612716914
0.003931537505559976
0.00387850816302994
0.003826175900205295
0.003774524141793624
0.003723536436468413
0.003673196470080137
0.003623488077749396
0.003574395255014759
0.003525902167880001
0.003477993162085123
0.003430652771418883
0.003383865725273648
0.003337616955417851
0.003291891602068393
0.003246675019232222
0.003201952779489796
0.003157710678143744
0.00311393473679168
0.003070611206426288
0.003027726569954096
0.002985267544392192
0.002943221082496996
0.002901574374048159
0.002860314846791491
0.002819430166969767
0.002778908239582758
0.002738737208270604
0.002698905455010994
0.002659401599470532
0.002620214498145571
0.002581333243321951
0.002542747161743062
0.002504445813103252
0.002466418988465288
0.002428656708389649
0.002391149220970901
0.002353886999734679
0.002316860741413651
0.002280061363633174
0.002243480002414746
0.002207108009702795
0.002170936950692494
0.002134958601209514
0.002099164944898335
0.002063548170455516
0.002028100668749803
0.00199281502992728
0.001957684040482367
0.001922700680295177
0.001887858119624485
0.001853149716127359
0.00181856901179528
0.001784109729979784
0.001749765772292858
0.001715531215642937
0.001681400309124028
0.001647367471050756
0.001613427285880819
0.001579574501286249
0.001545804025088631
0.001512110922348612
0.001478490412331639
0.001444937865664831
0.001411448801405512
0.001378018884129297
0.001344643921096808
0.001311319859440849
0.001278042783389903
0.001244808911444921
0.001211614593717611
0.001178456309200377
0.001145330663131748
0.00111223438433515
0.001079164322684594
0.001046117446487151
0.001013090840048654
0.0009800817011115022
0.0009470873384957619
0.0009141051696463633
0.0008811327182813784
0.0008481676120973291
0.0008152075804343756
0.000782250452077851
0.0007492941530207237
0.0007163367043113091
0.0006833762199071648
0.000650410904586005
0.0006174390518973321
0.0005844590421592796
0.0005514693404293084
0.0005184684946235806
0.0004854551335511821
0.0004524279650999789
0.0004193857743747481
0.0003863274218811189
0.0003532518418054729
0.000320158040275391
0.000287045093624802
0.0002539121468060326
0.0002207584117072873
0.000187583165604126
0.0001543857495459179
0.0001211655668759003
8.792208175287621e-05
5.465481761647551e-05
2.136335580902736e-05
-1.195266585680564e-05
-4.52935544109417e-05
-7.865956316228397e-05
-0.0001120508929519119
-0.0001454676934399648
-0.0001789100644012177
-0.0002123780569103487
-0.0002458716745875435
-0.0002793908747508009
-0.0003129355695906716
-0.0003465056272726075
-0.0003801008730539924
-0.0004137210903664491
-0.0004473660218757231
-0.0004810353704710309
-0.0005147288003370602
-0.0005484459378948885
-0.0005821863727710089
-0.0006159496587641265
-0.0006497353147412737
-0.0006835428255474432
-0.0007173716428839965
-0.0007512211861787986
-0.0007850908434192758
-0.0008189799719773901
-0.0008528878993963526
-0.0008868139242136008
-0.0009207573167085263
-0.0009547173196117974
-0.0009886931489381124
-0.001022683994609705
-0.001056689021202696
-0.001090707368620821
-0.001124738152763333
-0.001158780466188503
-0.001192833378735181
-0.001226895938191515
-0.001260967170845712
-0.00129504608210616
-0.001329131657130654
-0.001363222861323221
-0.001397318640943828
-0.001431417923621405
-3.412735636673162e-05
-3.412809441495897e-05
-3.412770347280484e-05
-3.412616366513688e-05
-3.412346342770943e-05
-3.411957852509799e-05
-3.411447218491703e-05
-3.410820692225719e-05
-3.410066840397471e-05
-3.409190914591234e-05
-3.408191468226682e-05
-3.407064559355049e-05
-3.405807990064302e-05
-3.404424622037861e-05
-3.402908876406243e-05
-3.401263958255948e-05
-3.39948427995949e-05
-3.39757564327566e-05
-3.395529228174976e-05
-3.393348749261338e-05
-3.391032166439586e-05
-3.388577941503787e-05
-3.385985620870936e-05
-3.38325450267494e-05
-3.380383783661904e-05
-3.377372763761224e-05
-3.374220127123792e-05
-3.370927027836093e-05
-3.367491248751212e-05
-3.363909684387859e-05
-3.360185494618862e-05
-3.356316948083542e-05
-3.352302807249559e-05
-3.348142528443535e-05
-3.34383858716595e-05
-3.339382348197873e-05
-3.334782217901479e-05
-3.330033216386173e-05
-3.325136870376433e-05
-3.320091528375135e-05
-3.314899115876714e-05
-3.309555298270864e-05
-3.304061205895817e-05
-3.298416031328148e-05
-3.292624723524911e-05
-3.286677403420169e-05
-3.280583150284006e-05
-3.274335369685165e-05
-3.267937414065214e-05
-3.261384909371447e-05
-3.254682679106069e-05
-3.247827754598843e-05
-3.240819457645769e-05
-3.233659665163055e-05
-3.226345220969177e-05
-3.218882048913968e-05
-3.211263926127959e-05
-3.203490575788613e-05
-3.195568496158351e-05
-3.187490354308094e-05
-3.179258402456568e-05
-3.170875495876258e-05
-3.16233789524026e-05
-3.153646220035837e-05
-3.144801541998452e-05
-3.135804683081103e-05
-3.126654096681286e-05
-3.117351402185168e-05
-3.107893094838699e-05
-3.09828334433311e-05
-3.088521222362976e-05
-3.078603298690757e-05
-3.068535086517309e-05
-3.058315367148877e-05
-3.047940299734538e-05
-3.037413552645703e-05
-3.026733260099682e-05
-3.015904430644478e-05
-3.004920905155047e-05
-2.993785751739884e-05
-2.982500769119038e-05
-2.971061721865516e-05
-2.959473445548371e-05
-2.947731969530048e-05
-2.935841166860789e-05
-2.923800646866123e-05
-2.911610964188936e-05
-2.899270582861174e-05
-2.886777179294576e-05
-2.874137395040795e-05
-2.861344604332915e-05
-2.848404958963411e-05
-2.835318034773062e-05
-2.822080265531041e-05
-2.8086991631123e-05
-2.79516242977254e-05
-2.781486128879899e-05
-2.76765945512197e-05
-2.753684128671921e-05
-2.739565493855309e-05
-2.725299030551767e-05
-2.710887945716299e-05
-2.696329906529159e-05
-2.681626487996847e-05
-2.666777732151474e-05
-2.651789483503668e-05
-2.636653835251041e-05
-2.621374861818695e-05
-2.605952684224452e-05
-2.590388597689821e-05
-2.574680681665184e-05
-2.558831885249177e-05
-2.542840722094037e-05
-2.526708616503576e-05
-2.510436914130029e-05
-2.494023827044232e-05
-2.477470752181878e-05
-2.460778457902426e-05
-2.443949126913921e-05
-2.426978495656594e-05
-2.409871508009866e-05
-2.392626284911998e-05
-2.375247423770053e-05
-2.357725477637122e-05
-2.340068921878103e-05
-2.322278341763961e-05
-2.304354647884394e-05
-2.286292416892396e-05
-2.268096077420013e-05
-2.24976560828268e-05
-2.231303849245162e-05
-2.212709809529923e-05
-2.193979944667982e-05
-2.175121829715675e-05
-2.156130929355525e-05
-2.137006664316494e-05
-2.117755034035824e-05
-2.098373794853157e-05
-2.078860630997433e-05
-2.059220665465573e-05
-2.03945169374769e-05
-2.01955454124971e-05
-1.999530561184977e-05
-1.979379964607027e-05
-1.959102570634938e-05
-1.938697773299112e-05
-1.918170608418998e-05
-1.897517771634252e-05
-1.876741420529825e-05
-1.855839110550416e-05
-1.834815801985329e-05
-1.813669107392506e-05
-1.792400109941646e-05
-1.771008834922111e-05
-1.74949878533118e-05
-1.727865508060485e-05
-1.70611508940264e-05
-1.684242398197771e-05
-1.662253974841593e-05
-1.640144859747599e-05
-1.617917881350503e-05
-1.595573294091554e-05
-1.573115417739535e-05
-1.550537730834214e-05
-1.527844990501068e-05
-1.505037567390872e-05
-1.482116691215994e-05
-1.459082930101952e-05
-1.435933077526997e-05
-1.412670409103826e-05
-1.389296477022705e-05
-1.365809181134807e-05
-1.342212293014962e-05
-1.318504918384038e-05
-1.29468573322501e-05
-1.270757675339012e-05
-1.246719993125894e-05
-1.22257408252873e-05
-1.198320299108138e-05
-1.17395906424691e-05
-1.149492258945182e-05
-1.124917850742218e-05
-1.100235632155698e-05
-1.075450349223006e-05
-1.050560801496998e-05
-1.02556432019829e-05
-1.000467489867294e-05
-9.752645344115411e-06
-9.499619852879811e-06
-9.245527834156046e-06
-8.990462893428226e-06
-8.734369410502338e-06
-8.47725573486233e-06
-8.219174446308056e-06
-7.960080502246001e-06
-7.700017041975284e-06
-7.438943626866965e-06
-7.17691023735895e-06
-6.913884106855183e-06
-6.649926974241724e-06
-6.384981796489572e-06
-6.119071951278912e-06
-5.852222990433016e-06
-5.584426511031011e-06
-5.315676938151539e-06
-5.046032592787256e-06
-4.775402394666505e-06
-4.503876858592952e-06
-4.231431121228229e-06
-3.958055349064801e-06
-3.683786080151775e-06
-3.408599651810214e-06
-3.13253267411758e-06
-2.855550813053682e-06
-2.57768593327299e-06
-2.298947329044742e-06
-2.019337313558442e-06
-1.738832836362011e-06
-1.457477079735644e-06
-1.175252443892004e-06
-8.921587241180276e-07
-6.082189126910666e-07
-3.234393338853692e-07
-3.782327054360182e-08
2.486197694780362e-07
5.359148065306246e-07
8.240443369510121e-07
1.11296903799763e-06
1.402705132428099e-06
1.693276481822231e-06
1.984642264339924e-06
2.276766937374343e-06
2.569727702335113e-06
2.863487896529685e-06
3.157978955105074e-06
3.453271579458299e-06
3.74933741760481e-06
4.046160097475812e-06
4.343766124032835e-06
4.642083404926751e-06
4.941157526385821e-06
5.240994608421445e-06
5.541550495235679e-06
5.842831170590243e-06
6.144837173325212e-06
6.447573984598215e-06
6.750994172820106e-06
7.055124233124445e-06
7.359932588292149e-06
7.665470070765098e-06
7.971658911570389e-06
8.278561195183278e-06
8.586091055999426e-06
8.894290163645891e-06
9.203152922103311e-06
9.512656860249881e-06
9.822788601177078e-06
1.013357395586515e-05
1.044498102486841e-05
1.075697782706666e-05
1.106959219513136e-05
1.13827978724466e-05
1.169661121025423e-05
1.201100551857077e-05
1.232593904513927e-05
1.264145142786723e-05
1.295751539646852e-05
1.327412259844612e-05
1.359126683808947e-05
1.390891166748291e-05
1.422707581514682e-05
1.454573966811379e-05
1.486489041721084e-05
1.518450567839164e-05
1.550459888945122e-05
1.582513263596191e-05
1.614610803369275e-05
1.646750516344682e-05
1.678931356437294e-05
1.711149635546887e-05
1.743407395893781e-05
1.775701971412332e-05
1.808031124262517e-05
1.840392978709525e-05
1.872786338478615e-05
1.90521046725125e-05
1.937663270015625e-05
1.970139601148262e-05
2.002642482292968e-05
2.035165203454425e-05
2.067709839098284e-05
2.10027144171293e-05
2.132850014178046e-05
2.165440180253099e-05
2.198043554777515e-05
2.230654707754704e-05
2.263271011596882e-05
2.295890603105173e-05
2.3285130330546e-05
2.361131924179217e-05
2.3937469067873e-05
2.426350540042752e-05
2.458946525016987e-05
2.491525477301478e-05
2.524088524145202e-05
2.55662949428092e-05
2.589146352988461e-05
2.621633683612108e-05
2.654087512999953e-05
2.686505821605193e-05
2.718884440367549e-05
2.75121752915875e-05
2.783499898656103e-05
2.81573048517838e-05
2.847901226419908e-05
2.880008158366804e-05
2.912046769696123e-05
2.944012116544588e-05
2.975897618053848e-05
3.007697566440937e-05
3.03940747533926e-05
3.071018831915127e-05
3.102531104632309e-05
3.133929279145381e-05
3.165214120648158e-05
3.196376777089865e-05
3.227407790971302e-05
3.258302321185831e-05
3.289052692277884e-05
3.31964957011065e-05
3.350085761251367e-05
3.380352719214942e-05
3.410443949944945e-05
3.44034710319886e-05
3.470056817964529e-05
3.499559875838447e-05
3.528848171030583e-05
3.557913681176016e-05
3.586744408667865e-05
3.615330581942553e-05
3.643658598198059e-05
3.671722379851688e-05
3.699503497415289e-05
3.726997372241873e-05
3.754186215780068e-05
3.781060619766129e-05
3.807606274298413e-05
3.833811950156523e-05
3.859659978781775e-05
3.88514057356828e-05
3.910236711742609e-05
3.93493601283753e-05
3.959220675990377e-05
3.983077103299229e-05
4.006490193484331e-05
4.029440902987231e-05
4.05191684781164e-05
4.073895905129205e-05
4.095363047402772e-05
4.116301474900636e-05
4.136692641087492e-05
4.156516853842402e-05
4.17575654355103e-05
4.194391020009286e-05
4.212401993312405e-05
4.229768910691151e-05
4.2464711764259e-05
4.262487368884187e-05
4.277797509773072e-05
4.292380969530239e-05
4.306212522500448e-05
4.319274663334988e-05
4.331540993791487e-05
4.34299050015953e-05
4.353600021439247e-05
4.363346419204283e-05
4.372206868222186e-05
4.380156694522568e-05
4.387173227403645e-05
4.393231172545122e-05
4.398307328493188e-05
4.402378022854466e-05
4.405417670279852e-05
4.407403156718448e-05
4.408309220227521e-05
4.408112745875575e-05
4.406789865426706e-05
4.404315287666674e-05
4.400666998669034e-05
4.395820596786123e-05
4.389753042738603e-05
4.382440819855084e-05
4.373862736400209e-05
4.363996710985015e-05
4.352821390529434e-05
4.340315548484258e-05
4.326461178742779e-05
4.311236439799625e-05
4.294625239593378e-05
4.276608956670964e-05
4.257172085692139e-05
4.236298518422933e-05
4.213974922368256e-05
4.19018857036202e-05
4.164926996244654e-05
4.138181894949519e-05
4.109944291033374e-05
4.080207315977874e-05
4.048965282287448e-05
4.0162171168931e-05
3.981961640586487e-05
3.946199002672895e-05
3.908931427433533e-05
3.870166624930114e-05
3.829911295501982e-05
3.788176329134072e-05
3.744974052122426e-05
3.700320992026175e-05
3.654232656714006e-05
3.606733901856439e-05
3.557846337965673e-05
3.507597379670638e-05
3.456015538349307e-05
3.403137385430809e-05
3.348995648272e-05
3.293629658156368e-05
3.237082958330894e-05
3.179401615456805e-05
3.120632082939819e-05
3.060827269200483e-05
3.000042641765116e-05
2.938335474287886e-05
2.875768255424546e-05
2.812403100733811e-05
2.748306353977264e-05
2.683548562691087e-05
2.618203485128898e-05
2.552342503651223e-05
2.486045524020765e-05
2.419390508168824e-05
2.352457589521891e-05
2.285331264890642e-05
2.218094875446638e-05
2.150833003059356e-05
2.083633641879759e-05
2.016583427964715e-05
1.949770134488255e-05
1.883280329675297e-05
1.817202213937565e-05
1.751621954309528e-05
1.686627107741164e-05
1.622300825451503e-05
1.558726231426995e-05
1.495985053981373e-05
1.434155452776427e-05
1.373313961356364e-05
1.313534398261729e-05
1.254887217782706e-05
1.197437846791249e-05
1.14124941064678e-05
1.086379662278587e-05
1.032884482384769e-05
9.808130048697869e-06
9.302102093841722e-06
8.811157355881479e-06
8.335653427877338e-06
7.87586864322388e-06
7.43208927544086e-06
7.004479595974875e-06
6.593196737170767e-06
6.198324690219112e-06
5.819915114632407e-06
5.457973952207917e-06
5.112428100590419e-06
4.783188950208651e-06
4.470119714515808e-06
4.173042688715805e-06
3.891732811041619e-06
3.625959483347869e-06
3.375420891387566e-06
3.139835069451778e-06
2.918858582023974e-06
2.712154054540457e-06
2.519353233164514e-06
2.340089689427741e-06
2.173988585458416e-06
2.020674984178777e-06
1.879754163012578e-06
1.750872312468019e-06
1.633656137326839e-06
1.527755140989782e-06
1.432839984786597e-06
1.348598616828688e-06
1.274736027956087e-06
1.210974789857933e-06
1.15708913985098e-06
1.112857277585765e-06
1.078099327474508e-06
1.052670561278158e-06
1.036451695897663e-06
1.029352922072038e-06
1.031340923193024e-06
1.042389532238409e-06
1.062525405478128e-06
1.091795544099313e-06
1.130291046477633e-06
1.178127198273623e-06
1.235451963954608e-06
1.302435221151905e-06
1.37927798394519e-06
1.466206261918884e-06
1.563461102384219e-06
1.671296709720912e-06
1.789992703618031e-06
1.919836428230747e-06
2.0611193364012e-06
2.2141457260254e-06
2.379209524557283e-06
2.556608287213254e-06
2.7466297395511e-06
2.949550523416738e-06
3.165641084607723e-06
3.395146596332747e-06
3.638289117990733e-06
3.895275144754463e-06
4.166279724158659e-06
4.451445568802044e-06
4.750876446659775e-06
5.064656569377647e-06
5.392815089059824e-06
5.735348087650174e-06
6.092223466544533e-06
6.463338379755404e-06
6.84856359953178e-06
7.24774201131944e-06
7.660638499378211e-06
8.0869982868658e-06
8.526503155547899e-06
8.978814727473021e-06
9.443539737124417e-06
9.920238205047416e-06
1.040845409946617e-05
1.090767234990681e-05
1.141734319644143e-05
1.193690590417984e-05
1.246574463839041e-05
1.300323320120377e-05
1.354871938802699e-05
1.41015213886113e-05
1.466093940263822e-05
1.522626813870809e-05
1.579678297157765e-05
1.637175246908311e-05
1.695044805504091e-05
1.753210809933491e-05
1.811601500534713e-05
1.870141631679391e-05
1.928758904534609e-05
1.987381529459756e-05
2.045937236278051e-05
2.104357606589758e-05
2.162574237679797e-05
2.220521112342301e-05
2.2781345835416e-05
2.335352380266729e-05
2.392116143653929e-05
2.448368596086833e-05
2.504056831957023e-05
2.559128405751534e-05
2.613537794047938e-05
2.66723907926077e-05
2.720190865463235e-05
2.772355543742603e-05
2.823698252229704e-05
2.874187427259662e-05
2.923795410067179e-05
2.972498207515593e-05
3.020274273257318e-05
3.067106052533572e-05
3.112980576461872e-05
3.15788659949996e-05
3.201816496685547e-05
3.244767219275625e-05
3.286738618326417e-05
3.327732028014976e-05
3.367753683590209e-05
3.406813521869266e-05
3.44492303716878e-05
3.482097238013539e-05
3.518353126676121e-05
3.553712373499776e-05
3.588198106656249e-05
3.621835199403009e-05
3.654653000969302e-05
3.686680624231416e-05
3.717952771910087e-05
3.748503562486582e-05
3.778370215657231e-05
3.807591739550618e-05
3.83620962079335e-05
3.864265651292765e-05
3.891803974664259e-05
3.918871311099588e-05
3.94551477809197e-05
3.971781726235001e-05
3.997722901375616e-05
4.023388476466033e-05
4.048831142611806e-05
4.074102958957445e-05
4.099257421428875e-05
4.12434915027621e-05
4.149433445115697e-05
4.174564994827458e-05
4.199800063614108e-05
4.22519378736721e-05
4.250805090406638e-05
4.276688716777489e-05
4.302901388365194e-05
4.32950142573186e-05
4.356544817040559e-05
4.384087868949279e-05
4.412187887399419e-05
4.440900707486634e-05
4.470281691299024e-05
4.500386657713414e-05
4.531271538272763e-05
4.562989616843812e-05
4.595594915288608e-05
4.629140273062444e-05
4.663679062191147e-05
4.699262510714778e-05
4.735941161452533e-05
4.773764749123125e-05
4.812782164404171e-05
4.853040872104449e-05
4.89458722723886e-05
4.937468143461073e-05
4.981726179710585e-05
5.027404634400283e-05
5.074544253106631e-05
5.123185294826787e-05
5.17336633986408e-05
5.225123594121374e-05
5.27849238400316e-05
5.333505012792433e-05
5.390193149201788e-05
5.448586424723184e-05
5.508711043493604e-05
5.570592119661109e-05
5.634252761863999e-05
5.699712161776809e-05
5.766988611086301e-05
5.836096541430251e-05
5.907048553738058e-05
5.979852998813401e-05
6.054516937334961e-05
6.131042250463845e-05
6.209428471620851e-05
6.289671594360822e-05
6.371763318402726e-05
6.455691629836838e-05
6.541441514539969e-05
6.628990786033698e-05
6.718315202523678e-05
6.809384709924649e-05
6.902164693985762e-05
6.996613204875439e-05
7.092685988430827e-05
7.190330592187417e-05
7.289488867003121e-05
7.390096052436107e-05
7.492082070387577e-05
7.595367476781435e-05
7.699867207038813e-05
7.805487079564419e-05
7.91212649825325e-05
8.019673966862937e-05
8.128011890641296e-05
8.2370115755027e-05
8.346535683194891e-05
8.456435867327112e-05
8.566554417633161e-05
8.676723264641983e-05
8.786762088936812e-05
8.896479467039494e-05
9.005672261979292e-05
9.114125818431089e-05
9.221610350754515e-05
9.327888471862667e-05
9.432704028648477e-05
9.53579014625117e-05
9.636866542547898e-05
9.735638944206811e-05
9.831797688840909e-05
9.925021992413614e-05
0.0001001497399932
0.0001010130357926072
0.0001018364750551383
0.0001026162737091676
0.0001033485174816705
0.0001040291699936684
0.0001046540699547023
0.0001052189217788596
0.0001057193615892394
0.0001061508797858611
0.0001065089165913667
0.0001067887963026045
0.0001069858197266563
0.0001070952073017704
0.0001071121681686002
0.0001070319007529592
0.0001068496009537167
0.0001065605091132711
0.0001061599194510569
0.0001056432018486571
0.0001050058520307083
0.00010424349827854
0.0001033519457922796
0.0001023271934941181
0.0001011654926642053
9.986335492054101e-05
9.841761338762856e-05
9.682543196101059e-05
9.508436573210755e-05
9.319236924329056e-05
9.114785409621628e-05
8.894971519526983e-05
8.659738679543139e-05
8.409079277220065e-05
8.143048439450759e-05
7.861758791912244e-05
7.565384433504596e-05
7.25416486487748e-05
6.928403890483017e-05
6.588471472542939e-05
6.234805090567274e-05
5.867908129664727e-05
5.488348838354837e-05
5.096761807217771e-05
4.693844153705069e-05
4.280354701926474e-05
3.857107025228863e-05
3.42497129074061e-05
2.984867397992072e-05
2.537759787084066e-05
2.084656376857543e-05
1.626595874008703e-05
1.164650072021033e-05
6.999131578442117e-06
2.334925034710345e-06
-2.334882293272643e-06
-6.999081199594783e-06
-1.164645156862128e-05
-1.626590874269834e-05
-2.08465014430836e-05
-2.537752792703036e-05
-2.984858884604047e-05
-3.424961279329558e-05
-3.857094707227144e-05
-4.280340214899044e-05
-4.693826870162394e-05
-5.096740588983288e-05
-5.48832325197266e-05
-5.867876988384293e-05
-6.23476779884381e-05
-6.588427431886276e-05
-6.92835100489735e-05
-7.2541021397901e-05
-7.565309865472313e-05
-7.861669123066244e-05
-8.142942647205428e-05
-8.408954154227936e-05
-8.659588954745736e-05
-8.894796736573499e-05
-9.114578310990163e-05
-9.318993249000294e-05
-9.508149932676972e-05
-9.682209485743339e-05
-9.841371170437875e-05
-9.985880967968439e-05
-0.0001011602022583449
-0.0001023210528460788
-0.0001033448223740841
-0.0001042352828097469
-0.0001049963680421257
-0.0001056322860755312
-0.0001061473880703331
-0.0001065461625939729
-0.0001068332064111203
-0.0001070132078730963
-0.0001070908891606143
-0.0001070710421577339
-0.0001069584359274993
-0.0001067578296969539
-0.0001064739701812741
-0.0001061115326218635
-0.0001056751358867601
-0.0001051693244070096
-0.0001045985466232776
-0.0001039671453262785
-0.0001032793791379139
-0.0001025393364060066
-0.0001017510335087522
-0.0001009183165410753
-0.000100044945139987
-9.913447735957014e-05
-9.819039074566963e-05
-9.721598474151162e-05
-9.621444213746307e-05
-9.518879288788946e-05
-9.414191977386527e-05
-9.307658109103072e-05
-9.199539838660736e-05
-9.090084801780955e-05
-8.979528493031524e-05
-8.868094228253517e-05
-8.755991428014865e-05
-8.643417876366683e-05
-8.530560273094535e-05
-8.417594137509422e-05
-8.304680762525652e-05
-8.191975852142824e-05
-8.079621060220387e-05
-7.967752695182669e-05
-7.856492337185992e-05
-7.745956628726176e-05
-7.636250297966043e-05
-7.527474108753602e-05
-7.419717077571824e-05
-7.313063407074255e-05
-7.207590058972172e-05
-7.10336469900134e-05
-7.000451826011617e-05
-6.898907275311455e-05
-6.798785794333198e-05
-6.700130406003178e-05
-6.602984320240113e-05
-6.507382236758334e-05
-6.41335667055292e-05
-6.320935370682121e-05
-6.230140394522499e-05
-6.140993450390808e-05
-6.053510848079468e-05
-5.967702444289579e-05
-5.883580833917075e-05
-5.801151497425455e-05
-5.720420681730757e-05
-5.641387370767961e-05
-5.56405248050007e-05
-5.488413030584483e-05
-5.414463141390554e-05
-5.342197183590076e-05
-5.271606391861103e-05
-5.202678161501077e-05
-5.135403438711808e-05
-5.06976847207341e-05
-5.005760513767578e-05
-4.943359889514586e-05
-4.882554650057451e-05
-4.823323953320697e-05
-4.765650632355731e-05
-4.709516045524465e-05
-4.65489869264842e-05
-4.601778029706628e-05
-4.550134883451636e-05
-4.499948004782567e-05
-4.451192672157418e-05
-4.403847638981842e-05
-4.357888842081927e-05
-4.313296644737596e-05
-4.270043702222541e-05
-4.228108077307154e-05
-4.187467730365316e-05
-4.148097007418575e-05
-4.109972891974145e-05
-4.073068978014775e-05
-4.037365521613459e-05
-4.002836365612421e-05
-3.96945777729158e-05
-3.937207447701589e-05
-3.906057222035679e-05
-3.875987216729989e-05
-3.846977740506503e-05
-3.818998406122031e-05
-3.792029570454108e-05
-3.766046631368706e-05
-3.741030339046573e-05
-3.716956120904921e-05
-3.693800882552622e-05
-3.671544090430953e-05
-3.650162464267681e-05
-3.629636915666352e-05
-3.609945560217263e-05
-3.591063527116499e-05
-3.572976358625561e-05
-3.555659543520636e-05
-3.539093366450432e-05
-3.523260980283155e-05
-3.50813856297585e-05
-3.493710321667882e-05
-3.479955617984764e-05
-3.466857812058272e-05
-3.454395238627428e-05
-3.442554114440152e-05
-3.43131097097039e-05
-3.420653881060204e-05
-3.410564133862271e-05
-3.401024506164731e-05
-3.392018735066851e-05
-3.383528569669212e-05
-3.375541076019182e-05
-3.368041859532151e-05
-3.361012811126807e-05
-3.354436944431926e-05
-3.348302633858702e-05
-3.34259657841888e-05
-3.337303340557139e-05
-3.332407027692544e-05
-3.327896684641199e-05
-3.323758988691626e-05
-3.319979407829057e-05
-3.316544394843632e-05
-3.313444553361053e-05
-3.310664646811665e-05
-3.308196472963132e-05
-3.306023496557538e-05
-3.304138429292494e-05
-3.302526059511287e-05
-3.301178086749902e-05
-3.300083470615596e-05
-3.299231445028636e-05
-3.298612278105538e-05
-3.298216733507519e-05
-3.29802887042054e-05
-3.298047740670542e-05
-3.29825916161328e-05
-3.298655094238241e-05
-3.29922521344866e-05
-3.299962456707295e-05
-3.300856213225145e-05
-3.30190026401326e-05
-3.303087224001592e-05
-3.304403550090048e-05
-3.305847765122785e-05
-3.307410355453606e-05
-3.309083109021997e-05
-3.310856818487237e-05
-3.312728378863613e-05
-3.314687921329864e-05
-3.316729609892678e-05
-3.31884603180928e-05
-3.321033726494426e-05
-3.323283977578565e-05
-3.32558992674262e-05
-3.327946939465099e-05
-3.330348915848478e-05
-3.332789952407327e-05
-3.335262887596804e-05
-3.337765202197037e-05
-3.340291065206583e-05
-3.342831242601367e-05
-3.34538794417385e-05
-3.34795103769401e-05
-3.350515565025106e-05
-3.353079311843677e-05
-3.355634823549747e-05
-3.358180632249914e-05
-3.360709528130232e-05
-3.363220610922585e-05
-3.365708824441993e-05
-3.368165692476544e-05
-3.370594151948488e-05
-3.372987347513471e-05
-3.375338540291837e-05
-3.37764866461761e-05
-3.379911393736456e-05
-3.382125251230099e-05
-3.384285540778643e-05
-3.386388495372942e-05
-3.388432981985456e-05
-3.390415026818499e-05
-3.39232987060294e-05
-3.394176402556302e-05
-3.395952859609175e-05
-3.397652640540134e-05
-3.399273709874955e-05
-3.400820881282546e-05
-3.402281685306443e-05
-3.403657429682896e-05
-3.40494681232333e-05
-3.406144991267295e-05
-3.40725296852661e-05
-3.408268074278108e-05
-3.409184469875231e-05
-3.410003902997144e-05
-3.410720936537632e-05
-3.411336350419786e-05
-3.411848191406546e-05
-3.41225360247241e-05
-3.412548576327019e-05
0
