-0.001279729062798604
-0.001316556859473112
-0.001353375152829455
-0.001390183065387694
-0.001426979700986537
-0.001463764145482308
-0.001500535467098302
-0.001537292716810337
-0.001574034928760882
-0.001610761120691706
-0.001647470294388891
-0.00168416143613893
-0.001720833517195572
-0.001757485494264273
-0.001794116310001546
-0.001830724893533643
-0.001867310160986858
-0.001903871016027091
-0.001940406350395789
-0.001976915044818501
-0.002013397501125441
-0.002049849543619182
-0.002086271519793674
-0.002122662261154038
-0.002159020589989814
-0.002195345319370856
-0.00223163525316566
-0.002267889186283823
-0.002304105905014761
-0.002340284187382498
-0.002376422803474461
-0.002412520515743063
-0.002448576079287999
-0.002484588242141163
-0.002520555745553592
-0.002556477324241175
-0.002592351706501555
-0.002628177614001902
-0.002663953760960618
-0.002699678852500042
-0.002735352493343198
-0.002770971708221444
-0.002806535991227797
-0.002842044033195983
-0.002877494521364393
-0.00291288613966318
-0.002948217568799615
-0.002983487486353726
-0.003018694566890817
-0.003053837482093521
-0.003088914900902959
-0.003123925489679025
-0.003158867912366417
-0.003193740830671739
-0.003228542904247242
-0.003263272790876389
-0.003297929146665935
-0.003332510626230869
-0.003367015882875671
-0.003401443568762922
-0.003435792335161652
-0.00347006124111428
-0.003504248217553705
-0.003538352230646469
-0.003572371930610481
-0.003606305968230207
-0.003640152994794677
-0.003673911662067361
-0.003707580622332428
-0.003741158528492892
-0.003774644034191674
-0.003808035793947833
-0.003841332463284579
-0.003874532698857565
-0.003907635158563768
-0.003940638501633992
-0.003973541388684211
-0.004006342481698422
-0.004039040443900048
-0.004071633939459594
-0.00410412181799917
-0.004136502577452716
-0.004168774863199629
-0.004200937265595854
-0.004232988588722952
-0.004264927522300864
-0.004296752747803008
-0.004328462950996489
-0.004360056821753209
-0.004391533053903553
-0.004422890345142267
-0.004454127396970067
-0.004485242914678909
-0.004516235607368345
-0.004547104187989694
-0.004577847373406263
-0.00460846388446811
-0.004638952446099436
-0.0046693117873841
-0.004699540641657508
-0.004729637746600093
-0.004759601844324309
-0.00478943168146035
-0.004819126009223593
-0.004848683583465349
-0.004878103164678058
-0.004907383517839485
-0.004936523105427832
-0.004965521465918853
-0.004994376940785944
-0.005023088305731942
-0.005051654347008767
-0.005080073858228337
-0.005108345638473774
-0.005136468490857392
-0.005164439753908047
-0.005192261310599032
-0.005219930423742192
-0.005247445924587463
-0.005274806650099209
-0.00530201144283004
-0.005329059151161013
-0.005355948629507129
-0.005382678738486643
-0.005409248345067371
-0.005435656322689369
-0.005461901551370872
-0.005487982917812846
-0.005513899315492319
-0.005539649644765552
-0.005565232812972326
-0.005590647734552736
-0.005615893331175952
-0.00564096853187784
-0.005665872273073811
-0.005690603025420745
-0.005715160899920645
-0.005739544179766151
-0.005763751818477024
-0.00578778277695039
-0.005811636023753878
-0.005835310535686926
-0.005858805298102881
-0.005882117840959953
-0.005905250233753681
-0.005928199940018374
-0.005950965984303711
-0.005973547398298871
-0.005995943220738115
-0.006018152497650534
-0.006040174282562409
-0.006062007636669248
-0.006083651628974373
-0.006105105336413859
-0.006126367843964127
-0.006147438244739633
-0.006168315640082656
-0.006188999139650486
-0.006209487861493672
-0.006229780932139978
-0.006249877486676746
-0.006269776668840723
-0.006289477631113731
-0.006308979534836247
-0.006328281550323139
-0.006347382856996968
-0.006366282643319005
-0.006384979387584127
-0.006403473880575315
-0.006421764429450717
-0.00643985045733203
-0.006457730633172181
-0.006475404587145315
-0.006492871562772489
-0.00651013081207619
-0.006527181595822584
-0.006544023183592815
-0.006560654853821186
-0.006577075893839974
-0.006593285599936244
-0.006609283277438524
-0.006625068240834342
-0.006640639813920677
-0.006655997329970382
-0.006671140131914802
-0.006686067572519965
-0.006700779014537857
-0.006715273830801699
-0.006729551404118393
-0.006743610685489052
-0.006757452030154346
-0.006771074343843011
-0.006784477043834119
-0.006797659556881852
-0.006810621319137697
-0.006823361776183605
-0.006835880383064775
-0.0068481766043179
-0.006860249913999843
-0.006872099795724704
-0.006883725742695631
-0.006895127257745981
-0.006906303853387294
-0.006917255051857922
-0.006927980385180864
-0.006938479395229701
-0.00694875163379568
-0.006958796662662798
-0.006968614053676753
-0.00697820338870994
-0.006987563902876513
-0.006996695907170207
-0.007005598669320238
-0.007014271805463413
-0.007022714942489765
-0.007030927717634909
-0.007038909778271177
-0.007046660781804956
-0.007054180395666933
-0.007061468297373318
-0.007068524174632279
-0.007075347725476279
-0.007081938658388335
-0.007088296692402786
-0.007094421557166902
-0.007100312992942702
-0.007105970750550112
-0.007111394591249516
-0.007116584286561237
-0.007121539617767896
-0.007126259351370893
-0.007130745324342914
-0.007134996303506627
-0.007139012109048868
-0.007142792572627578
-0.007146337536276616
-0.007149646851806839
-0.007152720380442796
-0.007155557992666339
-0.007158159568234573
-0.007160524996332298
-0.00716265417580717
-0.007164547015437125
-0.007166203434175309
-0.007167623361335366
-0.007168806736665605
-0.007169753510293885
-0.007170463642520276
-0.007170937103446498
-0.007171173872450529
-0.007171173871748547
-0.007170937102760614
-0.007170463641850999
-0.00716975350964128
-0.007168806736029714
-0.007167623360716217
-0.007166203433572924
-0.00716454701485154
-0.007162654175238398
-0.007160524995780371
-0.007158159567699508
-0.007155557992148166
-0.007152720379941524
-0.007149646851322492
-0.007146337535809216
-0.007142792572177144
-0.007139012108615413
-0.007134996303090172
-0.00713074532394347
-0.007126259350988463
-0.007121539617358703
-0.007116584286161107
-0.007111394590858477
-0.007105970750168177
-0.007100312992569887
-0.007094421556803222
-0.007088296692048249
-0.007081938658042968
-0.007075347725140083
-0.00706852417430527
-0.007061468297055513
-0.007054180395358339
-0.00704666078150559
-0.007038909777981044
-0.007030927717354024
-0.007022714942218139
-0.007014271805201045
-0.007005598669067142
-0.006996695906926378
-0.006987563902641773
-0.006978203387940473
-0.006968614052913687
-0.006958796661906342
-0.006948751633045886
-0.006938479394486596
-0.006927980384444483
-0.006917255051128297
-0.006906303852664449
-0.006895127257029947
-0.006883725741986437
-0.006872099795022376
-0.006860249913304414
-0.006848176603629388
-0.006835880382383208
-0.006823361775509016
-0.006810621318470107
-0.006797659556221289
-0.006784477043180605
-0.006771074343196569
-0.006757452029514997
-0.006743610684856713
-0.006729551403191583
-0.006715273829878549
-0.006700779013618505
-0.006686067571604453
-0.006671140131003174
-0.006655997329062662
-0.006640639813016914
-0.006625068239934563
-0.00660928327654277
-0.006593285599044541
-0.006577075892952365
-0.006560654852937694
-0.006544023182713481
-0.006527181594947437
-0.006510130811205266
-0.006492871561905801
-0.006475404586282871
-0.00645773063231394
-0.006439850456476937
-0.006421764425375498
-0.006403473876502259
-0.006384979383515391
-0.006366282641905847
-0.006347382855585273
-0.00632828154891207
-0.006308979533425802
-0.006289477629703936
-0.006269776667431627
-0.006249877485268399
-0.006229780930732439
-0.006209487860086993
-0.006188999138244722
-0.006168315638677859
-0.006147438243335856
-0.006126367842561424
-0.006105105335012288
-0.006083651627573991
-0.006062007635270105
-0.006040174281164555
-0.006018152496254033
-0.005995943219343009
-0.005973547396905221
-0.005950965982911567
-0.005928199938627779
-0.005905250232364674
-0.005882117839572355
-0.005858805296016284
-0.005835310533596674
-0.005811636021660284
-0.005787782774853559
-0.005763751816377041
-0.005739544177663112
-0.005715160897814653
-0.005690603023312135
-0.005665872271705204
-0.005640968530504034
-0.005615893329796747
-0.005590647733168167
-0.005565232811582443
-0.005539649643370402
-0.005513899314091957
-0.005487982916407326
-0.005461901549960247
-0.005435656321273696
-0.0054092483436467
-0.005382678737061036
-0.005355948628076636
-0.005329059149725691
-0.005302011441389941
-0.005274806648654395
-0.005247445923137993
-0.005219930422288119
-0.005192261309140429
-0.005164439752445051
-0.005136468489668458
-0.005108345637276372
-0.005080073857022424
-0.005051654345794385
-0.005023088304509146
-0.004994376939554786
-0.004965521464679425
-0.004936523104180655
-0.004907383518007733
-0.004878103164846789
-0.00484868358363408
-0.004819126009392273
-0.004789431681628963
-0.004759601844492842
-0.004729637746768532
-0.00469954064182585
-0.004669311787552326
-0.004638952446267546
-0.004608463884636084
-0.004577847373574103
-0.00454710418815739
-0.004516235607535887
-0.004485242914846293
-0.004454127397137279
-0.004422890345309301
-0.004391533054070401
-0.004360056821919862
-0.00432846295116294
-0.004296752747969248
-0.00426492752246689
-0.004232988588888751
-0.004200937265761414
-0.004168774863364088
-0.004136502577603908
-0.004104121818137063
-0.004071633939552101
-0.004039040443992989
-0.004006342481791809
-0.003973541388778037
-0.003940638501728256
-0.003907635158658462
-0.003874532698952685
-0.003841332463380121
-0.003808035794043789
-0.003774644034288041
-0.003741158528589663
-0.003707580622429598
-0.003673911662164923
-0.003640152994892626
-0.003606305968328539
-0.003572371930709186
-0.003538352230745544
-0.003504248217653137
-0.003470061241213993
-0.003435792335061027
-0.003401443568665337
-0.003367015882781196
-0.003332510626139516
-0.003297929146577702
-0.003263272790791282
-0.003228542904165262
-0.003193740830592887
-0.003158867912290694
-0.003123925489606433
-0.003088914900833498
-0.003053837482027194
-0.003018694566827621
-0.002983487486293665
-0.00294821756874269
-0.002912886139609386
-0.00287749452131373
-0.00284204403314845
-0.002806535991183386
-0.002770971708180142
-0.002735352493304808
-0.002699678851887509
-0.002663953760351866
-0.002628177613397148
-0.002592351705900838
-0.002556477323644522
-0.002520555744961025
-0.002484588241552703
-0.002448576078703672
-0.002412520515162887
-0.002376422802898457
-0.002340284186810688
-0.002304105904447166
-0.002267889185720463
-0.002231635252606552
-0.00219534531881602
-0.002159020589439271
-0.002122662260607801
-0.002086271519251758
-0.00204984954308159
-0.002013397500591969
-0.001976915043638575
-0.001940406349219308
-0.001903871014854318
-0.001867310159817857
-0.001830724892368462
-0.001794116308840231
-0.001757485493106869
-0.001720833516042125
-0.001684161434989482
-0.001647470293243486
-0.001610761119550386
-0.001574034927623694
-0.001537292715677321
-0.001500535465969502
-0.001463764144357769
-0.001426979699866304
-0.001390183064271814
-0.001353375151717981
-0.001316556858366126
-0.001279729061696646
-0.001242891046585594
-0.001206046807778331
-0.001169195524730744
-0.001132338000161304
-0.001095475011652951
-0.001058607311459334
-0.001021735626499001
-0.0009848606581692944
-0.0009479830820102472
-0.0009111035472457872
-0.000874222676220463
-0.0008373410637441772
-0.0008004592763525446
-0.0007635778514924549
-0.0007266972966384831
-0.0006898180883539788
-0.0006529406713108289
-0.0006160654572913714
-0.0005791928241868708
-0.0005423231145428649
-0.0005054547587530902
-0.0004685917818761573
-0.0004317325741599054
-0.0003948773453554737
-0.0003580262662872683
-0.0003211794677034295
-0.0002843370394120228
-0.0002474990292982665
-0.0002106654422685014
-0.0001738362391555985
-0.0001370113356026804
-0.0001001906009286269
-6.337385697002168e-05
-2.656087689424921e-05
1.024861601501819e-05
4.705494958173455e-05
8.385850392618641e-05
0.0001206597125368968
0.0001574590630994172
0.0001942570980528479
0.000231055059785294
0.0002678524069239629
0.0003046504022968857
0.0003414498249696977
0.000378251518157564
0.0004150563907187896
0.0004518654185698545
0.0004886796461689276
0.0005255001880699132
0.0005623282305440111
0.0005991650332649236
0.0006360119310548466
0.0006728703356862037
0.0007097417377363769
0.0007466277084910676
0.0007835299018930202
0.000820450056531639
0.0008573899976700588
0.0008943516393027117
0.0009313369862313417
0.0009683481358882834
0.001005386310352181
0.001042455873057833
0.001079558094421277
0.001116695471784012
0.001153870607446771
0.00119108621042198
0.001228345098699439
0.001265650201688156
0.001303004562784814
0.0013404113420367
0.001377873818874064
0.00141539539489648
0.001452979596704755
0.001490630078769347
0.001528350626333122
0.001566145158335802
0.001604017730345542
0.00164197253746112
0.00168001391686841
0.001718145309283935
0.001756373386358063
0.001794701909344413
0.00183313597024074
0.001871680278498825
0.00191034035847609
0.001949121629564088
0.001988029680689282
0.002027070273490439
0.0020662493455076
0.00210557301344971
0.002145047576538093
0.002184679519922795
0.002224475518162811
0.002264442438759577
0.002304587345734614
0.00234491750324158
0.002385440379203567
0.002426163648965351
0.002467095198955957
0.002508243130352561
0.002549615762737137
0.002591221637740797
0.00263306952265739
0.002675168414019565
0.002717527541110086
0.00276015636947171
0.00280306495195501
0.002846262533808079
0.002889759668562163
0.002933566795808874
0.002977694610138667
0.003022154063283977
0.003066956366379577
0.003112112992213532
0.003157635658301607
0.003203536510856332
0.003249827738647644
0.003296521898930906
0.003343631822807187
0.003391170617995928
0.0034391516712997
0.003487588650719865
0.003536495507214844
0.003585886476089837
0.003635776078009477
0.003686179119622425
0.003737110693792839
0.00378858617942654
0.003840621240882053
0.003893231826954024
0.003946434169413419
0.004000244781086904
0.00405468045344894
0.004109758253575887
0.004165495056435146
0.004221909455645112
0.00427901878874602
0.004336841166852116
0.004395394950202431
0.004454698741534234
0.004514771378806096
0.004575631927105199
0.004637299676300257
0.00469979446312391
0.004763135720946104
0.004827343330180596
0.00489243733465563
0.004958437926096467
0.005025365427134642
0.005093240272710476
0.005162082989797977
0.005231914175359839
0.005302754472460456
0.005374624544443847
0.005447545047091178
0.005521536598664492
0.00559661974773723
0.005672814938708385
0.005750142474888475
0.005828622479035967
0.005908274851209871
0.005989119223801792
0.006071174913585469
0.006154460870607658
0.006238995623734598
0.006324797222479652
0.006411882558109177
0.006500269672452574
0.006589974240892995
0.006681011341832074
0.006773396088600726
0.006867142135310048
0.00696226222931109
0.007058768035779235
0.007156670042877981
0.007255977462123167
0.0073566981238563
0.007458838367776686
0.007562402928478202
0.007667394815959021
0.007773815191079672
0.007881663235964433
0.007990936019362262
0.008101628357016433
0.00821373266711393
0.008327238820922973
0.008442133988773051
0.008558402481653491
0.008676025951587712
0.008794981814223741
0.008915245119058555
0.009036787066172908
0.009159575148210575
0.009283572974166746
0.009408740092200836
0.009535031812427229
0.009662399030653341
0.009790788054123239
0.009920140430430208
0.01005039278086138
0.01018147663954988
0.0103133182999201
0.01044583867001342
0.01057895313841816
0.01071257145260547
0.01084659761161104
0.01098092977507645
0.01111546019076886
0.01125007514269801
0.01138465466487325
0.01151907354375746
0.0116531998996117
0.01178689614150348
0.01192001884752215
0.01205241888465844
0.01218394156506136
0.01231442684057539
0.01244370953732638
0.01257161963193373
0.01269798257065827
0.01282261963251704
0.01294534833703712
0.01306598289696047
0.01318433471577827
0.01330021292951232
0.01341342499167701
0.0135237772998186
0.01363107586147673
0.01373512699670715
0.01383573747847607
0.01393271760824761
0.01402587859997531
0.01411503565648821
0.01420000822522204
0.01428062083121938
0.01435670391302119
0.01442809465459196
0.01449463780625997
0.01455618648743047
0.01461260296372178
0.01466375939114746
0.0147095385200731
0.01474983435187532
0.01478455274156054
0.01481361194002201
0.01483694307015992
0.01485449053172413
0.0148662123304539
0.01487208032790192
0.01487208032797506
0.01486621233052676
0.01485449053179667
0.0148369430702321
0.01481361194009382
0.01478455274163194
0.01474983435194628
0.01470953852014358
0.01466375939121743
0.01461260296379117
0.01455618648749922
0.01449463780632804
0.01442809465465928
0.0143567039130877
0.014280620831285
0.01420000822528671
0.01411503565655186
0.01402587860003786
0.01393271760830899
0.01383573747853622
0.01373512699684061
0.01363107586160908
0.01352377729994975
0.01341342499180687
0.01330021292964081
0.0131843347159053
0.01306598289708596
0.01294534833716099
0.0128226196326392
0.01269798257077865
0.01257161963205224
0.01244370953744295
0.01231442684068994
0.01218394156517382
0.01205241888476875
0.01192001884763022
0.01178689614160925
0.01165319989971511
0.01151907354385845
0.01138465466497181
0.01125007514293527
0.0111154601910048
0.01098092977531097
0.01084659761184407
0.01071257145283696
0.01057895313864808
0.01044583867024171
0.01031331830014675
0.01018147663977484
0.01005039278108461
0.009920140430651696
0.009790788054342954
0.009662399030871261
0.009535031812643332
0.009408740092415116
0.009283572974379184
0.00915957514842116
0.009036787066381634
0.008915245119265416
0.008794981814428728
0.008676025951790749
0.008558402481629283
0.008442133988746971
0.00832723882089513
0.008213732667084341
0.008101628356985113
0.007990936019329242
0.007881663235929738
0.00777381519104332
0.007667394815921044
0.007562402928438624
0.007458838367735535
0.00735669812381361
0.007255977462078972
0.007156670042832306
0.007058768035732118
0.006962262229262575
0.006867142135260179
0.006773396088549595
0.006681011341780471
0.006589974243076262
0.00650026967463763
0.006411882560294465
0.006324797222501497
0.006238995623755916
0.006154460870629218
0.006071174913607342
0.005989119223824028
0.005908274851232513
0.005828622479059047
0.005750142474912022
0.005672814938732434
0.005596619747761815
0.005521536598689635
0.005447545047116916
0.005374624544470204
0.005302754472487465
0.005231914175387518
0.005162082989826361
0.005093240272739584
0.0050253654271645
0.004958437926127094
0.00489243733468705
0.004827343330212838
0.004763135720979177
0.00469979446315782
0.004637299676334773
0.004575631926420522
0.004514771378119413
0.004454698740845837
0.004395394949512386
0.004336841166160478
0.004279018788052836
0.004221909454950449
0.004165495055739243
0.004109758253441211
0.004054680453317748
0.004000244780959034
0.003946434169288865
0.003893231826832809
0.003840621240764183
0.003788586179312041
0.003737110693681722
0.003686179119514701
0.003635776077905159
0.003585886475988941
0.003536495507117387
0.003487588650625851
0.003439151671209148
0.003391170617908845
0.003343631822723584
0.003296521898850787
0.00324982773857102
0.003203536510783204
0.00315763565823184
0.003112112991755714
0.003066956365917558
0.003022154062817909
0.002977694609668584
0.002933566795334805
0.002889759668084124
0.002846262533326102
0.002803064951469171
0.002760156369136746
0.0027175275407745
0.00267516841368333
0.002633069522320515
0.00259122163740329
0.002549615762399019
0.002508243130013842
0.002467095198616654
0.002426163648625477
0.002385440378863133
0.002344917502900604
0.002304587345393109
0.002264442438417557
0.002224475517820286
0.002184679519579785
0.002145047576194606
0.002105573013105756
0.002066249345163196
0.002027070273145601
0.00198802968034402
0.001949121629218419
0.001910340358130035
0.001871680278152412
0.001833135969894247
0.001794701909766352
0.00175637338679098
0.001718145309727448
0.001680013917026349
0.001641972537627375
0.001604017730520205
0.001566145158518864
0.001528350626524582
0.001490630078969191
0.001452979596912974
0.001415395395113067
0.001377873819099006
0.001340411342269984
0.001303004563026426
0.00126565020193809
0.001228345098957678
0.001191086210688514
0.001153870607721583
0.001116695472067088
0.001079558094712602
0.001042455873357379
0.001005386310659797
0.0009683481357973205
0.0009313369861440395
0.0008943516392192087
0.0008573899975903681
0.0008204500564557627
0.0007835299018209591
0.0007466277084228229
0.0007097417376719513
0.0006728703356255925
0.0006360119309980548
0.0005991650332119447
0.0005623282304948479
0.0005255001880245682
0.0004886796461273964
0.0004518654185321361
0.0004150563906848841
0.0003782515181274718
0.0003414498249434187
0.000304650402274428
0.000267852406905345
0.0002310550597708005
0.0001942570988799366
0.0001574590639218733
0.0001206597133543975
8.385850473867364e-05
4.705495038916359e-05
1.024861681735206e-05
-2.656087609704583e-05
-6.337385617798618e-05
-0.0001001906001417947
-0.0001370113348210857
-0.0001738362383792758
-0.0002106654414974831
-0.0002474990285325875
-0.0002843370386517171
-0.0003211794669485309
-0.000358026265537809
-0.0003948773446114882
-0.0004317325734214283
-0.000468591781143229
-0.0005054547580258342
-0.0005423231140939262
-0.0005791928237426796
-0.0006160654568518572
-0.0006529406708760024
-0.0006898180879238606
-0.0007266972962130895
-0.0007635778510718068
-0.0008004592759366602
-0.0008373410633330782
-0.0008742226758141664
-0.0009111035468443124
-0.0009479830816136138
-0.0009848606577775216
-0.001021735626112107
-0.001058607311077341
-0.001095475011275879
-0.001132337999789174
-0.00116919552436359
-0.001206046807416214
-0.001242891046229011
-3.685905978482245e-05
-3.68499783081337e-05
-3.684003147816664e-05
-3.682919745278676e-05
-3.681745777088836e-05
-3.680479449441754e-05
-3.679119011151967e-05
-3.677662753712174e-05
-3.676109012841815e-05
-3.674456169979449e-05
-3.672702651085973e-05
-3.670846928647156e-05
-3.66888752366821e-05
-3.666823006905952e-05
-3.664652001037191e-05
-3.662373182312053e-05
-3.659985284172531e-05
-3.657487097942008e-05
-3.654877490103725e-05
-3.652155674021175e-05
-3.64932284223792e-05
-3.64637179861729e-05
-3.643304573446665e-05
-3.640119994433078e-05
-3.636817119911473e-05
-3.633395013171075e-05
-3.629852757724796e-05
-3.626189470984608e-05
-3.622404306687755e-05
-3.618496455533588e-05
-3.614465137938077e-05
-3.610309604970319e-05
-3.606029135598076e-05
-3.60162303774217e-05
-3.597090648957509e-05
-3.592431326722619e-05
-3.587644431216788e-05
-3.582729280361401e-05
-3.577685079127226e-05
-3.572510953712319e-05
-3.567218819057254e-05
-3.561786803515287e-05
-3.556224126899499e-05
-3.550530271389932e-05
-3.544704887926209e-05
-3.538747644957504e-05
-3.532658222261584e-05
-3.526436309803733e-05
-3.520081613541267e-05
-3.513593850700733e-05
-3.506972753836212e-05
-3.500218074129629e-05
-3.493329578267379e-05
-3.486307052411122e-05
-3.47915030006835e-05
-3.471859145337832e-05
-3.464433431451801e-05
-3.456873020154449e-05
-3.449177793778817e-05
-3.441347655979331e-05
-3.433382601536238e-05
-3.425291927253832e-05
-3.417057000692445e-05
-3.40868704078183e-05
-3.400182046932944e-05
-3.391542068977187e-05
-3.382767151634432e-05
-3.373857340661754e-05
-3.364812691567638e-05
-3.35563327061351e-05
-3.346319159588765e-05
-3.33687045227059e-05
-3.327287254913481e-05
-3.317569687014187e-05
-3.307717878142563e-05
-3.297731966560764e-05
-3.287612091391448e-05
-3.277358391254734e-05
-3.266970983502217e-05
-3.256449971811131e-05
-3.245815217082324e-05
-3.235027884886514e-05
-3.224104334564793e-05
-3.213044366409536e-05
-3.201863329324519e-05
-3.190550130561529e-05
-3.17910520823817e-05
-3.167528977102108e-05
-3.155821842600052e-05
-3.143984191221935e-05
-3.132016409495273e-05
-3.119918872508767e-05
-3.107691963198611e-05
-3.095336061070421e-05
-3.082851555674643e-05
-3.070238843170665e-05
-3.057498324174982e-05
-3.044630411188665e-05
-3.031635528214737e-05
-3.018514100060177e-05
-3.005266571472722e-05
-2.991893387461719e-05
-2.978395004149104e-05
-2.964771884212117e-05
-2.951024491652739e-05
-2.937153285088962e-05
-2.923158648650953e-05
-2.909054980635619e-05
-2.894817823656499e-05
-2.880457399669059e-05
-2.865975012678843e-05
-2.851371540376814e-05
-2.83664759836019e-05
-2.821803652150175e-05
-2.80683978378937e-05
-2.791768546263758e-05
-2.77657222358634e-05
-2.761258325954471e-05
-2.74582770428565e-05
-2.730280938791927e-05
-2.71461860931154e-05
-2.698841320241071e-05
-2.682949685552137e-05
-2.666944337538368e-05
-2.650825919615878e-05
-2.634595087303738e-05
-2.618252503195396e-05
-2.601798843774449e-05
-2.585234791738485e-05
-2.568561041375726e-05
-2.551778297701149e-05
-2.534887279598366e-05
-2.517888712479118e-05
-2.500783337191355e-05
-2.483571807132682e-05
-2.466276085368529e-05
-2.448856664906966e-05
-2.431331983433072e-05
-2.413702874109098e-05
-2.395970091656541e-05
-2.378134428036472e-05
-2.360196726150485e-05
-2.342157615425234e-05
-2.324030660865868e-05
-2.305798166218898e-05
-2.28746738011147e-05
-2.269039289994745e-05
-2.250514619449726e-05
-2.231894095538701e-05
-2.213178465726205e-05
-2.194368493393907e-05
-2.175464953658342e-05
-2.156468637000408e-05
-2.137380344409764e-05
-2.1182008853259e-05
-2.098931080632205e-05
-2.079571758596679e-05
-2.060123757760417e-05
-2.040587921479986e-05
-2.020965102674053e-05
-2.001256162762947e-05
-1.981461974969862e-05
-1.961583418956633e-05
-1.941621382419082e-05
-1.921576772435544e-05
-1.901450491207582e-05
-1.881243308564183e-05
-1.860973106031071e-05
-1.840603563374761e-05
-1.820154987555397e-05
-1.799612599926516e-05
-1.779013352936729e-05
-1.758338080740252e-05
-1.73758754437059e-05
-1.716762599966717e-05
-1.695864118864232e-05
-1.674892982161162e-05
-1.653850075293313e-05
-1.632736286816105e-05
-1.611552518806548e-05
-1.590299681183937e-05
-1.568978695444548e-05
-1.547590506835125e-05
-1.526136071596934e-05
-1.504616367715873e-05
-1.483032394534086e-05
-1.461385153397848e-05
-1.439675654887057e-05
-1.417904811982965e-05
-1.396081278831057e-05
-1.374191818693311e-05
-1.352243464711132e-05
-1.330237255112944e-05
-1.308174137719475e-05
-1.286055059490645e-05
-1.263880966622649e-05
-1.241652809603534e-05
-1.219371540107745e-05
-1.197038113186102e-05
-1.174653488055361e-05
-1.152218626258692e-05
-1.12973449383089e-05
-1.107202061916746e-05
-1.08462230896996e-05
-1.061996214260906e-05
-1.039324767812499e-05
-1.016608965548219e-05
-9.938498084261854e-06
-9.710482996067512e-06
-9.482053770131827e-06
-9.253220876325157e-06
-9.024008034301398e-06
-8.794404884148658e-06
-8.564422985004452e-06
-8.334072876814135e-06
-8.103364833396184e-06
-7.872308911482931e-06
-7.640915133887401e-06
-7.409193584123075e-06
-7.177154381760675e-06
-6.944807805017679e-06
-6.712164231541595e-06
-6.479234189259378e-06
-6.246028268119822e-06
-6.01255710069933e-06
-5.778831273811241e-06
-5.544861261086321e-06
-5.310657388871374e-06
-5.076229610945214e-06
-4.841585634933564e-06
-4.606751122604098e-06
-4.371683233204811e-06
-4.136427061467065e-06
-3.900996577471598e-06
-3.665402713233832e-06
-3.429655619985497e-06
-3.193764883089211e-06
-2.957739854109654e-06
-2.721589771830463e-06
-2.485323989057352e-06
-2.248952074254757e-06
-2.012483830998994e-06
-1.775929330516201e-06
-1.539298888102169e-06
-1.302602899807769e-06
-1.065851842571913e-06
-8.290560102841253e-07
-5.922254343386368e-07
-3.553696728452021e-07
-1.184976151405526e-07
1.184976332256538e-07
3.553696857389393e-07
5.922254457141914e-07
8.290560206990647e-07
1.065851852289082e-06
1.302602908933486e-06
1.539298896810255e-06
1.77592933884489e-06
2.012483839016338e-06
2.248952081978643e-06
2.485323996571655e-06
2.721589779118722e-06
2.957739861258945e-06
3.193764890083784e-06
3.429655626829277e-06
3.665402719981245e-06
3.900996584128856e-06
4.136427068065976e-06
4.371683239791258e-06
4.606751129296446e-06
4.841585641681057e-06
5.076229617482582e-06
5.310657395349679e-06
5.544861267551514e-06
5.778831280232011e-06
6.012557107132626e-06
6.246028274546138e-06
6.479234195711488e-06
6.712164237995115e-06
6.944807811563431e-06
7.177154388301583e-06
7.409193590799196e-06
7.640915140676439e-06
7.872308918343868e-06
8.103364840440711e-06
8.334072884035516e-06
8.564422992423636e-06
8.794404891961477e-06
9.02400804268449e-06
9.25322088672014e-06
9.482053780579694e-06
9.71048300451366e-06
9.93849809213365e-06
1.016608966295661e-05
1.039324768538063e-05
1.061996214968293e-05
1.084622309663014e-05
1.107202062591417e-05
1.129734494502034e-05
1.152218626916062e-05
1.174653488714002e-05
1.197038113833583e-05
1.219371540757273e-05
1.241652810256333e-05
1.263880967275186e-05
1.286055060150402e-05
1.308174138386422e-05
1.330237255793902e-05
1.352243465408669e-05
1.374191819420581e-05
1.39608127967271e-05
1.417904812824233e-05
1.439675655621659e-05
1.461385154104315e-05
1.483032395223287e-05
1.504616368398158e-05
1.526136072267471e-05
1.547590507509888e-05
1.568978696113269e-05
1.590299681862464e-05
1.611552519495045e-05
1.632736287518671e-05
1.653850076018553e-05
1.674892982910628e-05
1.695864119660403e-05
1.716762600804727e-05
1.737587545292162e-05
1.758338081789287e-05
1.77901335422215e-05
1.799612602251424e-05
1.820154989684495e-05
1.840603564025818e-05
1.860973105348625e-05
1.881243307646441e-05
1.901450491100243e-05
1.921576772473929e-05
1.941621382526843e-05
1.961583419094723e-05
1.981461975135433e-05
2.001256162938808e-05
2.020965102853675e-05
2.040587921664109e-05
2.06012375794223e-05
2.079571758777708e-05
2.098931080812371e-05
2.118200885497115e-05
2.137380344573547e-05
2.156468637161208e-05
2.17546495382051e-05
2.194368493556632e-05
2.213178465892575e-05
2.23189409570319e-05
2.250514619614731e-05
2.269039290174549e-05
2.287467380317847e-05
2.305798166477094e-05
2.324030661359313e-05
2.34215761589233e-05
2.3601967263232e-05
2.378134428100251e-05
2.39597009163616e-05
2.413702873989587e-05
2.431331983223477e-05
2.448856664579067e-05
2.466276084734673e-05
2.483571806467204e-05
2.500783336769552e-05
2.517888712119023e-05
2.534887279254989e-05
2.55177829736263e-05
2.568561041044552e-05
2.585234791393464e-05
2.60179884343167e-05
2.618252502840962e-05
2.634595086927614e-05
2.650825919222922e-05
2.666944337131254e-05
2.682949685123885e-05
2.698841319783172e-05
2.714618608829617e-05
2.730280938282431e-05
2.745827703729804e-05
2.761258325357561e-05
2.776572222936669e-05
2.791768545476656e-05
2.806839782961888e-05
2.821803651392566e-05
2.836647597584521e-05
2.851371539562662e-05
2.865975011804429e-05
2.88045739870281e-05
2.894817822542417e-05
2.909054979002751e-05
2.923158647020726e-05
2.937153283979603e-05
2.951024490699569e-05
2.964771883358957e-05
2.978395003369763e-05
2.991893386741469e-05
3.005266570799384e-05
3.018514099428583e-05
3.031635527619044e-05
3.044630410627206e-05
3.057498323645554e-05
3.070238842666784e-05
3.082851555198971e-05
3.09533606061809e-05
3.107691962767285e-05
3.119918872095806e-05
3.13201640910778e-05
3.143984190852646e-05
3.15582184224906e-05
3.167528976767193e-05
3.179105207914748e-05
3.190550130264093e-05
3.201863329045396e-05
3.213044366141223e-05
3.224104334323692e-05
3.235027884663648e-05
3.245815216884125e-05
3.256449971618888e-05
3.266970983302168e-05
3.277358391055459e-05
3.287612091200935e-05
3.297731966380888e-05
3.307717877967936e-05
3.317569686851802e-05
3.327287254758353e-05
3.336870452129519e-05
3.346319159449063e-05
3.355633270488811e-05
3.364812691456421e-05
3.373857340554616e-05
3.382767151549733e-05
3.391542068903367e-05
3.400182046874424e-05
3.408687040743861e-05
3.417057000679735e-05
3.425291927326426e-05
3.433382601609661e-05
3.441347655982372e-05
3.449177793765678e-05
3.456873020137246e-05
3.464433431432412e-05
3.471859145317522e-05
3.479150300048924e-05
3.486307052396277e-05
3.493329578258155e-05
3.500218074127548e-05
3.506972753839948e-05
3.513593850710942e-05
3.520081613562857e-05
3.526436309834945e-05
3.532658222310655e-05
3.538747645024831e-05
3.54470488801528e-05
3.550530271503633e-05
3.556224127053035e-05
3.561786803733481e-05
3.567218819484996e-05
3.572510954140676e-05
3.577685079339275e-05
3.582729280510652e-05
3.587644431326096e-05
3.592431326805827e-05
3.597090649018286e-05
3.60162303778244e-05
3.606029135626364e-05
3.610309604985712e-05
3.614465137943634e-05
3.618496455531226e-05
3.622404306682723e-05
3.626189470975665e-05
3.629852757715296e-05
3.633395013166269e-05
3.63681711991653e-05
3.640119994451967e-05
3.643304573493974e-05
3.646371798714597e-05
3.649322842558563e-05
3.65215567432246e-05
3.654877490144464e-05
3.657487097893706e-05
3.659985284060633e-05
3.662373182146196e-05
3.664652000820349e-05
3.666823006644535e-05
3.668887523363854e-05
3.670846928299288e-05
3.67270265069482e-05
3.67445616954442e-05
3.676109012358336e-05
3.677662753183082e-05
3.679119010568762e-05
3.680479448798154e-05
3.681745776377914e-05
3.682919744482856e-05
3.684003146910176e-05
3.68499782974354e-05
3.685905976867142e-05
3.686724616758112e-05
3.687470064615078e-05
3.688134271284168e-05
3.688719454251688e-05
3.689228117529239e-05
3.689662779233645e-05
3.690025974127811e-05
3.690320266830072e-05
3.690548264576191e-05
3.690712626929387e-05
3.690816075210656e-05
3.69086140040383e-05
3.690851472749861e-05
3.690789247853544e-05
3.690677773903701e-05
3.690520196364876e-05
3.690319763711522e-05
3.690079830283881e-05
3.689803874381265e-05
3.689495834003191e-05
3.689159712017287e-05
3.688793736242448e-05
3.688405225588781e-05
3.687997697041491e-05
3.687575088634794e-05
3.687141438836697e-05
3.686700886057395e-05
3.686257674183256e-05
3.685816156855189e-05
3.685380799400731e-05
3.68495617958057e-05
3.684546990457031e-05
3.684158042335458e-05
3.683794266139558e-05
3.68346071554391e-05
3.68316256698908e-05
3.682905112407785e-05
3.682693744136355e-05
3.682533928014695e-05
3.682431264646399e-05
3.682401060674858e-05
3.682428838469796e-05
3.682531519922364e-05
3.682715356187743e-05
3.6829868383e-05
3.683352601717533e-05
3.683819429334261e-05
3.684394255576187e-05
3.685084174673532e-05
3.685896445950033e-05
3.686838501013704e-05
3.687917948860522e-05
3.689142581111521e-05
3.690520377920307e-05
3.692059511285495e-05
3.693768350967624e-05
3.695655465946634e-05
3.697729629746918e-05
3.699999819138697e-05
3.70247520811787e-05
3.705164984123008e-05
3.708093691917633e-05
3.711240584541558e-05
3.714631963651512e-05
3.718278453733563e-05
3.722190648036369e-05
3.726379343615606e-05
3.730855567333116e-05
3.735630596656231e-05
3.740715968989991e-05
3.74612349404764e-05
3.751865253300366e-05
3.75795361277748e-05
3.764401222930625e-05
3.771221021125973e-05
3.778426236828102e-05
3.786030391044638e-05
3.794047293597604e-05
3.802491027996104e-05
3.811375752115951e-05
3.820713291176063e-05
3.830524093760197e-05
3.840819271004661e-05
3.851608484189558e-05
3.862928123173905e-05
3.874781764923717e-05
3.887186176231012e-05
3.900158475289158e-05
3.913716103311526e-05
3.927876825538745e-05
3.942658737947503e-05
3.958080271644701e-05
3.974160206715168e-05
3.990917672439987e-05
4.008372156237397e-05
4.026543504359759e-05
4.045451924636628e-05
4.065117991318759e-05
4.085562646826733e-05
4.10680719599676e-05
4.12887331371797e-05
4.151783039595779e-05
4.175558776843233e-05
4.200223289343488e-05
4.225799696527003e-05
4.252311471505133e-05
4.279782488263706e-05
4.308235637382504e-05
4.337698268215189e-05
4.368193003253042e-05
4.399745186682105e-05
4.432380436513086e-05
4.466124592141232e-05
4.501003729154658e-05
4.537044131066789e-05
4.574281228298155e-05
4.612727483201531e-05
4.652416742495165e-05
4.69337627639285e-05
4.735633643838417e-05
4.779216650878405e-05
4.824153345927769e-05
4.870471962065309e-05
4.918200893928803e-05
4.967368653730713e-05
5.018003837203884e-05
5.07013508208641e-05
5.123791028049968e-05
5.179000279518048e-05
5.235791358862891e-05
5.294192663748104e-05
5.354232422151523e-05
5.415938646719547e-05
5.47933907718218e-05
5.544461036047759e-05
5.611337709357785e-05
5.679983592914524e-05
5.75042911325635e-05
5.82269958677757e-05
5.896819627518774e-05
5.972813160833154e-05
6.050703354240327e-05
6.130512524169582e-05
6.212294071817098e-05
6.296013547240377e-05
6.381713810079508e-05
6.469412010036469e-05
6.559123735178523e-05
6.650862978863584e-05
6.744641941108112e-05
6.840470880121351e-05
6.938357924074385e-05
7.038308932750211e-05
7.140327260839439e-05
7.244413571645835e-05
7.350565653193057e-05
7.458778201648035e-05
7.569042543552878e-05
7.681346450316724e-05
7.795673875646339e-05
7.912004713478722e-05
8.030314468335679e-05
8.150574011080183e-05
8.272749250408042e-05
8.396800834758581e-05
8.522683766469846e-05
8.650346937984023e-05
8.779724846521674e-05
8.910767095375643e-05
9.043397206963223e-05
9.177503688069622e-05
9.313062560756186e-05
9.449948361704815e-05
9.588057395641565e-05
9.727276685152939e-05
9.867483562745364e-05
0.000100085451084154
0.0001015031772849248
0.0001029264660211675
0.0001043536523700963
0.0001057829488877003
0.0001072124412282822
0.0001086400828821291
0.0001100636898695032
0.0001114809362050178
0.0001128893489416373
0.0001142863030805299
0.0001156690173089134
0.0001170345503291411
0.0001183798370780861
0.0001197015043501455
0.0001209961508653211
0.0001222601537417441
0.0001234897149722108
0.0001246808593890737
0.0001258294344939261
0.0001269311106624759
0.0001279813827254608
0.0001289755725512318
0.0001299088325190754
0.0001307761512754808
0.0001315723594809268
0.0001322921385617676
0.0001329300299596124
0.0001334804468675853
0.0001339376876275622
0.0001342959507301482
0.0001345493528994416
0.0001346919477272912
0.000134717747915491
0.000134620714771795
0.0001343949564693554
0.0001340344546565332
0.0001335333253833078
0.0001328857870165849
0.0001320861956509528
0.0001311290825202756
0.0001300091933666714
0.0001287215291486093
0.0001272613884402927
0.0001256244112581433
0.0001238066230563474
0.0001218044799018115
0.0001196149131938221
0.0001172353750051453
0.0001146638807640176
0.0001118990529776369
0.0001089401609662396
0.0001057871593444485
0.0001024407225007111
9.890223571996015e-05
9.517394655641459e-05
9.125886320447437e-05
8.716081963935443e-05
8.288447949132371e-05
7.843534232153958e-05
7.381974362020066e-05
6.904484714015978e-05
6.411863045626892e-05
5.904986284383207e-05
5.384807633215004e-05
4.852352890658795e-05
4.308716022026314e-05
3.755054173565359e-05
3.19258184869279e-05
2.62256464511785e-05
2.046312290447163e-05
1.465171334579218e-05
8.805173417274838e-06
2.937468173458007e-06
-2.937468170781288e-06
-8.805173415077897e-06
-1.465171334387028e-05
-2.046312290271219e-05
-2.622564644944373e-05
-3.192581848520005e-05
-3.755054173415146e-05
-4.308716021884696e-05
-4.852352890506561e-05
-5.384807633073552e-05
-5.904986284256967e-05
-6.411863045491895e-05
-6.904484713894964e-05
-7.381974361920506e-05
-7.843534232042071e-05
-8.288447949035907e-05
-8.716081963849751e-05
-9.12588632035119e-05
-9.517394655556844e-05
-9.890223571879051e-05
-0.0001024407224998153
-0.0001057871593438853
-0.0001089401609657381
-0.000111899052977322
-0.0001146638807638645
-0.0001172353750051047
-0.0001196149131939137
-0.0001218044799017686
-0.0001238066230565521
-0.0001256244112584417
-0.0001272613884405331
-0.0001287215291490591
-0.0001300091933671324
-0.0001311290825207694
-0.0001320861956515387
-0.0001328857870172914
-0.0001335333253838488
-0.0001340344546572362
-0.0001343949564699063
-0.000134620714771839
-0.0001347177479156911
-0.0001346919477280834
-0.0001345493529005326
-0.0001342959507312724
-0.00013393768762893
-0.000133480446868962
-0.000132930029961269
-0.000132292138563412
-0.0001315723594826734
-0.00013077615127727
-0.0001299088325209333
-0.0001289755725532342
-0.0001279813827274794
-0.0001269311106646387
-0.0001258294344959838
-0.0001246808593912898
-0.0001234897149746157
-0.0001222601537442045
-0.0001209961508681132
-0.0001197015043530584
-0.0001183798370817441
-0.0001170345503327727
-0.0001156690173117398
-0.0001142863030830202
-0.0001128893489440472
-0.0001114809362071591
-0.0001100636898715225
-0.0001086400828841285
-0.0001072124412300097
-0.000105782948889249
-0.0001043536523713972
-0.0001029264660223741
-0.0001015031772859816
-0.0001000854510848925
-9.867483562790499e-05
-9.727276685155037e-05
-9.58805739556598e-05
-9.449948361571947e-05
-9.313062560479166e-05
-9.17750368705561e-05
-9.043397206095473e-05
-8.910767095558699e-05
-8.779724847739705e-05
-8.650346939344369e-05
-8.522683767159248e-05
-8.396800835307482e-05
-8.272749250876518e-05
-8.150574011497213e-05
-8.030314468724499e-05
-7.912004713841936e-05
-7.79567387598746e-05
-7.681346450650253e-05
-7.569042543875386e-05
-7.458778201975745e-05
-7.350565653511106e-05
-7.244413571957918e-05
-7.140327261140632e-05
-7.038308933053758e-05
-6.938357924380904e-05
-6.840470880443442e-05
-6.744641941439516e-05
-6.650862979197208e-05
-6.559123735513711e-05
-6.469412010405343e-05
-6.381713810486582e-05
-6.296013547706625e-05
-6.212294072545314e-05
-6.130512524878183e-05
-6.050703354657267e-05
-5.972813161162121e-05
-5.896819627761929e-05
-5.82269958695751e-05
-5.750429113361316e-05
-5.679983592932363e-05
-5.611337709142307e-05
-5.544461035806268e-05
-5.479339077136298e-05
-5.41593864671954e-05
-5.354232422172053e-05
-5.294192663786309e-05
-5.235791358907434e-05
-5.179000279569871e-05
-5.123791028114282e-05
-5.070135082152523e-05
-5.018003837286204e-05
-4.967368653812364e-05
-4.918200894013821e-05
-4.870471962165328e-05
-4.824153346036266e-05
-4.779216650993309e-05
-4.735633643967177e-05
-4.693376276535985e-05
-4.652416742664662e-05
-4.612727483409162e-05
-4.574281228647574e-05
-4.537044131413762e-05
-4.501003729354568e-05
-4.466124592296402e-05
-4.432380436635916e-05
-4.399745186772371e-05
-4.368193003313103e-05
-4.337698268245514e-05
-4.30823563734048e-05
-4.279782488203885e-05
-4.252311471486102e-05
-4.225799696511414e-05
-4.200223289328071e-05
-4.175558776825345e-05
-4.151783039569129e-05
-4.128873313684822e-05
-4.106807195954028e-05
-4.085562646779692e-05
-4.065117991260678e-05
-4.045451924572047e-05
-4.026543504288713e-05
-4.008372156155769e-05
-3.990917672344831e-05
-3.974160206605979e-05
-3.958080271520889e-05
-3.942658737810679e-05
-3.927876825383259e-05
-3.913716103135554e-05
-3.900158475083457e-05
-3.887186175994412e-05
-3.874781764644798e-05
-3.862928122818059e-05
-3.851608483559845e-05
-3.840819270388067e-05
-3.830524093450852e-05
-3.820713291057046e-05
-3.811375752049021e-05
-3.802491027858878e-05
-3.794047293457511e-05
-3.786030390911896e-05
-3.778426236706385e-05
-3.771221021010068e-05
-3.764401222827858e-05
-3.757953612683709e-05
-3.751865253220623e-05
-3.746123493976254e-05
-3.740715968933096e-05
-3.735630596611606e-05
-3.730855567304494e-05
-3.726379343603664e-05
-3.722190648043852e-05
-3.718278453762163e-05
-3.714631963711352e-05
-3.711240584647769e-05
-3.708093692178496e-05
-3.705164984387197e-05
-3.702475208235394e-05
-3.699999819214626e-05
-3.697729629795524e-05
-3.695655465974319e-05
-3.693768350980622e-05
-3.692059511283732e-05
-3.69052037790403e-05
-3.689142581083486e-05
-3.687917948819177e-05
-3.6868385009617e-05
-3.685896445882135e-05
-3.685084174592435e-05
-3.684394255477948e-05
-3.683819429218643e-05
-3.68335260158063e-05
-3.682986838137069e-05
-3.682715355989272e-05
-3.682531519674892e-05
-3.682428838143199e-05
-3.682401060049806e-05
-3.682431264034991e-05
-3.682533927726244e-05
-3.682693743952215e-05
-3.682905112294054e-05
-3.683162566929558e-05
-3.683460715529833e-05
-3.683794266166093e-05
-3.684158042398711e-05
-3.684546990553697e-05
-3.684956179709533e-05
-3.68538079956055e-05
-3.685816157043978e-05
-3.686257674401275e-05
-3.686700886305441e-05
-3.687141439114556e-05
-3.687575088943662e-05
-3.687997697385977e-05
-3.688405225970388e-05
-3.688793736672443e-05
-3.689159712567526e-05
-3.689495834570514e-05
-3.689803874869207e-05
-3.69007983076158e-05
-3.69031976419109e-05
-3.69052019685148e-05
-3.690677774400989e-05
-3.690789248362929e-05
-3.690851473276212e-05
-3.690861400948312e-05
-3.690816075776325e-05
-3.690712627518212e-05
-3.690548265192158e-05
-3.690320267477935e-05
-3.690025974812332e-05
-3.689662779960706e-05
-3.689228118309125e-05
-3.688719455100438e-05
-3.688134272226102e-05
-3.687470065708486e-05
-3.686724618366456e-05
0
