0.001242891045678743
0.001206046806868213
0.001169195523818025
0.001132337999246053
0.001095475010735174
0.001058607310539158
0.001021735625576484
0.0009848606572444231
0.0009479830810830492
0.0009111035463163537
0.0008742226752889009
0.0008373410628104088
0.0008004592754167045
0.0007635778505545768
0.0007266972956986574
0.000689818087412123
0.0006529406703670998
0.0006160654563457913
0.0005791928232394696
0.0005423231135935426
0.0005054547573738812
0.0004685917804958894
0.0004317325727787621
0.0003948773439735495
0.0003580262649046223
0.0003211794663201198
0.0002843370380281344
0.00024749902791386
0.0002106654408836393
0.0001738362377703315
0.0001370113342170971
0.0001001905995427783
6.337385558397542e-05
2.656087550806933e-05
-1.024861740126223e-05
-4.705495096797572e-05
-8.385850531234807e-05
-0.000120659713922906
-0.0001574590644851424
-0.0001942570994374769
-0.0002310550589370746
-0.0002678524060711865
-0.0003046504014403492
-0.0003414498241094694
-0.0003782515172936822
-0.0004150563898513197
-0.0004518654176988165
-0.0004886796452943299
-0.0005255001871918129
-0.0005623282296624091
-0.000599165032379874
-0.000636011930166387
-0.0006728703347943394
-0.000709741736841119
-0.0007466277075924934
-0.0007835299009911136
-0.0008204500556264812
-0.0008573899967616506
-0.0008943516383910331
-0.0009313369853164998
-0.0009683481349701719
-0.001005386309134266
-0.001042455871829783
-0.001079558093183214
-0.001116695470536082
-0.001153870606188899
-0.001191086209154268
-0.001228345097421969
-0.001265650200400914
-0.001303004561487898
-0.001340411340730119
-0.001377873817557854
-0.001415395393570775
-0.001452979595369491
-0.001490630077424652
-0.001528350624979037
-0.001566145156972342
-0.001604017728972803
-0.001641972536079135
-0.001680013915477279
-0.001718145307820019
-0.001756373384881087
-0.001794701907854747
-0.001833135969744413
-0.001871680278005663
-0.00191034035798584
-0.001949121629076834
-0.001988029680204873
-0.002027070273008981
-0.002066249345029149
-0.002105573012974169
-0.002145047576065561
-0.002184679519453269
-0.002224475517696364
-0.00226444243829614
-0.002304587345274211
-0.002344917502784385
-0.002385440378749422
-0.002426163648514357
-0.002467095198508123
-0.002508243129907852
-0.002549615762295778
-0.002591221637302519
-0.002633069522222406
-0.002675168413587904
-0.002717527540681775
-0.002760156369046789
-0.002803064951891625
-0.002846262533752317
-0.002889759668513973
-0.002933566795768296
-0.00297769461010562
-0.003022154063258472
-0.003066956366361668
-0.0031121129922028
-0.003157635657472117
-0.003203536510024198
-0.003249827737812976
-0.003296521898093998
-0.003343631821967817
-0.003391170617154422
-0.003439151670455989
-0.003487588649873905
-0.003536495506366771
-0.003585886475239761
-0.003635776077157359
-0.003686179118768367
-0.003737110692936751
-0.003788586178568578
-0.003840621240022276
-0.003893231826092359
-0.003946434168550086
-0.004000244780221897
-0.0040546804525822
-0.004109758252707685
-0.004165495055747938
-0.004221909454964603
-0.004279018788072378
-0.004336841166185292
-0.004395394949542426
-0.004454698740881252
-0.004514771378159838
-0.004575631926466218
-0.004637299675960848
-0.004699794462784331
-0.004763135720606253
-0.004827343329840716
-0.004892437334315501
-0.004958437925756435
-0.005025365426794377
-0.005093240272370392
-0.005162082989457559
-0.005231914175019314
-0.005302754472120214
-0.005374624544103705
-0.005447545046750862
-0.005521536598324276
-0.005596619747396848
-0.005672814938368334
-0.005750142474548756
-0.005828622478696445
-0.005908274850870468
-0.005989119223462657
-0.006071174913246598
-0.006154460870268945
-0.006238995623396512
-0.006324797222142328
-0.006411882559826342
-0.006500269674156357
-0.006589974242582127
-0.006681011341653415
-0.006773396088423537
-0.006867142135134843
-0.006962262229138313
-0.007058768035608731
-0.007156670042709482
-0.007255977461956795
-0.007356698123692126
-0.007458838367614751
-0.007562402928318203
-0.00766739481580129
-0.007773815190924094
-0.007881663235810781
-0.007990936019210953
-0.008101628356867107
-0.008213732666966499
-0.008327238820777351
-0.008442133988629518
-0.008558402481511568
-0.008676025951683949
-0.008794981814320537
-0.008915245119155443
-0.009036787066270124
-0.009159575148307855
-0.009283572974264192
-0.009408740092298435
-0.009535031812524923
-0.009662399030750963
-0.009790788054220812
-0.009920140430527363
-0.01005039278095823
-0.01018147663964624
-0.01031331830001589
-0.0104458386701088
-0.01057895313851276
-0.01071257145269956
-0.01084659761170391
-0.01098092977516821
-0.01111546019085958
-0.01125007514278772
-0.01138465466501577
-0.01151907354390071
-0.01165319989975535
-0.01178689614164749
-0.01192001884766688
-0.01205241888480341
-0.01218394156520652
-0.01231442684072054
-0.01244370953747171
-0.01257161963207864
-0.01269798257080305
-0.01282261963266162
-0.01294534833718105
-0.01306598289710438
-0.01318433471592144
-0.01330021292965481
-0.0134134249918189
-0.01352377729995973
-0.01363107586161702
-0.01373512699684609
-0.0138357374785863
-0.01393271760835764
-0.0140258786000849
-0.01411503565659729
-0.01420000822533077
-0.01428062083132783
-0.01435670391312942
-0.01442809465469972
-0.01449463780636745
-0.01455618648753734
-0.01461260296382805
-0.01466375939125309
-0.01470953852017829
-0.0147498343519804
-0.01478455274166524
-0.01481361194012616
-0.01483694307026385
-0.0148544905318276
-0.01486621233055723
-0.01487208032800513
-0.01487208032793154
-0.01486621233048392
-0.01485449053175464
-0.01483694307019126
-0.01481361194005396
-0.01478455274159347
-0.01474983435190909
-0.01470953852010749
-0.01466375939118282
-0.01461260296375838
-0.01455618648746832
-0.01449463780629913
-0.01442809465463218
-0.0143567039130627
-0.01428062083126201
-0.01420000822526592
-0.01411503565653348
-0.01402587860002221
-0.01393271760829613
-0.01383573747852604
-0.013735126996712
-0.01363107586148405
-0.01352377729982798
-0.01341342499168845
-0.01330021292952575
-0.01318433471579384
-0.01306598289697834
-0.01294534833705664
-0.01282261963253892
-0.01269798257068215
-0.01257161963195962
-0.01244370953735463
-0.01231442684060549
-0.01218394156509357
-0.01205241888469263
-0.01192001884755834
-0.01178689614154126
-0.01165319989965149
-0.01151907354379926
-0.01138465466491675
-0.0112500751425498
-0.01111546019062298
-0.01098092977493305
-0.01084659761147023
-0.01071257145246741
-0.01057895313828217
-0.01044583866987983
-0.01031331829978858
-0.01018147663942061
-0.01005039278073432
-0.009920140430305202
-0.00979078805400042
-0.009662399030532363
-0.009535031812308133
-0.009408740092083465
-0.009283572974051068
-0.009159575148096573
-0.009036787066060696
-0.008915245118947882
-0.008794981814114842
-0.008676025951480201
-0.008558402481534869
-0.008442133988654678
-0.008327238820804276
-0.008213732666995162
-0.008101628356897485
-0.007990936019243023
-0.007881663235844518
-0.007773815190959482
-0.0076673948158383
-0.007562402928356809
-0.007458838367654917
-0.007356698123733822
-0.007255977461999997
-0.007156670042754157
-0.007058768035654836
-0.006962262229185807
-0.006867142135183687
-0.006773396088473628
-0.006681011341703988
-0.006589974240391347
-0.006500269671963758
-0.006411882557633486
-0.006324797222120563
-0.00623899562337527
-0.006154460870247462
-0.006071174913224781
-0.00598911922344046
-0.005908274850847859
-0.005828622478673381
-0.005750142474525217
-0.005672814938344281
-0.005596619747372254
-0.005521536598299103
-0.00544754504672508
-0.005374624544077297
-0.005302754472093149
-0.005231914174991566
-0.0051620829894291
-0.005093240272341202
-0.005025365426764422
-0.004958437925725702
-0.004892437334283956
-0.004827343329808346
-0.004763135720573048
-0.004699794462750283
-0.004637299675926178
-0.004575631927164439
-0.004514771378860096
-0.004454698741583238
-0.00439539495024609
-0.00433684116689057
-0.004279018788779219
-0.004221909455672939
-0.004165495056457543
-0.004109758252843045
-0.004054680452714056
-0.004000244780350422
-0.003946434168675282
-0.003893231826214205
-0.003840621240140763
-0.00378858617868369
-0.003737110693048471
-0.003686179118876677
-0.003635776077262254
-0.003585886475341222
-0.003536495506464788
-0.003487588649968462
-0.003439151670547078
-0.00339117061724203
-0.003343631822051933
-0.003296521898174619
-0.003249827737890089
-0.003203536510097817
-0.00315763565754236
-0.003112112992663734
-0.003066956366826808
-0.003022154063727665
-0.002977694610578834
-0.002933566796245514
-0.002889759668995165
-0.002846262534237448
-0.002803064952380628
-0.002760156369382183
-0.002717527541017786
-0.002675168413924575
-0.00263306952255972
-0.002591221637640469
-0.002549615762634342
-0.002508243130247021
-0.002467095198847883
-0.002426163648854686
-0.002385440379090315
-0.002344917503125828
-0.002304587345616185
-0.00226444243863863
-0.002224475518039365
-0.002184679519796762
-0.002145047576409534
-0.002105573013318608
-0.002066249345374044
-0.002027070273354313
-0.001988029680550631
-0.001949121629423
-0.001910340358332402
-0.001871680278352579
-0.00183313597009142
-0.001794701907439629
-0.001756373384455042
-0.001718145307383416
-0.00168001391531724
-0.001641972535910792
-0.001604017728796075
-0.001566145156787227
-0.001528350624785542
-0.00149063007722279
-0.001452979595159271
-0.001415395393352208
-0.001377873817330949
-0.001340411340494887
-0.001303004561244353
-0.001265650200149068
-0.001228345097161832
-0.001191086208885857
-0.001153870605912227
-0.001116695470251165
-0.001079558092890069
-0.001042455871528435
-0.00100538630882487
-0.0009683481350596292
-0.0009313369854023035
-0.000894351638473044
-0.0008573899968398591
-0.0008204500557008857
-0.0007835299010617099
-0.0007466277076592834
-0.0007097417369040952
-0.0006728703348535094
-0.0006360119302217499
-0.0005991650324314288
-0.0005623282297101548
-0.0005255001872357543
-0.0004886796453344654
-0.0004518654177351444
-0.0004150563898838441
-0.0003782515173224027
-0.0003414498241343829
-0.0003046504014614514
-0.000267852406088456
-0.0002310550589502294
-0.0001942570986056778
-0.0001574590636579871
-0.0001206597131007198
-8.385850449518899e-05
-4.705495015588735e-05
-1.024861659428221e-05
2.656087630990349e-05
6.337385638062798e-05
0.0001001906003342153
0.0001370113350032823
0.0001738362385512307
0.0002106654416592183
0.0002474990286840839
0.0002843370387929707
0.0003211794670795354
0.0003580262656585816
0.0003948773447220178
0.0004317325735217078
0.0004685917812332697
0.0005054547581055731
0.0005423231140477456
0.0005791928236889127
0.000616065456790546
0.000652940670807153
0.000689818087847457
0.0007266972961292526
0.0007635778509804144
0.0008004592758377643
0.0008373410632266715
0.0008742226757003477
0.0009111035467229637
0.0009479830814848038
0.0009848606576413029
0.00102173562596847
0.001058607310926229
0.001095475011117309
0.001132337999623229
0.001169195524190212
0.001206046807235353
0.00124289104604032
0.001279729061234861
0.001316556857911138
0.001353375151269899
0.001390183063830629
0.001426979699432004
0.001463764143930434
0.001500535465549197
0.001537292715264006
0.001574034927217298
0.001610761119151051
0.00164747029285133
0.001684161434604277
0.001720833515664066
0.001757485492735989
0.001794116308476629
0.00183072489201184
0.001867310159468503
0.001903871014512252
0.001940406348884487
0.00197691504331102
0.002013397500149864
0.002049849542642771
0.002086271518816169
0.002122662260175524
0.00215902058901029
0.002195345318390319
0.002231635252184317
0.002267889185301626
0.002304105904031815
0.002340284186398661
0.002376422802490093
0.002412520514758003
0.002448576078302216
0.00248458824115501
0.002520555744566651
0.002556477323254015
0.002592351705513776
0.002628177613013939
0.0026639537599722
0.002699678851511786
0.002735352493064692
0.002770971707940219
0.002806535990943457
0.002842044032908796
0.002877494521074335
0.002912886139370214
0.002948217568503773
0.002983487486054811
0.003018694566589288
0.003053837481788989
0.003088914900595647
0.003123925489368972
0.003158867912053558
0.003193740830356153
0.003228542903928677
0.003263272790555303
0.003297929146342233
0.003332510625904483
0.003367015882546472
0.003401443568431282
0.003435792334827674
0.003470061241418732
0.003504248217857373
0.003538352230949114
0.003572371930912167
0.003606305968530608
0.003640152995093988
0.003673911662365557
0.003707580622629649
0.0037411585287888
0.003774644034486691
0.003808035794241555
0.003841332463577297
0.003874532699149034
0.003907635158854145
0.003940638501923424
0.003973541388972228
0.004006342481985609
0.004039040444186108
0.004071633939745304
0.004104121820516737
0.004136502579983676
0.004168774865741864
0.00420093726606506
0.004232988589190338
0.004264927522767208
0.004296752748268618
0.004328462951461166
0.004360056822216686
0.004391533054366212
0.00442289034560385
0.004454127397430732
0.004485242915138387
0.004516235607827145
0.004547104188447543
0.004577847373862714
0.004608463884923877
0.00463895244655408
0.004669311787837525
0.004699540642110008
0.004729637747051604
0.004759601844774956
0.004789431681909605
0.004819126009671814
0.0048486835839128
0.00487810316512419
0.004907383518284425
0.004936523105760425
0.004965521466267357
0.0049943769411505
0.005023088306112634
0.005051654347405224
0.005080073858641008
0.005108345638902472
0.005136468491301546
0.005164439753421578
0.005192261310125949
0.00521993042328252
0.005247445924141564
0.005274806649666724
0.005302011442411416
0.005329059150756314
0.00535594862911579
0.005382678738109186
0.005409248344703854
0.005435656322339451
0.005461901551035179
0.005487982917490634
0.005513899315184085
0.005539649644471258
0.005565232812691984
0.005590647734286663
0.005615893330923764
0.0056409685316393
0.005665872272849026
0.005690603024033789
0.005715160898549483
0.005739544178411202
0.005763751817137946
0.005787782775628044
0.005811636022447718
0.005835310534396859
0.005858805296829502
0.005882117839570562
0.005905250232371385
0.005928199938642602
0.005950965982935438
0.005973547396937656
0.005995943219384225
0.006018152496303792
0.006040174281223174
0.006062007635337259
0.006083651627649794
0.006105105335097077
0.006126367842654977
0.006147438243437975
0.006168315638788971
0.006188999138364321
0.006209487860215504
0.006229780930869538
0.006249877485414499
0.006269776667586332
0.006289477629867631
0.006308979533598233
0.006328281549093303
0.006347382855775375
0.00636628264210452
0.006384979383220428
0.006403473876233088
0.006421764425131693
0.006439850456050082
0.00645773063189208
0.006475404585866724
0.006492871561494617
0.006510130810799663
0.006527181594547495
0.006544023182318661
0.006560654852548354
0.006577075892568767
0.006593285598666325
0.006609283276169936
0.006625068239567582
0.006640639812655487
0.006655997328706857
0.006671140130653119
0.006686067571260251
0.006700779013279772
0.006715273829545613
0.006729551402864035
0.006743610683991702
0.006757452028653879
0.006771074342339216
0.006784477042327133
0.006797659555372017
0.006810621317624968
0.006823361774668343
0.006835880381546628
0.006848176602796673
0.00686024991247648
0.006872099794198684
0.006883725741166968
0.006895127256214977
0.006906303851853981
0.006917255050322211
0.006927980383643291
0.006938479393690094
0.006948751632253733
0.006958796661118756
0.006968614052130912
0.006978203387162481
0.006987563901433121
0.006996695905718791
0.007005598667861097
0.007014271803996626
0.007022714941015437
0.007030927716153094
0.00703890977678164
0.007046660780308073
0.007054180394162951
0.007061468295861867
0.007068524173113621
0.007075347723950558
0.007081938656855329
0.007088296690863083
0.007094421555620276
0.007100312991389141
0.007105970748989851
0.007111394589682571
0.007116584284987329
0.007121539616186863
0.007126259348548547
0.007130745321505494
0.007134996300654611
0.007139012106182367
0.007142792569746937
0.007146337533381701
0.007149646848898024
0.007152720377520366
0.007155557989730211
0.007158159565284623
0.007160524993368751
0.007162654172830434
0.007164547012447106
0.007166203431172487
0.007167623358319435
0.007168806733636708
0.007169753507252532
0.00717046363946629
0.007170937100380187
0.007171173869372555
0.007171173870074788
0.007170937101066307
0.007170463640135785
0.007169753507905335
0.007168806734272786
0.007167623358938756
0.007166203431775029
0.007164547013032839
0.007162654173399326
0.007160524993920788
0.00715815956581978
0.007155557990248466
0.007152720378021698
0.007149646849382416
0.007146337533849133
0.007142792570197385
0.00713901210661582
0.007134996301071049
0.007130745321904907
0.007126259348930936
0.007121539616595965
0.007116584285387361
0.007111394590073507
0.007105970749371677
0.007100312991761843
0.007094421555983838
0.00708829669121749
0.007081938657200569
0.007075347724286619
0.007068524173440483
0.00706146829617952
0.007054180394471385
0.007046660780607279
0.007038909777071602
0.007030927716433806
0.007022714941286885
0.007014271804258802
0.007005598668114002
0.006996695905962421
0.006987563901667657
0.006978203387931935
0.006968614052893965
0.00695879666187519
0.0069487516330035
0.006938479394433166
0.00692798038437963
0.006917255051051784
0.006906303852576766
0.006895127256930945
0.006883725741876095
0.006872099794900931
0.006860249913171832
0.006848176603485093
0.006835880382228093
0.006823361775342826
0.006810621318292443
0.006797659556032458
0.006784477042980519
0.006771074342985526
0.00675745202929309
0.00674361068462389
0.00672955140379123
0.006715273830469139
0.006700779014199491
0.006686067572176119
0.0066711401315651
0.006655997329614915
0.006640639813559584
0.006625068240467682
0.006609283277066004
0.00659328559955833
0.006577075893456672
0.006560654853432125
0.006544023183198267
0.006527181595422905
0.006510130811670845
0.006492871562361557
0.006475404586729403
0.006457730632750547
0.006439850456905395
0.006421764429211951
0.006403473880311158
0.006384979387294144
0.006366282643518986
0.006347382857188371
0.006328281550505659
0.006308979535009959
0.006289477631278693
0.006269776668996682
0.006249877486824082
0.006229780932278305
0.006209487861623394
0.006188999139771291
0.006168315640194957
0.006147438244842929
0.006126367844058841
0.0061051053364998
0.006083651629051317
0.00606200763673753
0.006040174282622143
0.006018152497701398
0.005995943220780418
0.005973547398332383
0.005950965984328643
0.005928199940034248
0.005905250233761431
0.005882117840959188
0.005858805298922196
0.005835310536493209
0.005811636024547402
0.005787782777730969
0.005763751819244017
0.005739544180520329
0.00571516090066156
0.005690603026148472
0.005665872274221347
0.005640968533016802
0.005615893332306654
0.005590647735674906
0.005565232814085531
0.005539649645870062
0.005513899316588088
0.005487982918899788
0.005461901552449421
0.005435656323758732
0.005409248346128115
0.00538267873953838
0.005355948630549855
0.005329059152195194
0.005302011443855062
0.005274806651115068
0.005247445925594557
0.005219930424740098
0.005192261311588056
0.005164439754888053
0.005136468492496634
0.005108345640106021
0.005080073859853061
0.005051654348625736
0.005023088307341566
0.004994376942387788
0.004965521467512914
0.004936523107013724
0.004907383518116609
0.004878103164955885
0.004848683583744496
0.00481912600950356
0.004789431681741414
0.004759601844606852
0.004729637746883589
0.004699540641942097
0.004669311787669722
0.004638952446386397
0.00460846388475632
0.004577847373695294
0.004547104188280263
0.00451623560766002
0.004485242914971423
0.004454127397263935
0.004422890345437232
0.00439153305419978
0.004360056822050446
0.004328462951295124
0.004296752748102786
0.004264927522601595
0.004232988589024955
0.00420093726589991
0.004168774865587324
0.00413650257984249
0.004104121820388925
0.004071633939653562
0.004039040444093934
0.004006342481892999
0.003973541388879182
0.003940638501829946
0.003907635158760243
0.00387453269905471
0.003841332463482559
0.003808035794146408
0.00377464403439114
0.00374115852869285
0.003707580622533306
0.003673911662268826
0.003640152994996877
0.003606305968433119
0.003572371930814311
0.003538352230850895
0.003504248217758804
0.003470061241319885
0.003435792334928358
0.003401443568528936
0.003367015882641022
0.003332510625995927
0.003297929146430567
0.003263272790640521
0.003228542904010776
0.003193740830435134
0.003158867912129422
0.003123925489441714
0.003088914900665266
0.003053837481855486
0.003018694566652662
0.002983487486115065
0.002948217568560902
0.002912886139424221
0.002877494521125219
0.002842044032956562
0.002806535990988109
0.002770971707981773
0.002735352493103341
0.002699678852123138
0.002663953760579786
0.002628177613617538
0.002592351706113354
0.002556477323849542
0.002520555745158105
0.002484588241742369
0.002448576078885458
0.002412520515337105
0.002376422803065039
0.002340284186969427
0.002304105904598381
0.002267889185863972
0.002231635252742424
0.002195345318944167
0.002159020589559862
0.002122662260720802
0.002086271519357142
0.002049849543179433
0.00201339750068242
0.001976915044486591
0.001940406350056631
0.001903871015680708
0.001867310160633208
0.001830724893172744
0.001794116309633687
0.001757485493889155
0.001720833516813298
0.00168416143574953
0.001647470293992561
0.001610761120288217
0.001574034928350356
0.001537292716392912
0.001500535466673909
0.001463764145050907
0.001426979700548192
0.001390183064942489
0.001353375152377373
0.001316556859014142
0.001279729062332871
-3.686724618323391e-05
-3.68747006543814e-05
-3.688134271915493e-05
-3.68871945469159e-05
-3.689228118251831e-05
-3.689662779601776e-05
-3.690025974347826e-05
-3.690320267159099e-05
-3.690548265106832e-05
-3.690712627433552e-05
-3.690816075547885e-05
-3.690861400451069e-05
-3.690851472920903e-05
-3.690789248020097e-05
-3.690677774075246e-05
-3.690520196494015e-05
-3.690319763630693e-05
-3.690079830667493e-05
-3.689803874448022e-05
-3.689495834289583e-05
-3.689159712166206e-05
-3.688793736312497e-05
-3.688405225561492e-05
-3.687997696981892e-05
-3.687575088539912e-05
-3.687141438495532e-05
-3.686700885642046e-05
-3.686257673685692e-05
-3.685816156521186e-05
-3.685380799030286e-05
-3.684956179159534e-05
-3.684546989891379e-05
-3.684158041536143e-05
-3.683794265289931e-05
-3.683460714773161e-05
-3.683162565977402e-05
-3.682905111167368e-05
-3.682693742559183e-05
-3.682533926737422e-05
-3.682431262452431e-05
-3.682401058042232e-05
-3.682428836658851e-05
-3.682531518751867e-05
-3.682715354975913e-05
-3.682986837292182e-05
-3.683352600718657e-05
-3.683819428499077e-05
-3.684394254347191e-05
-3.685084173844296e-05
-3.685896445019905e-05
-3.68683850031056e-05
-3.687917948479822e-05
-3.689142580583856e-05
-3.690520377033216e-05
-3.692059510734689e-05
-3.69376835045619e-05
-3.695655465254774e-05
-3.697729629360533e-05
-3.69999981863711e-05
-3.70247520750753e-05
-3.705164983586193e-05
-3.708093691364391e-05
-3.711240583488266e-05
-3.714631963293914e-05
-3.718278453083235e-05
-3.722190648178588e-05
-3.726379343182478e-05
-3.730855565797961e-05
-3.735630596103398e-05
-3.740715969324297e-05
-3.746123493379514e-05
-3.751865253040338e-05
-3.757953613061686e-05
-3.764401223139209e-05
-3.771221020881424e-05
-3.778426236786972e-05
-3.786030390494199e-05
-3.794047293686317e-05
-3.802491027885117e-05
-3.811375752176174e-05
-3.820713291365256e-05
-3.830524094123472e-05
-3.840819271745664e-05
-3.851608484825735e-05
-3.862928122614139e-05
-3.874781765833394e-05
-3.887186175162832e-05
-3.900158475032457e-05
-3.913716103616596e-05
-3.927876826564233e-05
-3.942658738147438e-05
-3.958080271873824e-05
-3.974160206693516e-05
-3.990917672427986e-05
-4.00837215722734e-05
-4.026543504834528e-05
-4.045451924412884e-05
-4.065117991443133e-05
-4.085562646963982e-05
-4.106807195868128e-05
-4.128873314533433e-05
-4.151783039562556e-05
-4.175558776907423e-05
-4.20022328981088e-05
-4.225799696786337e-05
-4.252311471127156e-05
-4.279782489454691e-05
-4.308235637747594e-05
-4.337698268428405e-05
-4.368193003301281e-05
-4.399745186683237e-05
-4.432380436512948e-05
-4.466124592022246e-05
-4.501003728972582e-05
-4.537044130448486e-05
-4.574281227457098e-05
-4.612727483555578e-05
-4.652416740858917e-05
-4.693376276985333e-05
-4.735633643800164e-05
-4.779216651901684e-05
-4.824153346017222e-05
-4.870471963819445e-05
-4.918200894000385e-05
-4.967368653673624e-05
-5.018003836613911e-05
-5.070135082037632e-05
-5.123791027170103e-05
-5.179000279702448e-05
-5.235791358734528e-05
-5.294192662616139e-05
-5.354232422241459e-05
-5.415938646925834e-05
-5.479339076974689e-05
-5.544461035950542e-05
-5.611337709859432e-05
-5.679983593269125e-05
-5.750429113527706e-05
-5.822699587254385e-05
-5.896819628046352e-05
-5.972813161729963e-05
-6.050703354697606e-05
-6.130512524643773e-05
-6.212294075358038e-05
-6.296013548983166e-05
-6.381713810291689e-05
-6.469412012627743e-05
-6.559123736553755e-05
-6.650862984247595e-05
-6.744641944216288e-05
-6.840470888601708e-05
-6.938357925396487e-05
-7.038308935432221e-05
-7.140327262837125e-05
-7.244413576470407e-05
-7.350565654912042e-05
-7.458778202325285e-05
-7.569042537754971e-05
-7.681346446732799e-05
-7.795673879245696e-05
-7.912004717816901e-05
-8.030314467195018e-05
-8.150574014261358e-05
-8.272749253484742e-05
-8.396800830926288e-05
-8.522683771798927e-05
-8.650346932330753e-05
-8.779724847873374e-05
-8.910767095390538e-05
-9.043397206130631e-05
-9.177503678700613e-05
-9.313062565008529e-05
-9.449948359132179e-05
-9.588057392141968e-05
-9.727276689980377e-05
-9.867483555759764e-05
-0.0001000854510661334
-0.0001015031772483438
-0.0001029264659943247
-0.0001043536523335706
-0.0001057829489078548
-0.0001072124412025469
-0.0001086400828692039
-0.0001100636898965694
-0.0001114809362499133
-0.0001128893489993344
-0.0001142863030805516
-0.0001156690172762572
-0.0001170345503567973
-0.0001183798371296418
-0.0001197015043366061
-0.0001209961509221405
-0.0001222601537489109
-0.0001234897149803207
-0.0001246808593607148
-0.0001258294344941764
-0.0001269311106542955
-0.0001279813827223973
-0.0001289755725496491
-0.000129908832642128
-0.0001307761513228516
-0.000131572359508139
-0.0001322921385552179
-0.0001329300299405356
-0.0001334804468828861
-0.0001339376876425698
-0.000134295950804494
-0.0001345493528657545
-0.0001346919477394676
-0.0001347177479174372
-0.0001346207147874935
-0.0001343949565009293
-0.0001340344546402622
-0.0001335333253877318
-0.0001328857870133568
-0.0001320861956412257
-0.0001311290825519339
-0.0001300091933392159
-0.0001287215291383434
-0.0001272613884529643
-0.0001256244113347259
-0.0001238066230528134
-0.0001218044798257847
-0.0001196149133219901
-0.000117235374971386
-0.000114663880809184
-0.0001118990529351242
-0.0001089401609328896
-0.0001057871593960869
-0.0001024407224655071
-9.890223569092227e-05
-9.517394659323676e-05
-9.125886318004744e-05
-8.716081957549987e-05
-8.28844794078391e-05
-7.843534230262063e-05
-7.381974361562239e-05
-6.904484715185843e-05
-6.411863042409267e-05
-5.904986277809148e-05
-5.384807639882274e-05
-4.852352889734743e-05
-4.308716020212769e-05
-3.755054174448954e-05
-3.192581850693298e-05
-2.622564645807052e-05
-2.046312286310535e-05
-1.465171328878455e-05
-8.805173397601048e-06
-2.937468203120374e-06
2.937468205854589e-06
8.805173399658386e-06
1.465171329065218e-05
2.04631228649645e-05
2.622564645981084e-05
3.192581850858231e-05
3.755054174600612e-05
4.308716020363275e-05
4.852352889873965e-05
5.384807640024249e-05
5.90498627794748e-05
6.41186304252398e-05
6.9044847152897e-05
7.381974361680143e-05
7.843534230355658e-05
8.288447940888156e-05
8.716081957640601e-05
9.125886318081121e-05
9.51739465941728e-05
9.890223569208814e-05
0.000102440722466466
0.0001057871593968172
0.0001089401609332953
0.000111899052935344
0.0001146638808093905
0.0001172353749715459
0.0001196149133219614
0.0001218044798256868
0.0001238066230525486
0.0001256244113344918
0.000127261388452526
0.0001287215291378729
0.0001300091933387598
0.0001311290825513587
0.0001320861956405872
0.0001328857870127228
0.0001335333253870711
0.000134034454639585
0.0001343949565003644
0.0001346207147872817
0.0001347177479172891
0.0001346919477386824
0.0001345493528648138
0.0001342959508032533
0.0001339376876413405
0.0001334804468813606
0.0001329300299391061
0.0001322921385536043
0.000131572359506327
0.0001307761513210758
0.000129908832640243
0.0001289755725476302
0.0001279813827203443
0.0001269311106522546
0.00012582943449203
0.0001246808593584826
0.0001234897149779962
0.0001222601537464249
0.0001209961509195326
0.0001197015043335909
0.0001183798371260101
0.0001170345503530779
0.0001156690172733768
0.0001142863030779921
0.0001128893489970928
0.0001114809362477416
0.0001100636898946396
0.0001086400828674227
0.0001072124412007703
0.0001057829489062856
0.0001043536523321452
0.0001029264659930006
0.0001015031772475033
0.0001000854510654205
9.867483555721688e-05
9.727276689977989e-05
9.588057392187076e-05
9.449948359287548e-05
9.313062565306833e-05
9.177503679714913e-05
9.043397207002111e-05
8.910767095205452e-05
8.779724846650348e-05
8.650346930949457e-05
8.522683771117041e-05
8.396800830384487e-05
8.272749253022531e-05
8.150574013847107e-05
8.030314466817148e-05
7.912004717453167e-05
7.795673878904162e-05
7.681346446402441e-05
7.569042537412113e-05
7.458778202020271e-05
7.35056565460027e-05
7.244413576162633e-05
7.140327262529199e-05
7.038308935134713e-05
6.938357925088005e-05
6.840470888291869e-05
6.74464194389897e-05
6.650862983919968e-05
6.559123736212621e-05
6.469412012260352e-05
6.381713809883561e-05
6.296013548510724e-05
6.212294074620435e-05
6.13051252393341e-05
6.050703354272245e-05
5.972813161413008e-05
5.89681962780194e-05
5.822699587073935e-05
5.750429113418767e-05
5.67998359326187e-05
5.611337710076238e-05
5.54446103619149e-05
5.479339077026389e-05
5.415938646938347e-05
5.354232422223778e-05
5.294192662582876e-05
5.235791358688042e-05
5.179000279649568e-05
5.123791027109079e-05
5.070135081968606e-05
5.018003836543204e-05
4.967368653590133e-05
4.918200893915133e-05
4.870471963721121e-05
4.824153345909062e-05
4.779216651785065e-05
4.735633643672334e-05
4.69337627684757e-05
4.652416740695639e-05
4.612727483346826e-05
4.574281227116336e-05
4.537044130096729e-05
4.501003728772071e-05
4.466124591868452e-05
4.43238043639339e-05
4.399745186593707e-05
4.368193003241248e-05
4.337698268400989e-05
4.308235637796835e-05
4.27978248952132e-05
4.252311471149706e-05
4.225799696803161e-05
4.200223289830195e-05
4.175558776929442e-05
4.151783039587555e-05
4.128873314565317e-05
4.106807195909627e-05
4.085562647013419e-05
4.065117991497062e-05
4.045451924474996e-05
4.026543504908663e-05
4.008372157310753e-05
3.990917672528339e-05
3.974160206801369e-05
3.958080271996895e-05
3.942658738288011e-05
3.927876826723688e-05
3.913716103797625e-05
3.900158475238885e-05
3.887186175398819e-05
3.87478176611335e-05
3.862928122970505e-05
3.851608485454878e-05
3.84081927236261e-05
3.83052409443592e-05
3.820713291491446e-05
3.811375752251017e-05
3.802491028027943e-05
3.79404729382784e-05
3.786030390629262e-05
3.778426236914445e-05
3.771221020998057e-05
3.76440122324486e-05
3.757953613158046e-05
3.751865253125499e-05
3.746123493450632e-05
3.740715969382023e-05
3.735630596148161e-05
3.730855565829782e-05
3.726379343199071e-05
3.722190648175745e-05
3.718278453056987e-05
3.714631963234561e-05
3.711240583381869e-05
3.708093691106212e-05
3.705164983322497e-05
3.702475207389576e-05
3.699999818562653e-05
3.697729629312818e-05
3.695655465227418e-05
3.693768350446144e-05
3.692059510738289e-05
3.690520377049008e-05
3.689142580614553e-05
3.687917948522316e-05
3.68683850036496e-05
3.685896445088457e-05
3.685084173926455e-05
3.68439425444563e-05
3.683819428616929e-05
3.683352600857837e-05
3.682986837458203e-05
3.682715355176744e-05
3.682531519001372e-05
3.682428836988588e-05
3.682401058671743e-05
3.682431263066318e-05
3.682533927026953e-05
3.682693742744437e-05
3.682905111283194e-05
3.683162566038707e-05
3.683460714787742e-05
3.683794265265186e-05
3.68415804147466e-05
3.684546989794897e-05
3.684956179031963e-05
3.685380798872405e-05
3.685816156333134e-05
3.686257673466822e-05
3.686700885394692e-05
3.687141438218555e-05
3.687575088232005e-05
3.687997696639598e-05
3.688405225180109e-05
3.688793735882601e-05
3.689159711618834e-05
3.689495833719969e-05
3.689803873960261e-05
3.690079830190299e-05
3.690319763152173e-05
3.690520196008749e-05
3.690677773577613e-05
3.690789247510268e-05
3.690851472394102e-05
3.6908613999063e-05
3.690816074982138e-05
3.690712626844291e-05
3.690548264490365e-05
3.690320266510473e-05
3.690025973663525e-05
3.689662778873745e-05
3.689228117470481e-05
3.688719453842624e-05
3.68813427097145e-05
3.68747006434294e-05
3.686724616700603e-05
3.685905976808579e-05
3.684997829384562e-05
3.684003146471468e-05
3.682919743932651e-05
3.681745776419729e-05
3.680479448145013e-05
3.679119009947844e-05
3.677662753304976e-05
3.676109012269355e-05
3.674456169737953e-05
3.672702650829845e-05
3.67084692782459e-05
3.668887523142582e-05
3.666823006686777e-05
3.664652000640118e-05
3.662373182082636e-05
3.659985283527688e-05
3.657487098151936e-05
3.654877489856224e-05
3.652155674413474e-05
3.649322842310276e-05
3.646371798818777e-05
3.64330457348405e-05
3.640119994143853e-05
3.636817119784013e-05
3.63339501287035e-05
3.629852757585115e-05
3.626189470534832e-05
3.622404306747412e-05
3.618496455546665e-05
3.614465138151506e-05
3.61030960491405e-05
3.606029135349935e-05
3.601623037923765e-05
3.597090649010422e-05
3.59243132687402e-05
3.587644431126232e-05
3.582729280103991e-05
3.577685079895607e-05
3.572510954717983e-05
3.567218819634887e-05
3.561786803847131e-05
3.556224126850596e-05
3.550530271018278e-05
3.544704888328685e-05
3.538747645035558e-05
3.532658222423527e-05
3.526436309881399e-05
3.520081613880705e-05
3.513593850252544e-05
3.506972754000287e-05
3.500218074606106e-05
3.493329578709477e-05
3.486307052103321e-05
3.479150300411116e-05
3.471859146000446e-05
3.464433431528196e-05
3.456873020653404e-05
3.44917779417559e-05
3.44134765646883e-05
3.433382602151927e-05
3.425291927154799e-05
3.417057001236977e-05
3.408687040043263e-05
3.400182046810244e-05
3.391542069785589e-05
3.382767151684202e-05
3.373857339587681e-05
3.364812691503348e-05
3.355633271410205e-05
3.346319160517351e-05
3.336870452282017e-05
3.327287254704521e-05
3.317569687544386e-05
3.307717877820346e-05
3.297731966485107e-05
3.28761209150431e-05
3.277358392471645e-05
3.266970984165501e-05
3.256449972907374e-05
3.245815218032336e-05
3.235027884672251e-05
3.224104333571532e-05
3.213044365041441e-05
3.201863327604471e-05
3.190550130709849e-05
3.179105206804606e-05
3.167528976992938e-05
3.155821842150329e-05
3.143984191369881e-05
3.132016408823596e-05
3.1199188720549e-05
3.107691962442805e-05
3.095336059699854e-05
3.082851555827273e-05
3.070238842443558e-05
3.057498323288954e-05
3.044630411115445e-05
3.031635527507165e-05
3.018514100326347e-05
3.005266571751715e-05
2.991893386905718e-05
2.978395003614585e-05
2.964771884070958e-05
2.951024490436183e-05
2.937153283976501e-05
2.923158648581588e-05
2.909054980106472e-05
2.894817822874637e-05
2.880457398800223e-05
2.865975011892552e-05
2.851371539411899e-05
2.836647597387704e-05
2.821803650930656e-05
2.806839782373147e-05
2.791768545140452e-05
2.776572223033296e-05
2.76125832441562e-05
2.745827703948845e-05
2.730280937781606e-05
2.714618608756112e-05
2.698841318792576e-05
2.682949684859752e-05
2.66694433656916e-05
2.650825918574038e-05
2.634595086031394e-05
2.618252502733246e-05
2.601798841491416e-05
2.585234790961519e-05
2.568561040464734e-05
2.551778296600755e-05
2.534887277338239e-05
2.517888710928823e-05
2.500783335995536e-05
2.483571804813669e-05
2.466276083682414e-05
2.448856664047843e-05
2.431331982390802e-05
2.413702873283781e-05
2.395970090680509e-05
2.378134427917758e-05
2.360196725277403e-05
2.342157614629361e-05
2.324030660075277e-05
2.305798165587593e-05
2.287467379299117e-05
2.269039288989258e-05
2.250514618505345e-05
2.231894095035706e-05
2.213178465388907e-05
2.194368493325766e-05
2.175464953293349e-05
2.156468637097916e-05
2.137380344001126e-05
2.118200884803737e-05
2.098931080277601e-05
2.079571759208353e-05
2.060123756288142e-05
2.040587920617663e-05
2.02096510153183e-05
2.00125616293395e-05
1.98146197428489e-05
1.961583417884395e-05
1.941621382884414e-05
1.921576770854349e-05
1.901450490276258e-05
1.881243306175144e-05
1.860973104122586e-05
1.840603562868189e-05
1.820154988157717e-05
1.799612601596288e-05
1.779013353279934e-05
1.758338079877793e-05
1.73758754456175e-05
1.716762599700838e-05
1.695864119905596e-05
1.67489298157653e-05
1.653850075749854e-05
1.632736287241887e-05
1.61155251872882e-05
1.590299680870175e-05
1.568978695558623e-05
1.54759050666936e-05
1.52613607110919e-05
1.504616368017786e-05
1.483032393449539e-05
1.461385152985781e-05
1.43967565484476e-05
1.417904811288737e-05
1.396081278468947e-05
1.37419181846195e-05
1.352243464695549e-05
1.330237254691928e-05
1.308174137477824e-05
1.286055058909741e-05
1.263880966198852e-05
1.241652809742378e-05
1.21937153982397e-05
1.197038113326213e-05
1.174653488109564e-05
1.152218626231404e-05
1.129734493643396e-05
1.107202062628291e-05
1.084622307847987e-05
1.061996213903575e-05
1.039324767721823e-05
1.01660896620864e-05
9.938498083372126e-06
9.710482996693744e-06
9.48205377112097e-06
9.253220875861369e-06
9.024008032532476e-06
8.7944048894733e-06
8.564422988410909e-06
8.334072877248246e-06
8.103364833715906e-06
7.8723089099498e-06
7.640915136890261e-06
7.409193583417407e-06
7.177154378920005e-06
6.944807803831096e-06
6.712164235277949e-06
6.479234186423527e-06
6.246028258531767e-06
6.012557095640022e-06
5.778831272265991e-06
5.544861267613868e-06
5.310657392859796e-06
5.076229611626985e-06
4.841585633021736e-06
4.606751114130179e-06
4.371683228301088e-06
4.13642705931761e-06
3.900996569687054e-06
3.665402719869321e-06
3.429655626889202e-06
3.1937648871093e-06
2.957739854350612e-06
2.72158977494287e-06
2.485323992234428e-06
2.248952081343839e-06
2.012483841734417e-06
1.775929327786815e-06
1.539298893773112e-06
1.302602914535443e-06
1.065851844097279e-06
8.290560232160871e-07
5.922254419320488e-07
3.553696880958854e-07
1.184976261506027e-07
-1.184976080024073e-07
-3.553696751696759e-07
-5.922254305173885e-07
-8.290560127975875e-07
-1.065851834396552e-06
-1.302602905384265e-06
-1.539298885027349e-06
-1.775929319451233e-06
-2.012483833672886e-06
-2.248952073589945e-06
-2.485323984729618e-06
-2.721589767619271e-06
-2.957739847248638e-06
-3.193764880139622e-06
-3.429655620013311e-06
-3.665402713154983e-06
-3.900996563023741e-06
-4.136427052665669e-06
-4.371683221709218e-06
-4.606751107437861e-06
-4.84158562631274e-06
-5.07622960508887e-06
-5.310657386319097e-06
-5.544861261108757e-06
-5.778831265818351e-06
-6.01255708921007e-06
-6.246028252044201e-06
-6.479234179959137e-06
-6.712164228753533e-06
-6.944807797316667e-06
-7.177154372303655e-06
-7.409193576762589e-06
-7.64091513013248e-06
-7.872308903071417e-06
-8.103364826706544e-06
-8.334072870008147e-06
-8.564422980909316e-06
-8.794404881613173e-06
-9.024008024097625e-06
-9.253220865417604e-06
-9.482053760686463e-06
-9.710482988239708e-06
-9.938498075508384e-06
-1.01660896545701e-05
-1.039324766997239e-05
-1.061996213200342e-05
-1.084622307159378e-05
-1.10720206195389e-05
-1.129734492973538e-05
-1.15221862557154e-05
-1.174653487455387e-05
-1.197038112673631e-05
-1.219371539176969e-05
-1.241652809092573e-05
-1.263880965548156e-05
-1.286055058258657e-05
-1.308174136820574e-05
-1.330237254014185e-05
-1.352243463997787e-05
-1.374191817729737e-05
-1.396081277630133e-05
-1.417904810441859e-05
-1.439675654109823e-05
-1.461385152276708e-05
-1.48303239276471e-05
-1.504616367338825e-05
-1.526136070436063e-05
-1.547590506000187e-05
-1.568978694881016e-05
-1.590299680182721e-05
-1.611552518036356e-05
-1.632736286536066e-05
-1.653850075029797e-05
-1.674892980822685e-05
-1.695864119115438e-05
-1.716762598854605e-05
-1.737587543634158e-05
-1.758338078834932e-05
-1.779013352005209e-05
-1.799612599269445e-05
-1.820154986022027e-05
-1.840603562219609e-05
-1.860973104810303e-05
-1.88124330708962e-05
-1.9014504903878e-05
-1.921576770811754e-05
-1.941621382770342e-05
-1.961583417740114e-05
-1.98146197412756e-05
-2.001256162759809e-05
-2.02096510135343e-05
-2.040587920433279e-05
-2.060123756103908e-05
-2.079571759033849e-05
-2.098931080099424e-05
-2.118200884630626e-05
-2.137380343827955e-05
-2.156468636936208e-05
-2.175464953130868e-05
-2.194368493169066e-05
-2.213178465233412e-05
-2.231894094873654e-05
-2.250514618340567e-05
-2.269039288808868e-05
-2.287467379094065e-05
-2.305798165331781e-05
-2.324030659585863e-05
-2.342157614167033e-05
-2.360196725101029e-05
-2.378134427860309e-05
-2.395970090711213e-05
-2.413702873396146e-05
-2.431331982596861e-05
-2.448856664380463e-05
-2.466276084310028e-05
-2.483571805477729e-05
-2.500783336414158e-05
-2.517888711303871e-05
-2.53488727768265e-05
-2.551778296938403e-05
-2.568561040799736e-05
-2.585234791301584e-05
-2.601798841837307e-05
-2.618252503094285e-05
-2.6345950864071e-05
-2.650825918963509e-05
-2.666944336983724e-05
-2.682949685287104e-05
-2.698841319245161e-05
-2.714618609240679e-05
-2.730280938297526e-05
-2.745827704503003e-05
-2.76125832501873e-05
-2.776572223686313e-05
-2.791768545933124e-05
-2.806839783188906e-05
-2.821803651693505e-05
-2.836647598163774e-05
-2.85137154022718e-05
-2.865975012770578e-05
-2.880457399768512e-05
-2.89481782398881e-05
-2.909054981747485e-05
-2.92315865022487e-05
-2.93715328509371e-05
-2.951024491395516e-05
-2.964771884931477e-05
-2.978395004401464e-05
-2.991893387629525e-05
-3.005266572428171e-05
-3.018514100961957e-05
-3.031635528104418e-05
-3.044630411677746e-05
-3.057498323816264e-05
-3.070238842947156e-05
-3.082851556303872e-05
-3.095336060159551e-05
-3.107691962874021e-05
-3.119918872466458e-05
-3.132016409217186e-05
-3.143984191745906e-05
-3.155821842509804e-05
-3.167528977331438e-05
-3.179105207121626e-05
-3.190550131010698e-05
-3.201863327889533e-05
-3.213044365305235e-05
-3.224104333814151e-05
-3.23502788489827e-05
-3.245815218235798e-05
-3.256449973108604e-05
-3.266970984374205e-05
-3.277358392673227e-05
-3.287612091696966e-05
-3.297731966671173e-05
-3.307717877996359e-05
-3.317569687710415e-05
-3.327287254865361e-05
-3.336870452431741e-05
-3.346319160652893e-05
-3.355633271533707e-05
-3.364812691616939e-05
-3.373857339694114e-05
-3.38276715177697e-05
-3.39154206986406e-05
-3.400182046872932e-05
-3.408687040081366e-05
-3.417057001249518e-05
-3.425291927087829e-05
-3.433382602080775e-05
-3.441347656465107e-05
-3.44917779418832e-05
-3.456873020672822e-05
-3.464433431553772e-05
-3.471859146025874e-05
-3.479150300432173e-05
-3.486307052119266e-05
-3.493329578724334e-05
-3.50021807461246e-05
-3.506972753998985e-05
-3.513593850243161e-05
-3.520081613859397e-05
-3.526436309850009e-05
-3.532658222377634e-05
-3.538747644972145e-05
-3.544704888242734e-05
-3.550530270904242e-05
-3.556224126698145e-05
-3.561786803631942e-05
-3.567218819210419e-05
-3.572510954293751e-05
-3.577685079684583e-05
-3.582729279954032e-05
-3.587644431016298e-05
-3.59243132679403e-05
-3.597090648953073e-05
-3.601623037884053e-05
-3.606029135324676e-05
-3.610309604900037e-05
-3.614465138146386e-05
-3.618496455551306e-05
-3.622404306754616e-05
-3.626189470544864e-05
-3.629852757594386e-05
-3.633395012878654e-05
-3.636817119783297e-05
-3.640119994125966e-05
-3.643304573440255e-05
-3.64637179872471e-05
-3.649322841996079e-05
-3.652155674115804e-05
-3.654877489815952e-05
-3.657487098201629e-05
-3.659985283642951e-05
-3.662373182253326e-05
-3.664652000856523e-05
-3.666823006949677e-05
-3.668887523449006e-05
-3.670846928173563e-05
-3.672702651222865e-05
-3.674456170174372e-05
-3.676109012751318e-05
-3.677662753836171e-05
-3.679119010532597e-05
-3.680479448789924e-05
-3.681745777133638e-05
-3.682919744730781e-05
-3.684003147376888e-05
-3.684997830457754e-05
-3.685905978454402e-05
0
