-0.102230820306549
-0.06184336536068696
-0.05635858876641659
-0.05385236822066363
-0.0528834187105285
-0.05287732962003662
-0.0536611178716223
-0.05523649301190214
-0.05772346072077734
-0.06135545558414592
-0.06649447419149079
-0.07363973770628369
-0.08336484974831376
-0.09601297603520798
-0.11084411228392
-0.1246506005775029
-0.131683967453226
-0.1277886260059488
-0.1150222422999431
-0.09923205573641743
-0.08475205047550846
-0.07307944892920872
-0.06412723641603493
-0.05733495105138263
-0.05213924998636066
-0.04809655846384082
-0.04488437943278768
-0.04227415373704037
-0.04010432859347569
-0.038259802140248
-0.0366574845547337
-0.03523644448671917
-0.03395122611253156
-0.03276729554211713
-0.03165790664336793
-0.03060191494946885
-0.02958222884511058
-0.02858469223281191
-0.02759726176240683
-0.02660938543584683
-0.02561151825172767
-0.02459472932666219
-0.02355036669794638
-0.02246975305033537
-0.02134388978598101
-0.02016314774963771
-0.01891692113382979
-0.01759321673527804
-0.01617814110681289
-0.01465523450170671
-0.01300457461399901
-0.01120153288610851
-0.009214996371146426
-0.007004746421847838
-0.004517464203390463
-0.001680412423759973
0.001609000280777176
0.005501365004866913
0.01022886262258068
0.01617248630218522
0.02401067340651248
0.03509317554774973
0.05253842863889067
0.08430003971360757
0.1301284826085788
0.1480543179290052
0.1248562006819028
0.1029588276952507
0.08962335268024811
0.08065510146455657
0.07408556758811898
0.06898366629549194
0.06485483886295891
0.06141055623674929
0.05846998233110372
0.05591329796413858
0.05365752701199002
0.05164310786183537
0.04982599633164699
0.04817279736315365
0.0466576430349474
0.04526012272022057
0.04396386771602316
0.04275556099108484
0.04162423100271142
0.04056073118447107
0.03955735453897716
0.03860754754905932
0.03770568315553256
0.03684688679448669
0.03602690808972588
0.03524200196091437
0.03448884790281222
0.03376447988821489
0.03306621952948815
0.03239163825950084
0.03173850515425423
0.03110475620877327
0.03048846397959168
0.02988780125269251
0.02930102568074976
0.02872644268652564
0.02816238822866498
0.0276072002412571
0.02705918915857278
0.02651661771296082
0.02597766732191276
0.02544042273488974
0.02490283719597798
0.02436263854617279
0.02381710052248458
0.02326278123055443
0.02269562635908297
0.02211134179561143
0.02150506478209477
0.02087028591327583
0.02019810482975931
0.01947676262371995
0.01869054551733245
0.01781759459086335
0.01682611016668108
0.01566750787853058
0.01426292396087317
0.01247365719369446
0.01002667775569057
0.006275086454142599
-0.0002771206327555448
-0.04148867852394662
0.08870213378630551
0.007191124190516595
0.003551045928967673
0.001525696347838617
0.0004079876556935531
-0.0004186038425635811
-0.001181497896518693
-0.002011029282346792
-0.003016675014090366
-0.00431733332049258
-0.006050500832705913
-0.008345171780745859
-0.01119190675366653
-0.01406466736989777
-0.01522118959660532
-0.01159195751938901
-0.001847572290084017
0.009287285957156496
0.01535431684282044
0.01564089191379916
0.01315228114417993
0.01022690487474934
0.007761493346253288
0.005900687753196321
0.004549456772301095
0.003577235887743888
0.002875242200017497
0.00236398713202598
0.001987961264217411
0.00170890440944095
0.001500416763954717
0.001344144657088011
0.001227198143819905
0.001140427858928136
0.001077276553569007
0.001033009730199365
0.001004196296562026
0.0009883553048254856
0.0009837144168315728
0.0009890448072385934
0.001003549614212802
0.001026791193326271
0.001058647928170729
0.001099295230538315
0.001149208416586273
0.001209187823006325
0.00128040933338214
0.001364507076813869
0.001463699967423467
0.001580981701159809
0.001720406496956428
0.001887524975341834
0.002090064130418099
0.002339019430717698
0.002650472444286822
0.003048748326767721
0.003572190480776404
0.004284402629984204
0.005297889891176687
0.006828852254878666
0.009341186496411301
0.01399226488384509
0.02430548014954259
0.05176021030175414
0.0612209402496801
-0.03462715897023593
-0.0376151784686071
-0.0193562284949562
-0.01173051167212606
-0.008070066667625634
-0.006017208766752744
-0.004734301397674793
-0.003869235608635563
-0.003252536793604403
-0.00279389956928024
-0.002441313637305381
-0.002162940274388635
-0.001938309836378308
-0.001753722139263866
-0.001599694922831564
-0.001469476217266296
-0.001358139897588043
-0.001262015448610518
-0.0011783172704831
-0.00110489717228342
-0.001040074745657798
-0.0009825189085879208
-0.0009311637938395411
-0.0008851474458365575
-0.0008437668848780292
-0.0008064450232122056
-0.0007727049734510628
-0.0007421511799576405
-0.0007144547429952675
-0.0006893417397752672
-0.0006665849426546252
-0.0006459966325454852
-0.0006274236910513771
-0.0006107438346268746
-0.0005958626341634791
-0.0005827122978538306
-0.0005712504765963433
-0.0005614607355487074
-0.0005533532259148144
-0.0005469654220628927
-0.0005423619189995233
-0.0005396309192746436
-0.0005388828565811813
-0.0005402760349587247
-0.0005441208447374662
-0.0005510234996123934
-0.0005617454459422283
-0.0005766899552021159
-0.0005960606898915976
-0.0006209357022502577
-0.0006534504471305104
-0.0006961828608531741
-0.0007523601987289633
-0.00082679899726213
-0.0009271513620958268
-0.00106598122702584
-0.001265032747526393
-0.001564838054340845
-0.00204882090830259
-0.002913978574132502
-0.004761813746287837
-0.008319944751195673
-0.08968842007848409
0
