0.8818276848422566 -0.5266436589390784
1.063681333303859 -0.8956268710457487
1.019239410706597 -0.9486057383064899
0.954846133412721 -0.9943814097607974
0.8719014646807909 -1.022517093042891
0.7791004304560202 -1.023292506195147
0.6908406516807548 -0.9939291450872976
0.6201630939316121 -0.9412142324868662
0.5726615643998296 -0.877040424346396
0.5466529234329686 -0.8119355992141819
0.537039397957746 -0.752159690300028
1.149081686135224 -0.860326449386692
1.126935106402099 -0.929803055379263
1.082058514566201 -1.005724713832577
1.005608986478964 -1.078410529743315
0.8944733119464593 -1.12897510337891
0.7616352875218833 -1.135127826924295
0.6365370649241374 -1.088895683398229
0.5452943584373907 -1.00621970707083
0.4941663057507913 -0.9123724203076904
0.4746931362401787 -0.824843696451084
0.4754094366492126 -0.7505075120728395
1.221154438193346 -0.8678341298946795
1.21265736650235 -0.9564518671723869
1.177209778111015 -1.06432406131575
1.093976045593435 -1.183482048073885
0.9423543201177462 -1.282422863992113
0.7357370897066087 -1.304367234579548
0.5441822958743064 -1.221820992714683
0.4277619096953058 -1.080537871946029
0.3837676245227083 -0.939451039298379
0.3831121758792231 -0.8235717813531014
0.4030242162003407 -0.7346878527946298
1.306179870227072 -0.8571868099285112
1.323841048817084 -0.9625657914108753
1.319308365391193 -1.107701215951835
1.25583122586539 -1.30242998381463
1.059018899672521 -1.5169189808186
0.6923198306088518 -1.59598580130358
0.3622706243039487 -1.413804442250042
0.2344906244752767 -1.147050714377512
0.2319617577540102 -0.9376688335490599
0.2728021551864312 -0.7944689235025374
0.3235114934263593 -0.697079380686895
1.397316096751759 -0.8195534487582528
1.453917095507126 -0.929190344835372
1.512925763681155 -1.097373388280701
1.547049787938787 -1.378016564307989
1.407323925531082 -1.864623599449929
0.5928763921068965 -2.254768537548221
-0.0774613176346749 -1.655515126142189
-0.07385632607044057 -1.133516528625665
0.04537004794492516 -0.8676983764617472
0.1558221451078436 -0.7207807666776518
0.2462455861648177 -0.6310143171080936
1.481088884565938 -0.7504243564994202
1.579124411548608 -0.8415556026402784
1.718693420360065 -0.9842848085259243
1.942290409923016 -1.242550815547202
2.413112606050302 -1.902542077893812
0.05456636329540643 -0.08430219914736342
-0.9796867129170153 -1.435047036870439
-0.4232859757637499 -0.8785161067385747
-0.1224883531054078 -0.692409377519558
0.06004000453813729 -0.5949364942256757
0.185882800323465 -0.5360460584535398
1.541966870182636 -0.655051814941548
1.666061194993485 -0.7072723747811009
1.851376955341113 -0.7747565529303286
2.164873818693483 -0.8498676886353747
0.02424135597203458 -0.02063642460461929
0.00618508373561022 -0.02014797507158805
0.01503634575311641 -0.003936230273149932
-0.5085026119562617 -0.4153538609993079
-0.1890209463337329 -0.4437625901483503
0.01620988073832463 -0.4344001744464012
0.1562265187029769 -0.4219797233587291
1.57089123313627 -0.5475831250269483
1.697103111492244 -0.5569900405849065
1.872426782654556 -0.5495029203241454
2.120098232966921 -0.4873667958978175
-0.003920575321661568 -0.009138635520034188
0.001289989132846725 -0.00809866005499521
0.00523867839531833 -0.003960322369370772
0.003331717478077811 -0.002793144619675114
-0.1412235328784393 -0.212591489211333
0.03261401626931371 -0.2745894465914296
0.1620730564541056 -0.3054725670453992
1.569223132535663 -0.4431989068378884
1.680582765759072 -0.4201211686799377
1.81950060943924 -0.3688399322793722
1.983192472382172 -0.2632619598237192
-0.00263779904004191 -0.003739733042560256
0.0003269222044205433 -0.004098078547887518
0.002130742793541529 -0.002838939619706438
0.002407804109744616 -0.001215691409823361
-0.03404103156494342 -0.03917836481799808
0.09255016928011928 -0.1419546340585359
0.1976891210631267 -0.201145307463843
1.544935626663933 -0.3514732932300194
1.635563579771538 -0.3093315538214276
1.737828524027912 -0.2404806051508112
1.8431371697165 -0.1315131072458176
-0.001078061220926463 -0.001904684782984056
7.033151681612448e-05 -0.002466521038141989
0.0009835350830527112 -0.002005865310272414
0.001346992967485527 -0.001240484116865004
-0.003201659591793193 -0.000584212502381054
0.1737814607170454 -0.04363348774530651
0.2524826324132959 -0.1162416972758905
1.506919842501207 -0.2756367451147453
1.577733759285281 -0.224614818574754
1.651323963321679 -0.152205530867782
1.71928099506818 -0.05248658269467787
-0.0003558530981991881 -0.001486526086803941
-1.18587637419898e-05 -0.001669645214295079
0.000501633349025643 -0.001475976345559571
0.000793939378318842 -0.001101144978316593
0.0006800873556142006 -0.0009818969173237546
0.260529455946704 0.02454436916221026
0.3167257670860127 -0.05155810551156065
1.462033489362887 -0.2150267207226061
1.516362869385171 -0.1612957703084094
1.569202598188799 -0.09143329967148339
1.61424870007266 -0.003735491121906465
-0.0003107613708145385 -0.001347600059833309
-3.897371525374282e-05 -0.001225049878484152
0.0002758604586610147 -0.001135306254937796
0.0004922215741141045 -0.0009380355904914373
0.0006068738700042431 -0.0007372747862329776
0.3439300858130959 0.07196076757244019
0.3837185772777286 -0.004629364650905687
1.414692318226976 -0.1674311256411224
1.456070529478485 -0.1142881648222721
1.494159866637164 -0.04918758731621903
1.524925374309833 0.02797677165908941
-0.0004666041565588586 -0.0009873015441220767
-4.591382646401687e-05 -0.0009518498798939956
0.0001606172345216539 -0.0009075715443029875
0.0003193215907317803 -0.0007969817510163346
0.0004166386642076025 -0.0006558025359286734
-0.008128571320827449 0.003074360804147136
0.4495548232614385 0.02789785874006945
1.367446581921031 -0.13038890741475
1.398863991716986 -0.0794195680565134
1.426411339353669 -0.01957771027075372
1.44739720958913 0.04889840825442737
-0.0003125697729517984 -0.0004746456385867903
-4.486348422660935e-05 -0.0007717113782785279
9.775814901535895e-05 -0.0007490900755811603
0.000215587433695541 -0.0006837287703505002
0.000296535935196296 -0.0005937642997578263
-0.0007627153374388795 -0.001160518172025171
0.5122059652774623 0.04915584498886616
1.321645025919677 -0.1017122534600947
1.345432694306958 -0.0535660566449625
1.365338041152149 0.001223083244073386
1.379390664063242 0.06224040807393982
0.0002400308317099809 -0.0004193607516608799
-4.080677718221182e-05 -0.0006467124875272345
6.16479536603709e-05 -0.0006348287961330801
0.0001506838091867024 -0.0005944421314960091
0.0002179689190016099 -0.0005353727805582076
0.0003339738399671388 -0.0007460787623108089
0.5707396034994745 0.06180821286643234
1.27792437640964 -0.07961928051924261
1.295842505433703 -0.03445906726486225
1.310113299717129 0.01573616779257025
1.319325321241462 0.07043511651342027
0.000268091447411023 -0.001102156460115356
-3.623766604399226e-05 -0.0005564368955915944
4.00326220870717e-05 -0.0005499555898784703
0.0001085240159537371 -0.0005240383144247684
0.000163767224561906 -0.0004838050698851015
0.0002804151329030002 -0.0004277557620000483
0.6251290459929788 0.06806540328506572
1.236519480911696 -0.06271286262498932
1.249884349996111 -0.02046047253082922
1.259928567436109 0.02565933502178386
1.265667940274896 0.07512739725331341
-0.0008991849313323419 -0.001316891261627984
-3.20720204183278e-05 -0.0004884904511843202
2.666019146768672e-05 -0.0004853337325613771
8.021281762649046e-05 -0.0004681503740118775
0.0001253688313600509 -0.0004399625608971225
0.0001600438606446097 -0.0003802056062395809
0.675962375876941 0.06877286332946086
1.197447048467218 -0.04991429554377153
1.207243756574528 -0.01038106057132865
1.214064963279986 0.03216256717065558
1.217203853676617 0.07726280353456116
-0.002338110838407403 0.0008505469295860824
-2.738145784297874e-05 -0.0004354890510670506
1.816543012123084e-05 -0.0004351264035561964
6.062778942916847e-05 -0.0004234065461906633
9.760003824965668e-05 -0.0004031690031781054
0.0001182997350656079 -0.000376379215290934
0.7216785432220915 0.06423896017698472
1.160610920877725 -0.04039411076956023
1.167581044299105 -0.003348764443646901
1.171906525729283 0.03607027101745541
1.173061958034731 0.07746896403731784
0.005309417724160714 0.003217772588397283
-2.127580726674072e-05 -0.0003952242190798927
1.266167102276228e-05 -0.0003954788250170593
4.671581968929139e-05 -0.0003872848453945199
7.70888799456193e-05 -0.0003724144685648412
0.0001021667817082683 -0.0003565483888402499
0.761537097926851 0.05813103084818017
1.125861201936903 -0.03351336078355682
1.130567526495845 0.001283516868484713
1.132932756337779 0.03797532669246129
1.132561994589626 0.07621802747425421
1.127184775030952 0.1140962719283534
-1.792263783728654e-05 -0.0003674221099401742
9.044634382227024e-06 -0.0003637739752850311
3.659483534834695e-05 -0.0003579195271845026
6.16156374279031e-05 -0.0003467502279914103
8.525569237260999e-05 -0.000331548910892876
0.7974170336692441 0.05410106618004251
1.093026855551205 -0.02877756249070168
1.095900248412583 0.004001752272371539
1.096705216657481 0.03831191751617924
1.095143123255157 0.07385412356832899
1.091279272197156 0.1092781053556505
-2.414548055118537e-05 -0.0003424515432874919
6.654031124986304e-06 -0.0003381873315658757
2.906889935649914e-05 -0.0003339300702852044
4.970445137020274e-05 -0.0003253661906084671
6.795857376107328e-05 -0.0003119522475841241
-0.002282695533950441 0.002742396338452302
1.06193324092463 -0.02580178023383795
1.063306406841229 0.005175070673526627
1.062853746480468 0.03740308650970714
1.06034690179186 0.07062331077245598
1.056057775416598 0.1046010130523667
-2.622809516583668e-05 -0.0003018180249808045
5.093488758101117e-06 -0.0003174255287505257
2.335972683775722e-05 -0.0003142887744265188
4.035627362719563e-05 -0.0003075928837350528
5.464673086141847e-05 -0.0002977616302740627
-0.001653007789841676 -0.0009438449906136182
1.032411121152058 -0.02428454417643616
1.032542956838775 0.005086727543367586
1.03106416220686 0.03549246532200423
1.027798255049079 0.06670722534312101
1.022583573398605 0.0986524312918845
1.74487849002869e-05 -0.0002681648394645131
4.113252527693234e-06 -0.0003005800063552999
1.894826187953669e-05 -0.0002982294191669621
3.287785423000678e-05 -0.0002928930198470847
4.539734786701555e-05 -0.0002856073476795729
7.454694692210495e-05 -0.001714310703010313
1.004300896903605 -0.02398846129692683
1.00339415499031 0.003955970366843586
1.001067878577121 0.03276585065092408
0.9971847972636804 0.06224350928140376
0.9915620897506114 0.09215893164505773
6.78872194339597e-05 -0.0003379881812106134
3.510861367406193e-06 -0.0002869936171075449
1.548043154897538e-05 -0.0002851812747431404
2.677626536728983e-05 -0.0002808447473771625
3.767941471188863e-05 -0.0002742360055587034
0.00161679205325449 -0.0005943022554732447
0.9774541529390742 -0.0247257956066374
0.9756683446412108 0.001953659818742515
0.9726333546773714 0.02936617367445549
0.9682421053621866 0.05733707565432655
0.962408373300526 0.0856370705096422
-8.959825785859188e-05 -0.0004577395540919516
3.121417566309681e-06 -0.0002760866075447455
1.270442812417727e-05 -0.0002747153829796289
2.169286435738105e-05 -0.0002711192105036564
2.997232066759281e-05 -0.0002648399805981749
3.927028003480881e-05 0.001617313559311828
0.9517337686272748 -0.02634772082470621
0.9491946471960846 -0.0007864714169297793
0.9455591102453007 0.02540401864627451
0.9407436782429697 0.05206803757019884
0.934696747320751 0.07902827188398232
-0.0004513893554238813 -0.000156945511724238
3.049331859239501e-06 -0.0002673558447587876
1.044439714503742e-05 -0.0002665213865372662
1.736307550137539e-05 -0.0002634722888092966
2.304452067514173e-05 -0.0002584963614760682
-0.001500997044603825 -0.0002074572623616544
0.9270132483538793 -0.02873628582223803
0.923819817849913 -0.004159620632092131
0.9196680191477832 0.02096513278241174
0.9144931428917569 0.04649774427077724
0.908247671244005 0.07228796911852109
0.0002382202988172599 0.00083302690937892
3.618363546675774e-06 -0.0002608698860718794
8.568620056159659e-06 -0.0002603766127158846
1.358344337742956e-05 -0.0002577267009640782
1.816930759401814e-05 -0.0002541780050789866
-0.0006016963449451129 -0.001781794264570036
0.9031756736108902 -0.03179839740559454
0.8994053823167 -0.008083912363762769
0.8948026181795914 0.01611583397312355
0.8893179294144548 0.04067309609753567
0.8829120360287518 0.06544861353272224
0.00176905905903435 -0.0007429074126837354
4.232005300086605e-06 -0.000257333945167304
6.977881720993118e-06 -0.0002561351160625391
1.019050021622281e-05 -0.000253765002805495
1.43838964787868e-05 -0.0002497652381602822
0.0017596825021301 -0.002326371177556907
0.880112482885994 -0.03546132474868807
0.8758250625320936 -0.01249599029247384
0.8708212078597132 0.01090692943374649
0.8650641874722054 0.03462956845829168
0.8585263173514477 0.05854268773352844
0.8517061460126942 0.08077743500796375
2.894320760282731e-06 -0.0002556996646612131
5.59317878434662e-06 -0.0002537146114578448
7.046806689170459e-06 -0.0002515249523071805
8.548965258925456e-06 -0.0002457294925237163
1.042492836739866 -0.06812208190033714
0.8577222050692321 -0.03966936393895548
0.8529624744538286 -0.01734779785819252
0.8475945595460159 0.005376545404992439
0.8415926581619519 0.02839337247119134
0.8349384230871447 0.05158302905040846
0.8287046926835555 0.07485514339985844
1.046001488202997e-06 -0.0002516204633155605
4.35009424926136e-06 -0.0002530932863343271
4.031151930816712e-06 -0.0002509968320406619
4.564282523045193e-07 -0.0002467253371076783
1.058775076184609 -0.08667218194023546
0.8359091938647849 -0.04438141237185689
0.8307090546136064 -0.02260426473948973
0.8250030789839973 -0.0004478557819173612
0.8187752065088693 0.0219829976282232
0.8120143036188033 0.04457539044604408
0.8046627557868337 0.06779036499739499
7.722638755147671e-06 -0.0002470139805949012
3.191519358014538e-06 -0.0002543140175720326
1.030671287205465e-06 -0.000252221470518732
-2.166666399516792e-06 -0.0002543289016800343
1.074346619442617 -0.1015206975872273
0.8145823947245763 -0.04956927931307786
0.808962161576758 -0.02824171000599485
0.8029342980334194 -0.006548091773363296
0.7964918110848097 0.01541027416340723
0.789630280739101 0.03752428554945897
0.7820838942375558 0.05966643635021318
2.109212919754189e-05 -0.0002601065139845593
2.053763282217069e-06 -0.0002574850324841838
-2.079070368532498e-06 -0.0002552884499870678
6.28603828023433e-06 -0.0002543532181016328
1.089959544106659 -0.1161023295085926
0.7936541481132299 -0.05521661767596825
0.787623306829995 -0.03424684588250498
0.7812805818521246 -0.01291439819738655
0.7746278456730246 0.008681040675175833
0.7676674820916014 0.03043185066129794
0.7603919018181973 0.05209303707543766
6.517032310582316e-06 -0.000290837117442988
8.601549424946953e-07 -0.0002627734781004976
-5.450776261683998e-06 -0.0002603607632975513
-1.775351829214067e-06 -0.0002288330279986428
1.104973240487912 -0.1311199284961714
0.7730390291825522 -0.06131840703653585
0.7665964718467198 -0.04061630177068248
0.7599369677727501 -0.01954502413773151
0.753071525479898 0.001795456461887723
0.7460095529014661 0.02329678847247363
0.7388293823207586 0.04483173021028353
-4.193417780862241e-05 -0.0002760854452168449
-4.505645491148513e-07 -0.000270413634530231
-9.242362500772039e-06 -0.0002677086286863029
-8.006667606141882e-05 -0.0002332807709076179
1.118990538003362 -0.1462126900804914
0.752652714202231 -0.06788097861222547
0.7457864396876023 -0.04735666758244439
0.7387990169403766 -0.02644626175118053
0.7317113775885585 -0.005251993153268908
0.7245405133648104 0.01611457860073517
0.7173085723135357 0.0375753220873134
-1.012720053272798e-05 -0.0001938608584191592
-1.928997688471767e-06 -0.0002807913397689377
-1.3574849634157e-05 -0.0002776574375545349
-0.0001208212180675572 -0.0004202485890420493
1.132313451149183 -0.1611340278036663
0.7324108746780157 -0.07492258567655291
0.7250971229379932 -0.05448505625408007
0.7177606170653607 -0.03363293648540927
0.7104336116285372 -0.01247284827663364
0.7031418070198384 0.008877643697262516
0.6958793356787789 0.03030071420866154
0.0001507988776178193 -0.0002481696626251972
-3.729802597551846e-06 -0.0002944930464254258
-1.868700320617478e-05 -0.0002904033470705336
0.0003268366683762958 -0.000661374306764051
1.145159790067799 -0.1759742462088527
0.7122281034511794 -0.08247459601718143
0.7044298219143461 -0.06203027675780587
0.6967116134558905 -0.04112942718447565
0.6891192377543227 -0.01988541693189178
0.681688909303698 0.001574991861505004
0.6744390398806537 0.02310121144774568
0.0001118025263698863 -0.0005140110390465247
-6.17385286827421e-06 -0.0003121813551532626
-2.567733935288086e-05 -0.0003063132798302726
0.002060844365147418 0.001178205402015076
1.157622670654987 -0.1908049823172214
0.6920168976965935 -0.09058341321560026
0.6836813792988471 -0.07003473496966062
0.6755351725754934 -0.04897134255606578
0.667640761693831 -0.02751601647223234
0.660047555845146 -0.005808514699546852
0.6527972607083213 0.01599474051171956
-0.0002657851710102799 -0.0005367016766237853
-9.505042720237e-06 -0.0003345782000901409
-3.619821565992165e-05 -0.0003283858234839898
1.185702015992439 -0.1942848192568702
1.169803025805066 -0.205668447353043
0.671686750950247 -0.09931332141902099
0.6627422009873538 -0.07855729110413423
0.654104736361021 -0.05720806683168989
0.6458582282566014 -0.03540088897227295
0.6380692137949966 -0.01329319176585386
0.6307846290817463 0.008947586799062934
-0.0003416411248958751 6.054286796575159e-05
-1.379416405777878e-05 -0.0003629830703086312
-4.405403049334566e-05 -0.0003629908526583958
1.196784997973212 -0.208879098078294
1.181818513269921 -0.2206270636362853
0.6511434849670191 -0.1087505092457301
0.6414941448646618 -0.08767738550678195
0.632280428438451 -0.06590650877784793
0.6236143187707951 -0.04358906190461326
0.6155852832673003 -0.02090604701032867
0.6082471936160699 0.001941899702111338
0.0006164011237647093 4.431632314283451e-05
-1.964055692382782e-05 -0.0003996523703045929
-2.511105029323613e-05 -0.0003896414681206495
1.208919851304605 -0.2236581447062694
1.193787912832594 -0.2357718393300714
0.6302890039156195 -0.1190086820801763
0.6198083044211536 -0.09750095294433109
0.6099047311232522 -0.07515659153159487
0.6007281135119537 -0.05214661955170136
0.5923994780448665 -0.02868312267853734
0.5849960675689924 -0.005013400564591985
0.0005969659159277274 -0.00104224345303916
-2.873380667378633e-05 -0.0004472094007462735
-4.950273999893007e-05 -0.0002858878987427316
1.221351979137059 -0.2388779003391434
1.205828942798613 -0.2512229085634828
0.6090219148337459 -0.1302367782557697
0.5975428729000452 -0.108168836586357
0.5867972445644164 -0.08507928346630445
0.5769869227742281 -0.06116309015018567
0.5682775040860432 -0.03667309460125912
0.5607821646032174 -0.01190985488144547
-0.0004931077844736453 -0.001381934526512585
-4.272831455043313e-05 -0.0005086854382441719
-0.0006953281790080812 -0.0003090196617976382
1.234081202228922 -0.2544623183170056
1.218058463934382 -0.267136454917272
0.5872396911821145 -0.1426295455579905
0.5745414517720615 -0.1198688382779795
0.5627483743616215 -0.09583850311281772
0.5521354199358779 -0.07076117664006509
0.5429327471015573 -0.04494289603393081
0.5352976845982238 -0.01875442548555017
-0.001349909296756158 -1.44810212864277e-05
-6.181119394155221e-05 -0.0005890282076235209
1.262315534161733 -0.2580033353927939
1.247331108070427 -0.2705564449380128
1.230589612988358 -0.2837156741138966
0.5648436693840686 -0.1564419311919157
0.5506326358377845 -0.1328530576524746
0.5375119154516408 -0.1076590034950113
0.5258609336780624 -0.08111187725475871
0.5160058253245263 -0.05358669139669492
0.5081680794125223 -0.02555971746544805
0.001109776751042846 0.0006267485288380392
-8.911928497579158e-05 -0.0006903223193449604
1.277669884956788 -0.2723694005554538
1.261296278836625 -0.2874401726130702
1.243525179532933 -0.3012251918547488
0.541749119051933 -0.1720084357762978
0.5256326179942835 -0.1474629714077082
0.5107969254719917 -0.1208536926523583
0.4977733520100455 -0.09245857247793754
0.4870345733592213 -0.06274069093203538
0.4789123898169234 -0.03233000779043987
0.001169955994079541 -0.001621102133943397
-0.0001703270130444245 -0.0008112213924765244
1.294306273263195 -0.2892132355220129
1.276156755216703 -0.30548067870546
1.256945105773692 -0.3200100907722129
0.517904328248616 -0.1897685397893583
0.4993543458992859 -0.1641657741859061
0.4822603660406379 -0.1358661118631854
0.4673776126132615 -0.1051565255240499
0.4554087554172653 -0.07260854062159267
0.4468737727810902 -0.03906458000298008
-0.0003685418835781551 -0.002326765811431097
-0.0004402605677160665 -0.001155378830504428
1.31209350704918 -0.3075321192081544
1.29208334415008 -0.3251714345141872
1.27088365584899 -0.3405204004281099
0.4933254874351873 -0.2102985135252726
0.4716303632201451 -0.1836066885706265
0.4515047289712777 -0.1533375771723009
0.4340365993558257 -0.1197397507691244
0.4202997720559893 -0.08350672651717467
0.4111276775219927 -0.04578014745498044
-0.001365897809339045 -0.001206505825774584
-0.0002144697351829095 -0.002638432076168207
1.331867612506619 -0.3278390940399715
1.309208078961184 -0.3471898868513822
1.285288696068895 -0.3633404960121033
0.4681586854310331 -0.2343471288995017
0.4423635367374415 -0.2066824656042098
0.4180915643636816 -0.1742146007649911
0.3969236562389195 -0.1370381804604278
0.3805483385962345 -0.0959498697382653
0.3703502489125714 -0.05253690396617344
0.0003375555669661301 -0.0007394979981102945
1.376043793405164 -0.3243925999216868
1.354069919460217 -0.3512519360298924
1.327559573648711 -0.3724709519633215
1.299950869748776 -0.3892189631364824
0.442786636621979 -0.2628651651062095
0.4116333534662356 -0.2346382966888746
0.3815981046729738 -0.1999209870454172
0.3549711959904474 -0.1583903386033446
0.3344801051788284 -0.1108203827567629
0.3225755828703351 -0.05945645590301557
0.0006818155528197645 -0.003139265599179653
1.408410082792275 -0.3491795339509295
1.378999560636729 -0.3793268275047669
1.346933714501883 -0.4022979752894408
1.314384589829318 -0.4190847014225644
0.4180035599905353 -0.2970005588644598
0.3799092363334953 -0.2691754159262094
0.3417831460367001 -0.2326269905656753
0.3068492852592691 -0.1860421707990341
0.2795976012621526 -0.1297288624195897
0.2646712539950824 -0.06676435464794456
-0.0007163032356866106 -0.005414310013936163
1.44455825827737 -0.3801953088067382
1.40666896522467 -0.4143931175527574
1.366642173337846 -0.4383880129166863
1.327639681386423 -0.4540132282500911
0.3952766238161416 -0.3379940017156587
0.3484559954421523 -0.3125074440110119
0.2990182785752198 -0.2756340366045289
0.2511034424531176 -0.2239108812923031
0.2120720899120669 -0.1558390685694314
0.1911723695634201 -0.07503011223396516
-0.0002533224046731286 -0.008658157711477876
1.487755254638637 -0.4218379020393325
1.436242360817183 -0.4599357484690827
1.385053062310803 -0.482882198584815
1.338036417488465 -0.4950657772809161
0.3770660356286007 -0.3868499658386658
0.3200305627024144 -0.3671719856322215
0.2553250061214792 -0.3337693715819455
0.1869029127712326 -0.2790253556583353
0.1260049665334113 -0.1959191197311257
0.0916632146712032 -0.086200211542872
1.601287217053721 -0.4033788630534736
1.537899030906823 -0.4824293508357547
1.464767291519594 -0.5208353620931925
1.398855275000249 -0.5379945172850501
1.342884349783984 -0.5428668683462609
0.3670266478922015 -0.4436136234733203
0.2998242987364427 -0.4351357018984926
0.2165987778603508 -0.4131551556189695
0.1168885057231547 -0.3638814686154275
0.01308696622151306 -0.2658845489163214
-0.05521285903935225 -0.1075220630242539
1.710573102709382 -0.4958792802199105
1.589556515267586 -0.5754806864784627
1.484696918123749 -0.6025720439467831
1.402222127611776 -0.6048032225228649
1.338426164912376 -0.5967759775683474
0.3696248952763665 -0.5062224215589002
0.2959268780253388 -0.5154921753236995
0.1961508685044052 -0.5181606305759827
0.05630955031474671 -0.4977066880316052
-0.1316403548084581 -0.4064878167952851
-0.2968168766010275 -0.1658664222670363
1.830833370373115 -0.6676995689637613
1.621134818868822 -0.7187258303816724
1.480747021361814 -0.706827829811548
1.386894892312276 -0.6806085363734425
1.320530293754014 -0.6537472312308121
0.3885401777257111 -0.5695227855610461
0.3171629139794971 -0.600950292550724
0.2153686405160565 -0.6416492960797648
0.05263368340896046 -0.6913769211400667
-0.2560760103996611 -0.7163127122743982
-0.7583191002231835 -0.3744217433159317
1.882189187192381 -1.017758348831973
1.577933242378347 -0.910631243237872
1.432113038843388 -0.8205745214776361
1.345494055661697 -0.7557464272216143
1.286646542688433 -0.7077038549253977
0.4240429318869132 -0.625937952739373
0.3664346084381609 -0.6770344082851582
0.2882905136066711 -0.7538167974758589
0.1715580419799118 -0.8846657808267034
-0.03821734960988254 -1.175937102460858
1.075028672060969 -4.495976137768599
1.528682923151909 -1.414808144932434
1.409231816084198 -1.06772099831027
1.332506873624018 -0.9090278583821296
1.27880157084129 -0.8146920073265356
1.238368670967136 -0.7509593670789702
0.4715296167158368 -0.6686467309707929
0.4348909755245846 -0.7296198107979883
0.3956589212577175 -0.8196801873148913
0.3646609550386888 -0.9634259173502713
0.400408278339318 -1.205855804533821
0.7164056355084649 -1.46112252558911
1.094710115138968 -1.311190133814024
1.200244318033499 -1.08880521707102
1.211568328532616 -0.9422679182464124
1.199547107372549 -0.8456426702598966
1.182043228077216 -0.777915167489444
0.5234681717764658 -0.6950145031118302
0.5069545742256656 -0.7550170172853634
0.4997954520084218 -0.8361113859895388
0.5182615362681666 -0.9445124107565843
0.5965894727219865 -1.071817750005148
0.7627603787375564 -1.156241741760195
0.946493414165527 -1.12477629799334
1.058691650201714 -1.026168939968416
1.10771297633176 -0.9282314240901179
1.124204634980416 -0.8492781439177297
1.125796173893872 -0.787989364734767
0.5731921594164407 -0.7069399465110593
0.5711135522434324 -0.7595545259614797
0.5816283121907537 -0.8238296872085241
0.6149896950560622 -0.8973955637321367
0.6829835566444995 -0.9676374354727733
0.7851803737020354 -1.008392269588979
0.8947894105585646 -0.9998079450210708
0.9803005902678165 -0.9529543128969917
1.033573240746158 -0.8928312220567829
1.062271933011576 -0.8350497111224235
1.075618879818659 -0.7848572870036132
0.6170029905113813 -0.7084953934093909
0.6234159098539356 -0.7519316609810189
0.6412234942975688 -0.8005979318634453
0.6754277201537116 -0.8505576168025597
0.7292160904228113 -0.8932866178084227
0.7990574639957108 -0.9172450232544431
0.8727898120012861 -0.9152320389993608
0.9366619834064702 -0.8905722549621895
0.983910451622322 -0.8532995697782397
1.015119793245719 -0.8125308548543972
1.033968860494209 -0.7734911760194237
0.6538595899765891 -0.7036524829856444
0.6645148800021179 -0.7385986793131922
0.6842166069653428 -0.7752308452471599
0.7151103034381534 -0.810221408430842
0.7575966971105786 -0.8384195193755632
0.8087140823142218 -0.8542423340441477
0.8621628652632486 -0.8545205406863702
0.9109898714187246 -0.8404484775551473
0.9507322795774449 -0.8165112947470547
0.9802818415430692 -0.7877628169735267
1.000739118791263 -0.7580104612324519
