1.508170068785451 -0.5022988477794219
5.88640247656258e-13 1.979527652906654e-13
5.769829058976939e-13 2.239319840668941e-13
5.796474411567942e-13 2.592370762499741e-13
5.689893001203927e-13 2.794431352981519e-13
5.614397835529417e-13 3.076428001236309e-13
5.426770144367765e-13 3.30069305221059e-13
5.369038547087257e-13 3.468336728928989e-13
5.294653604437372e-13 3.730349362740526e-13
5.224709553885987e-13 3.790301406070284e-13
5.025979632478084e-13 4.028999356364693e-13
5.514477763313153e-13 1.720845688168993e-13
5.598854713184664e-13 1.971756091734278e-13
5.542233338928781e-13 2.238209617644316e-13
5.521139101460903e-13 2.493560913308102e-13
5.432321259490891e-13 2.706723734036132e-13
5.307976280732873e-13 2.959854583650667e-13
5.259126467649367e-13 3.164135620181696e-13
5.215827769688985e-13 3.380629109983602e-13
5.162537064506978e-13 3.512745649913995e-13
5.014877402231832e-13 3.76143560743003e-13
4.863887070882811e-13 3.936850845320805e-13
5.296874050486622e-13 1.669775429036235e-13
5.255795798575491e-13 1.928457393773897e-13
5.220268661787486e-13 2.252642516964443e-13
5.18030063290098e-13 2.455813330470846e-13
5.185851748024106e-13 2.677857935395878e-13
5.092593013955593e-13 2.944311461305915e-13
5.07260899951234e-13 3.115285807098189e-13
5.03597163969971e-13 3.329558850850844e-13
4.992672941739329e-13 3.490541189421492e-13
4.914957330015568e-13 3.642641743795139e-13
4.75397499144492e-13 3.799183190267286e-13
4.971578704271451e-13 1.669775429036235e-13
5.115907697472721e-13 1.963984530561902e-13
4.937161790508071e-13 2.183808689437683e-13
5.034861416675085e-13 2.452482661396971e-13
4.983791157542328e-13 2.686739719592879e-13
4.927169783286445e-13 2.875477633779155e-13
4.93050045236032e-13 3.095301792654936e-13
4.867217739956686e-13 3.30069305221059e-13
4.838351941316432e-13 3.380629109983602e-13
4.795053243356051e-13 3.608224830031759e-13
4.759526106568046e-13 3.700373341075647e-13
4.626299343613027e-13 1.600941601509476e-13
4.739542092124793e-13 1.971756091734278e-13
4.787281682183675e-13 2.160494005920555e-13
4.800604358479177e-13 2.453592884421596e-13
4.733990977001667e-13 2.666755705149626e-13
4.755085214469545e-13 2.807754029277021e-13
4.763966998666547e-13 3.05311331771918e-13
4.631850458736153e-13 3.197442310920451e-13
4.679590048795035e-13 3.3673064336881e-13
4.657385588302532e-13 3.484990074298366e-13
4.57300863843102e-13 3.675948434533893e-13
4.39870362356487e-13 1.727507026316744e-13
4.508615703002761e-13 1.971756091734278e-13
4.57522908448027e-13 2.178257574314557e-13
4.561906408184768e-13 2.389199948993337e-13
4.498623695781134e-13 2.662314813051125e-13
4.570788192381769e-13 2.816635813474022e-13
4.449773882697627e-13 2.992051051364797e-13
4.487521465534883e-13 3.176348073452573e-13
4.477529458313256e-13 3.304023721284466e-13
4.495293026707259e-13 3.516076318987871e-13
4.428679645229749e-13 3.661515535213766e-13
4.212186155427844e-13 1.824096429459132e-13
4.265476860609851e-13 2.000621890374532e-13
4.283240429003854e-13 2.240430063693566e-13
4.335420911161236e-13 2.468025783741723e-13
4.347633364432113e-13 2.621236561139995e-13
4.36206626375224e-13 2.80109269112927e-13
4.312106227644108e-13 2.989830605315547e-13
4.318767565791859e-13 3.183009411600324e-13
4.334310688136611e-13 3.305133944309091e-13
4.263256414560601e-13 3.451683383559612e-13
4.2588155224621e-13 3.603783937933258e-13
3.947953075567057e-13 1.942890293094024e-13
4.034550471487819e-13 1.989519660128281e-13
4.156675004196586e-13 2.310374114244951e-13
4.175548795615214e-13 2.4846791291111e-13
4.144462550925709e-13 2.619016115090744e-13
4.124478536482457e-13 2.806643806252396e-13
4.213296378452469e-13 3.04867242562068e-13
4.285460875053104e-13 3.139710713639943e-13
4.156675004196586e-13 3.291811268013589e-13
4.269917752708352e-13 3.433919815165609e-13
4.218847493575595e-13 3.523847880160247e-13
3.850253449400043e-13 2.005062782473033e-13
3.822497873784414e-13 2.212674488077937e-13
3.934630399271555e-13 2.302602553072575e-13
3.922417946000678e-13 2.456923553495471e-13
3.995692665625938e-13 2.723377079405509e-13
3.965716643961059e-13 2.853273173286652e-13
4.034550471487819e-13 3.007594173709549e-13
4.094502514817577e-13 3.140820936664568e-13
4.016786903093816e-13 3.280709037767338e-13
3.97459842815806e-13 3.479438959175241e-13
3.995692665625938e-13 3.644862189844389e-13
3.65152352799214e-13 2.065014825802791e-13
3.725908470642025e-13 2.23265850252119e-13
3.719247132494274e-13 2.429167977879843e-13
3.818056981685913e-13 2.498001805406602e-13
3.808064974464287e-13 2.735589532676386e-13
3.869127240818671e-13 2.819966482547898e-13
3.896882816434299e-13 2.976507929020045e-13
3.856914787547794e-13 3.098632461728812e-13
3.786970736996409e-13 3.288480598939714e-13
3.939071291370055e-13 3.461675390781238e-13
3.9013237085328e-13 3.601563491884008e-13
3.544942117628125e-13 2.152722444748179e-13
3.566036355096003e-13 2.274846977456946e-13
3.657074643115266e-13 2.453592884421596e-13
3.705924456198773e-13 2.547961841514734e-13
3.766986722553156e-13 2.677857935395878e-13
3.69038133385402e-13 2.916555885690286e-13
3.781419621873283e-13 3.013145288832675e-13
3.76143560743003e-13 3.15414361296007e-13
3.717026686445024e-13 3.33288951992472e-13
3.763656053479281e-13 3.503863865716994e-13
3.751443600208404e-13 3.640421297745888e-13
3.368416656712725e-13 2.281508315604697e-13
3.389510894180603e-13 2.352562589180707e-13
3.486100297322992e-13 2.463584891643222e-13
3.597122599785507e-13 2.617905892066119e-13
3.581579477440755e-13 2.744471316873387e-13
3.534950110406498e-13 2.894351425197783e-13
3.591571484662381e-13 3.061995101916182e-13
3.597122599785507e-13 3.198552533945076e-13
3.564926132071378e-13 3.249622793077833e-13
3.64930308194289e-13 3.446132268436486e-13
3.606004383982508e-13 3.613775945154885e-13
3.267386361471836e-13 2.333688797762079e-13
3.267386361471836e-13 2.455813330470846e-13
3.400613124426854e-13 2.486899575160351e-13
3.301803275235216e-13 2.629008122312371e-13
3.416156246771607e-13 2.799982468104645e-13
3.51385587293862e-13 2.876587856803781e-13
3.468336728928989e-13 3.01203506580805e-13
3.415046023746982e-13 3.159694728083196e-13
3.458344721707363e-13 3.279598814742712e-13
3.393951786279104e-13 3.47277762102749e-13
3.441691376337985e-13 3.631539513548887e-13
3.202993426043577e-13 2.393640841091838e-13
3.238520562831582e-13 2.526867604046856e-13
3.275157922644212e-13 2.557953848736361e-13
3.358424649491099e-13 2.676747712371252e-13
3.358424649491099e-13 2.770006446439766e-13
3.328448627826219e-13 2.94320123828129e-13
3.197442310920451e-13 3.000932835561798e-13
3.311795282456842e-13 3.100852907778062e-13
3.256284131225584e-13 3.275157922644212e-13
3.251843239127084e-13 3.482769628249116e-13
3.274047699619587e-13 3.629319067499637e-13
3.19300141882195e-13 2.381428387820961e-13
3.153033389935445e-13 2.507993812628229e-13
3.22519788653608e-13 2.549072064539359e-13
3.209654764191328e-13 2.657873920952625e-13
3.201883203018951e-13 2.776667784587517e-13
3.220756994437579e-13 2.903233209394784e-13
3.239630785856207e-13 2.944311461305915e-13
3.209654764191328e-13 3.114175584073564e-13
3.143041382713818e-13 3.339550858072471e-13
3.116396030122814e-13 3.375077994860476e-13
3.109734691975063e-13 3.58491014651463e-13
3.135269821541442e-13 2.489120021209601e-13
3.145261828763068e-13 2.486899575160351e-13
3.094191569630311e-13 2.586819647376615e-13
3.143041382713818e-13 2.646771690706373e-13
3.094191569630311e-13 2.776667784587517e-13
3.084199562408685e-13 2.811084698350896e-13
3.006483950684924e-13 2.954303468527542e-13
2.972067036921544e-13 3.101963130802687e-13
2.989830605315547e-13 3.262945469373335e-13
2.929878561985788e-13 3.346212196220222e-13
2.875477633779155e-13 3.529398995283373e-13
3.068656440063933e-13 2.517985819849855e-13
3.030908857226677e-13 2.491340467258851e-13
3.08753023148256e-13 2.583488978302739e-13
3.093081346605686e-13 2.632338791386246e-13
2.992051051364797e-13 2.745581539898012e-13
2.934319454084289e-13 2.842170943040401e-13
2.930988785010413e-13 2.918776331739537e-13
2.918776331739537e-13 3.055333763768431e-13
2.856603842360528e-13 3.197442310920451e-13
2.777778007612142e-13 3.295141937087465e-13
2.758904216193514e-13 3.488320743372242e-13
2.956523914576792e-13 2.440270208126094e-13
3.01203506580805e-13 2.473576898864849e-13
2.995381720438672e-13 2.567945855957987e-13
2.925437669887287e-13 2.602362769721367e-13
2.960964806675292e-13 2.687849942617504e-13
2.853273173286652e-13 2.797762022055394e-13
2.799982468104645e-13 2.936539900133539e-13
2.707833957060757e-13 2.972067036921544e-13
2.655653474903374e-13 3.11972669919669e-13
2.577937863179613e-13 3.255173908200959e-13
2.515765373800605e-13 3.395062009303729e-13
3.000932835561798e-13 2.375877272697835e-13
2.955413691552167e-13 2.419175970658216e-13
2.965405698773793e-13 2.483568906086475e-13
2.856603842360528e-13 2.596811654598241e-13
2.744471316873387e-13 2.629008122312371e-13
2.715605518233133e-13 2.79887224508002e-13
2.725597525454759e-13 2.866595849582154e-13
2.633449014410871e-13 2.988720382290921e-13
2.625677453238495e-13 3.093081346605686e-13
2.493560913308102e-13 3.212985433265203e-13
2.422506639732092e-13 3.351763311343348e-13
2.896571871247033e-13 2.314815006343451e-13
2.913225216616411e-13 2.358113704303832e-13
2.855493619335903e-13 2.459143999544722e-13
2.742250870824137e-13 2.496891582381977e-13
2.680078381445128e-13 2.603472992745992e-13
2.718936187307008e-13 2.704503287986881e-13
2.639000129533997e-13 2.712274849159257e-13
2.55573340268711e-13 2.882138971926906e-13
2.446931546273845e-13 3.002043058586423e-13
2.462474668618597e-13 3.11972669919669e-13
2.360334150353083e-13 3.219646771412954e-13
2.829958489769524e-13 2.219335826225688e-13
2.783329122735267e-13 2.352562589180707e-13
2.725597525454759e-13 2.41362485553509e-13
2.69784194983913e-13 2.510214258677479e-13
2.635669460460122e-13 2.533528942194607e-13
2.563504963859486e-13 2.662314813051125e-13
2.542410726391608e-13 2.722266856380884e-13
2.449151992323095e-13 2.83550960489265e-13
2.415845301584341e-13 2.944311461305915e-13
2.343680804983705e-13 3.006483950684924e-13
2.299271883998699e-13 3.105293799876563e-13
2.876587856803781e-13 2.164934898019055e-13
2.779998453661392e-13 2.245981178816692e-13
2.681188604469753e-13 2.395861287141088e-13
2.565725409908737e-13 2.391420395042587e-13
2.567945855957987e-13 2.48245868306185e-13
2.535749388243858e-13 2.641220575583247e-13
2.44804176929847e-13 2.666755705149626e-13
2.394751064116463e-13 2.728928194528635e-13
2.322586567515827e-13 2.884359417976157e-13
2.225997164373439e-13 2.996491943463298e-13
2.05613304160579e-13 3.0142555118573e-13
2.703393064962256e-13 2.091660178393795e-13
2.721156633356259e-13 2.213784711102562e-13
2.640110352558622e-13 2.284838984678572e-13
2.581268532253489e-13 2.329247905663578e-13
2.451372438372346e-13 2.416955524608966e-13
2.384759056894836e-13 2.494671136332727e-13
2.355893258254582e-13 2.572386748056488e-13
2.37920794177171e-13 2.69784194983913e-13
2.169375790117556e-13 2.809974475326271e-13
2.186029135486933e-13 2.87214696470528e-13
2.059463710679665e-13 2.917666108714911e-13
2.705613511011506e-13 1.986188991054405e-13
2.601252546696742e-13 2.077227279073668e-13
2.552402733613235e-13 2.173816682216057e-13
2.475797344914099e-13 2.329247905663578e-13
2.330358128688204e-13 2.327027459614328e-13
2.277067423506196e-13 2.424727085781342e-13
2.278177646530821e-13 2.505773366578978e-13
2.206013149930186e-13 2.650102359780249e-13
2.083888617221419e-13 2.672306820272752e-13
2.008393451546908e-13 2.765565554341265e-13
1.904032487232143e-13 2.886579864025407e-13
2.592370762499741e-13 1.927347170749272e-13
2.466915560717098e-13 2.045030811359538e-13
2.395861287141088e-13 2.102762408640046e-13
2.381428387820961e-13 2.202682480856311e-13
2.363664819426958e-13 2.274846977456946e-13
2.229327833447314e-13 2.378097718747085e-13
2.09054995536917e-13 2.442490654175344e-13
2.101652185615421e-13 2.557953848736361e-13
2.025046796916286e-13 2.634559237435496e-13
1.864064458345638e-13 2.717825964282383e-13
1.895150703035142e-13 2.737809978725636e-13
2.552402733613235e-13 1.84519066692701e-13
2.435829316027593e-13 1.956212969389526e-13
2.312594560294201e-13 2.134958876354176e-13
2.257083409062943e-13 2.142730437526552e-13
2.192690473634684e-13 2.243760732767441e-13
2.157163336846679e-13 2.325917236589703e-13
2.079447725122918e-13 2.460254222569347e-13
2.017275235743909e-13 2.529088050096107e-13
1.941780070069399e-13 2.563504963859486e-13
1.851852005074761e-13 2.635669460460122e-13
1.838529328779259e-13 2.698952172863756e-13
2.371436380599334e-13 1.780797731498751e-13
2.335909243811329e-13 1.87960758069039e-13
2.250422070915192e-13 1.996180998276031e-13
2.177147351289932e-13 2.106093077713922e-13
2.174926905240682e-13 2.23709939461969e-13
2.038369473211787e-13 2.304822999121825e-13
2.012834343645409e-13 2.302602553072575e-13
1.882938249764265e-13 2.426947531830592e-13
1.821875983409882e-13 2.520206265899105e-13
1.77191594730175e-13 2.580158309228864e-13
1.807443084089755e-13 2.634559237435496e-13
2.23487894857044e-13 1.725286580267493e-13
2.139399768452677e-13 1.837419105754634e-13
2.147171329625053e-13 1.912914271429145e-13
2.05391259555654e-13 2.086109063270669e-13
1.966204976611152e-13 2.109423746787797e-13
1.973976537783528e-13 2.248201624865942e-13
1.935118731921648e-13 2.325917236589703e-13
1.832978213656133e-13 2.368105711525459e-13
1.884048472788891e-13 2.512434704726729e-13
1.777467062424876e-13 2.4802382370126e-13
1.755262601932372e-13 2.611244553918368e-13
2.159383782895929e-13 1.707523011873491e-13
2.069455717901292e-13 1.797451076868128e-13
2.076117056049043e-13 1.861844012296388e-13
2.045030811359538e-13 1.998401444325282e-13
1.945110739143274e-13 2.107203300738547e-13
1.861844012296388e-13 2.193800696659309e-13
1.822986206434507e-13 2.262634524186069e-13
1.745270594710746e-13 2.357003481279207e-13
1.761923940080123e-13 2.41140440948584e-13
1.743050148661496e-13 2.461364445593972e-13
1.628697177125105e-13 2.569056078982612e-13
1.935118731921648e-13 1.574296248918472e-13
1.951772077291025e-13 1.797451076868128e-13
1.838529328779259e-13 1.84741111297626e-13
1.822986206434507e-13 1.990629883152906e-13
1.862954235321013e-13 2.049471703458039e-13
1.84297022087776e-13 2.09277040141842e-13
1.717515019095117e-13 2.264854970235319e-13
1.779687508474126e-13 2.264854970235319e-13
1.683098105331737e-13 2.315925229368077e-13
1.588729148238599e-13 2.451372438372346e-13
1.697531004651864e-13 2.532418719169982e-13
1.811883976188255e-13 1.566524687746096e-13
1.785238623597252e-13 1.716404796070492e-13
1.790789738720377e-13 1.831867990631508e-13
1.84074977482851e-13 1.944000516118649e-13
1.686428774405613e-13 1.98285832198053e-13
1.713074126996617e-13 2.110533969812423e-13
1.663114090888484e-13 2.183808689437683e-13
1.530997550958091e-13 2.190470027585434e-13
1.667554982986985e-13 2.313704783318826e-13
1.532107773982716e-13 2.385869279919461e-13
1.518785097687214e-13 2.517985819849855e-13
1.694200335577989e-13 1.589839371263224e-13
1.749711486809247e-13 1.709743457922741e-13
1.756372824956998e-13 1.819655537360632e-13
1.704192342799615e-13 1.919575609576896e-13
1.665334536937735e-13 1.991740106177531e-13
1.686428774405613e-13 2.103872631664672e-13
1.578737141016973e-13 2.137179322403426e-13
1.579847364041598e-13 2.251532293939817e-13
1.562083795647595e-13 2.280398092580072e-13
1.610933608731102e-13 2.325917236589703e-13
1.528777104908841e-13 2.41362485553509e-13
1.569855356819971e-13 1.599831378484851e-13
1.544320227253593e-13 1.727507026316744e-13
1.569855356819971e-13 1.84074977482851e-13
1.578737141016973e-13 1.891820033961267e-13
1.548761119352093e-13 1.995070775251406e-13
1.567634910770721e-13 2.037259250187162e-13
1.472155730652958e-13 2.106093077713922e-13
1.566524687746096e-13 2.183808689437683e-13
1.469935284603707e-13 2.279287869555446e-13
1.472155730652958e-13 2.311484337269576e-13
1.478817068800709e-13 2.33812968986058e-13
1.45550238528358e-13 1.559863349598345e-13
1.484368183923834e-13 1.716404796070492e-13
1.501021529293212e-13 1.836308882730009e-13
1.478817068800709e-13 1.905142710256769e-13
1.505462421391712e-13 1.9506618542664e-13
1.479927291825334e-13 2.046141034384164e-13
1.55875312657372e-13 2.103872631664672e-13
1.414424133372449e-13 2.180478020363807e-13
1.413313910347824e-13 2.187139358511558e-13
1.439959262938828e-13 2.274846977456946e-13
1.413313910347824e-13 2.364775042451583e-13
1.297850715786808e-13 1.648681191568357e-13
1.386668557756821e-13 1.754152378907747e-13
1.383337888682945e-13 1.825206652483757e-13
1.377786773559819e-13 1.928457393773897e-13
1.424416140594076e-13 1.970645868709653e-13
1.495470414170086e-13 2.088329509319919e-13
1.383337888682945e-13 2.091660178393795e-13
1.398881011027697e-13 2.160494005920555e-13
1.469935284603707e-13 2.230438056471939e-13
1.425526363618701e-13 2.253752739989068e-13
1.310063169057685e-13 2.264854970235319e-13
1.201261312644419e-13 1.669775429036235e-13
1.277866701343555e-13 1.783018177548001e-13
1.300071161836058e-13 1.904032487232143e-13
1.295630269737558e-13 1.912914271429145e-13
1.41886502547095e-13 1.979527652906654e-13
1.404432126150823e-13 2.072786386975167e-13
1.370015212387443e-13 2.131628207280301e-13
1.335598298624063e-13 2.117195307960174e-13
1.386668557756821e-13 2.171596236166806e-13
1.284528039491306e-13 2.178257574314557e-13
1.226796442210798e-13 2.227107387398064e-13
1.179056852151916e-13 1.753042155883122e-13
1.200151089619794e-13 1.80633286106513e-13
1.273425809245055e-13 1.910693825379894e-13
1.31117339208231e-13 1.95288230031565e-13
1.398881011027697e-13 1.997291221300657e-13
1.258992909924928e-13 2.093880624443045e-13
1.388889003806071e-13 2.065014825802791e-13
1.367794766338193e-13 2.158273559871304e-13
1.332267629550188e-13 2.168265567092931e-13
1.256772463875677e-13 2.107203300738547e-13
1.222355550112297e-13 2.218225603201063e-13
1.10245146345278e-13 1.826316875508383e-13
1.164623952831789e-13 1.889599587912016e-13
1.268984917146554e-13 1.922906278650771e-13
1.272315586220429e-13 1.944000516118649e-13
1.254552017826427e-13 2.020605904817785e-13
1.233457780358549e-13 2.070565940925917e-13
1.294520046712933e-13 2.040589919261038e-13
1.407762795224698e-13 2.100541962590796e-13
1.318944953254686e-13 2.121636200058674e-13
1.268984917146554e-13 2.169375790117556e-13
1.160183060733289e-13 2.170486013142181e-13
9.880984919163893e-14 1.852962228099386e-13
1.080247002960277e-13 1.975086760808153e-13
1.130207039068409e-13 1.978417429882029e-13
1.23789867245705e-13 2.018385458768535e-13
1.292299600663682e-13 2.067235271852041e-13
1.284528039491306e-13 2.009503674571533e-13
1.294520046712933e-13 2.093880624443045e-13
1.252331571777177e-13 2.096101070492296e-13
1.215694211964546e-13 2.152722444748179e-13
1.157962614684038e-13 2.093880624443045e-13
1.20792265079217e-13 2.123856646107924e-13
9.769962616701378e-14 1.980637875931279e-13
1.058042542467774e-13 1.990629883152906e-13
1.123545700920658e-13 2.030597912039411e-13
1.155742168634788e-13 2.041700142285663e-13
1.175726183078041e-13 2.050581926482664e-13
1.241229341530925e-13 2.083888617221419e-13
1.212363542890671e-13 2.075006833024418e-13
1.35003119794419e-13 2.068345494876667e-13
1.285638262515931e-13 2.059463710679665e-13
1.272315586220429e-13 2.070565940925917e-13
1.204591981718295e-13 2.055022818581165e-13
9.281464485866309e-14 2.080557948147543e-13
1.09579012530503e-13 2.100541962590796e-13
1.144639938388536e-13 2.033928581113287e-13
1.17128529097954e-13 2.089439732344545e-13
1.20792265079217e-13 2.117195307960174e-13
1.2445600106048e-13 2.101652185615421e-13
1.332267629550188e-13 2.1271873151818e-13
1.251221348752551e-13 2.096101070492296e-13
1.318944953254686e-13 2.102762408640046e-13
1.252331571777177e-13 2.069455717901292e-13
1.256772463875677e-13 2.022826350867035e-13
9.436895709313831e-14 2.109423746787797e-13
1.023625628704394e-13 2.194910919683934e-13
1.083577672034153e-13 2.144950883575802e-13
1.186828413324292e-13 2.224886941348814e-13
1.217914658013797e-13 2.16160422894518e-13
1.290079154614432e-13 2.188249581536184e-13
1.30895294603306e-13 2.119415754009424e-13
1.326716514427062e-13 2.086109063270669e-13
1.321165399303936e-13 2.043920588334913e-13
1.31117339208231e-13 2.026157019940911e-13
1.222355550112297e-13 1.999511667349907e-13
8.959499808725013e-14 2.311484337269576e-13
1.036948304999896e-13 2.252642516964443e-13
1.042499420123022e-13 2.253752739989068e-13
1.222355550112297e-13 2.240430063693566e-13
1.229016888260048e-13 2.222666495299563e-13
1.241229341530925e-13 2.197131365733185e-13
1.298960938811433e-13 2.098321516541546e-13
1.354472090042691e-13 2.137179322403426e-13
1.277866701343555e-13 2.076117056049043e-13
1.284528039491306e-13 1.995070775251406e-13
1.34559030584569e-13 1.95288230031565e-13
9.048317650695026e-14 2.455813330470846e-13
9.803269307440132e-14 2.37698749572246e-13
1.133537708142285e-13 2.34035013590983e-13
1.210143096841421e-13 2.310374114244951e-13
1.292299600663682e-13 2.202682480856311e-13
1.338928967697939e-13 2.178257574314557e-13
1.355582313067316e-13 2.119415754009424e-13
1.373345881461319e-13 2.046141034384164e-13
1.424416140594076e-13 2.076117056049043e-13
1.423305917569451e-13 1.983968545005155e-13
1.443289932012704e-13 1.919575609576896e-13
9.492406860545088e-14 2.51465515077598e-13
1.041389197098397e-13 2.473576898864849e-13
1.186828413324292e-13 2.40918396343659e-13
1.283417816466681e-13 2.354783035229957e-13
1.334488075599438e-13 2.357003481279207e-13
1.372235658436693e-13 2.263744747210694e-13
1.422195694544826e-13 2.249311847890567e-13
1.491029522071585e-13 2.109423746787797e-13
1.574296248918472e-13 2.037259250187162e-13
1.484368183923834e-13 1.949551631241775e-13
1.456612608308205e-13 1.876276911616515e-13
1.016964290556643e-13 2.580158309228864e-13
1.140199046290036e-13 2.593480985524366e-13
1.227906665235423e-13 2.554623179662485e-13
1.357802759116566e-13 2.511324481702104e-13
1.376676550535194e-13 2.362554596402333e-13
1.456612608308205e-13 2.30149233004795e-13
1.52211576676109e-13 2.249311847890567e-13
1.528777104908841e-13 2.158273559871304e-13
1.502131752317837e-13 2.05835348765504e-13
1.574296248918472e-13 1.956212969389526e-13
1.553202011450594e-13 1.876276911616515e-13
1.062483434566275e-13 2.753353101070388e-13
1.191269305422793e-13 2.635669460460122e-13
1.201261312644419e-13 2.62456723021387e-13
1.429967255717202e-13 2.517985819849855e-13
1.449951270160454e-13 2.4802382370126e-13
1.494360191145461e-13 2.418065747633591e-13
1.659783421814609e-13 2.255973186038318e-13
1.600941601509476e-13 2.220446049250313e-13
1.730837695390619e-13 2.059463710679665e-13
1.729727472365994e-13 1.977307206857404e-13
1.706412788848866e-13 1.811883976188255e-13
1.108002578575906e-13 2.913225216616411e-13
1.272315586220429e-13 2.823297151621773e-13
1.373345881461319e-13 2.72781797150401e-13
1.512123759539463e-13 2.668976151198876e-13
1.547650896327468e-13 2.549072064539359e-13
1.678657213233237e-13 2.432498646953718e-13
1.719735465144367e-13 2.366995488500834e-13
1.827427098533008e-13 2.235989171595065e-13
1.831867990631508e-13 2.142730437526552e-13
1.861844012296388e-13 1.963984530561902e-13
1.718625242119742e-13 1.860733789271762e-13
1.221245327087672e-13 3.047562202596055e-13
1.360023205165817e-13 2.970956813896919e-13
1.402211680101573e-13 2.853273173286652e-13
1.587618925213974e-13 2.76445533131664e-13
1.704192342799615e-13 2.675637489346627e-13
1.683098105331737e-13 2.541300503366983e-13
1.871836019518014e-13 2.406963517387339e-13
1.851852005074761e-13 2.330358128688204e-13
1.971756091734278e-13 2.12496686913255e-13
1.920685832601521e-13 1.98507876802978e-13
2.002842336423782e-13 1.796340853843503e-13
1.212363542890671e-13 3.22963877863458e-13
1.445510378061954e-13 3.133049375492192e-13
1.575406471943097e-13 3.004263504635674e-13
1.594280263361725e-13 2.849942504212777e-13
1.827427098533008e-13 2.788880237858393e-13
1.880717803715015e-13 2.631228568361621e-13
2.002842336423782e-13 2.430278200904468e-13
2.045030811359538e-13 2.318145675417327e-13
2.079447725122918e-13 2.148281552649678e-13
2.122746423083299e-13 2.001732113399157e-13
2.20046203480706e-13 1.807443084089755e-13
1.355582313067316e-13 3.375077994860476e-13
1.553202011450594e-13 3.291811268013589e-13
1.686428774405613e-13 3.133049375492192e-13
1.825206652483757e-13 3.004263504635674e-13
1.896260926059767e-13 2.866595849582154e-13
2.015054789694659e-13 2.704503287986881e-13
2.122746423083299e-13 2.561284517810236e-13
2.153832667772804e-13 2.382538610845586e-13
2.180478020363807e-13 2.30593322214645e-13
2.287059430727822e-13 2.059463710679665e-13
2.324807013565078e-13 1.896260926059767e-13
1.518785097687214e-13 3.516076318987871e-13
1.714184350021242e-13 3.448352714485736e-13
1.821875983409882e-13 3.291811268013589e-13
1.958433415438776e-13 3.143041382713818e-13
2.01949568179316e-13 2.959854583650667e-13
2.170486013142181e-13 2.821076705572523e-13
2.250422070915192e-13 2.656763697928e-13
2.355893258254582e-13 2.460254222569347e-13
2.504663143554353e-13 2.27151630838307e-13
2.526867604046856e-13 2.12496686913255e-13
2.536859611268483e-13 1.861844012296388e-13
1.73971947958762e-13 3.697042672001771e-13
1.759703494030873e-13 3.564926132071378e-13
2.049471703458039e-13 3.417266469796232e-13
2.118305530984799e-13 3.234079670733081e-13
2.190470027585434e-13 3.123057368270565e-13
2.314815006343451e-13 2.905453655444035e-13
2.472466675840224e-13 2.73003841755326e-13
2.593480985524366e-13 2.550182287563985e-13
2.69784194983913e-13 2.324807013565078e-13
2.713385072183883e-13 2.140509991477302e-13
2.706723734036132e-13 1.940669847044774e-13
1.815214645262131e-13 3.956834859764058e-13
1.968425422660403e-13 3.784750290947159e-13
2.16382467499443e-13 3.618216837253385e-13
2.302602553072575e-13 3.43836070726411e-13
2.470246229790973e-13 3.179678742526448e-13
2.506883589603603e-13 3.025357742103552e-13
2.670086374223501e-13 2.817746036498647e-13
2.753353101070388e-13 2.570166302007237e-13
2.821076705572523e-13 2.439159985101469e-13
2.866595849582154e-13 2.190470027585434e-13
2.915445662665661e-13 1.942890293094024e-13
1.978417429882029e-13 4.132250097654833e-13
2.170486013142181e-13 3.909095269705176e-13
2.328137682638953e-13 3.712585794346523e-13
2.529088050096107e-13 3.540501225529624e-13
2.644551244657123e-13 3.322897512703094e-13
2.816635813474022e-13 3.097522238704187e-13
2.834399381868025e-13 2.930988785010413e-13
2.922107000813412e-13 2.69340105774063e-13
3.020916850005051e-13 2.496891582381977e-13
3.069766663088558e-13 2.251532293939817e-13
3.18856052672345e-13 2.05391259555654e-13
2.312594560294201e-13 4.29101199017623e-13
2.361444373377708e-13 4.131139874630207e-13
2.62456723021387e-13 3.926858838099179e-13
2.65898414397725e-13 3.668176873361517e-13
2.806643806252396e-13 3.490541189421492e-13
2.94320123828129e-13 3.239630785856207e-13
3.049782648645305e-13 3.027578188152802e-13
3.220756994437579e-13 2.774447338538266e-13
3.270717030545711e-13 2.576827640154988e-13
3.393951786279104e-13 2.311484337269576e-13
3.408384685599231e-13 2.070565940925917e-13
2.324807013565078e-13 4.494182803682634e-13
2.583488978302739e-13 4.251043961289724e-13
2.80109269112927e-13 4.08006961549745e-13
2.923217223838037e-13 3.844702334276917e-13
3.017586180931175e-13 3.629319067499637e-13
3.245181900979333e-13 3.425038030968608e-13
3.277378368693462e-13 3.164135620181696e-13
3.359534872515724e-13 2.944311461305915e-13
3.611555499105634e-13 2.636779683484747e-13
3.637090628672013e-13 2.339239912885205e-13
3.664846204287642e-13 2.178257574314557e-13
2.639000129533997e-13 4.671818487622659e-13
2.750022431996513e-13 4.408695630786497e-13
2.94098079223204e-13 4.203304371230843e-13
3.218536548388329e-13 4.00901534192144e-13
3.260725023324085e-13 3.749223154159154e-13
3.503863865716994e-13 3.51385587293862e-13
3.504974088741619e-13 3.256284131225584e-13
3.657074643115266e-13 3.101963130802687e-13
3.850253449400043e-13 2.738920201750261e-13
3.861355679646294e-13 2.529088050096107e-13
3.932409953222304e-13 2.197131365733185e-13
2.805533583227771e-13 4.821698595947055e-13
3.058664432842306e-13 4.614086890342151e-13
3.176348073452573e-13 4.379829832146243e-13
3.413935800722356e-13 4.126698982531707e-13
3.538280779480374e-13 3.865796571744795e-13
3.669287096386142e-13 3.647082635893639e-13
3.755884492306905e-13 3.468336728928989e-13
3.93796106834543e-13 3.159694728083196e-13
4.026778910315443e-13 2.836619827917275e-13
4.211075932403219e-13 2.562394740834861e-13
4.315436896717983e-13 2.310374114244951e-13
3.140820936664568e-13 4.969358258222201e-13
3.271827253570336e-13 4.766187444715797e-13
3.415046023746982e-13 4.546363285840016e-13
3.536060333431124e-13 4.307665335545607e-13
3.825828542858289e-13 4.071187831300449e-13
3.860245456621669e-13 3.75921516138078e-13
4.127809205556332e-13 3.533839887381873e-13
4.244382623141973e-13 3.340661081097096e-13
4.330980019062736e-13 3.05311331771918e-13
4.46531700504238e-13 2.745581539898012e-13
4.505285033928885e-13 2.455813330470846e-13
3.311795282456842e-13 5.254685575550866e-13
3.487210520347617e-13 4.897193761621565e-13
3.727018693666651e-13 4.768407890765047e-13
3.783640067922533e-13 4.475309012264006e-13
3.990141550502813e-13 4.209965709378594e-13
4.11448652926083e-13 3.981259766305811e-13
4.255484853388225e-13 3.679279103607769e-13
4.479749904362507e-13 3.436140261214859e-13
4.651834473179406e-13 3.159694728083196e-13
4.858335955759685e-13 2.866595849582154e-13
4.868327962981311e-13 2.571276525031863e-13
