0.8820708608745638 -0.5269356874037264
1.066453856760142 -0.8990730152398008
1.021709538751704 -0.9528145502185937
0.9566675417284978 -0.9993507294096953
0.8726932697951709 -1.028013491391691
0.778657153094832 -1.028832745778934
0.6893023158067422 -0.9989858757448309
0.617923032609127 -0.945486029117913
0.5701180446510583 -0.8805086893652521
0.5440660906496242 -0.814735464981289
0.5345344242718533 -0.7544525505182318
1.152569911744868 -0.8630345714453236
1.130544732052309 -0.9333331707365341
1.085526998716567 -1.010361226942651
1.008381345020606 -1.08434585817697
0.8957412387778145 -1.13596815025016
0.7608520598286571 -1.142251162027452
0.6340329401760937 -1.095047292042972
0.5419699007786636 -1.010951052303051
0.4907350368753634 -0.9158813952519057
0.4714673680066004 -0.8275031859264488
0.4724587943037417 -0.7526122841626643
1.225359713463123 -0.8702203924787646
1.217342251001546 -0.9597620655399732
1.182224699443759 -1.069134209693986
1.098597562569902 -1.190551627227865
0.9448001502749842 -1.291935317561941
0.7342069024435998 -1.314371813195494
0.5396454910419423 -1.229486335415849
0.4226198042419371 -1.085430155585772
0.3791742325082215 -0.9425903346956481
0.3792037022570122 -0.8257960804568502
0.3996588438760625 -0.7364255312042098
1.311046117061544 -0.8589237719824911
1.32968942462769 -0.9650871616023168
1.326472418589603 -1.111830248997946
1.264154516428408 -1.310072391623731
1.065267332631924 -1.530995263022127
0.6886128444355804 -1.612707481279109
0.3527385076452729 -1.42295884066631
0.2265426911236461 -1.15079900802095
0.2262021419700595 -0.9396055009568651
0.2683870996787564 -0.7958674558417573
0.3198814172384242 -0.6982723791443843
1.402559657473249 -0.8203292339434587
1.460544629133305 -0.9302028096888952
1.522053254561943 -1.099068513990616
1.561152986295498 -1.382478489200286
1.429413873209377 -1.882691506739861
0.5754730319443504 -2.300551057269407
-0.09873015059799328 -1.660112523008528
-0.08400738637151872 -1.132501461693386
0.03942617838471218 -0.8674687322600556
0.1514289888675636 -0.7211120756729534
0.2426213251897601 -0.6315963778546727
1.486229408860446 -0.7501497991532413
1.585542781803952 -0.840747326769856
1.727514420731633 -0.9822235682104749
1.957244194919713 -1.236900888316895
2.449264979903707 -1.904266596488835
0.00680968612305044 0.001228370393955847
-1.068777151407225 -1.31308437697858
-0.4281514493358367 -0.8721719453465111
-0.1267090920905497 -0.6905730472402027
0.05629503766885324 -0.5944960479702041
0.1825298017212719 -0.5361547672685973
1.546569783721905 -0.653973792227848
1.67133464838928 -0.7052315486234548
1.857350016281649 -0.7706410752939978
2.170397638322019 -0.8406293016320135
0.01377781200498585 -0.02954720919121556
-3.911753101826232e-05 0.001905742665686994
-0.001083827608134746 0.0001366876170020292
-0.5231668389082618 -0.4191411221870783
-0.1914820519860401 -0.4424528222366804
0.01321408969830806 -0.4338498014716882
0.1532310461994604 -0.4218765687004543
1.574803965192814 -0.5461181216946253
1.701107584229231 -0.5546601543885463
1.875999987659826 -0.5458092809311889
2.121740410362579 -0.4817715773333504
-0.000799696170662112 -0.001374300087456759
0.0001345733130300175 0.0004549705291646555
-0.0002627218879487359 0.0001852330552486459
0.0002914399652853561 -0.0002750885410136572
-0.1430731122237514 -0.2123341078405176
0.02999367106387296 -0.2742579370125215
0.1593423714480913 -0.3053476513920206
1.572548055568189 -0.4416761992498372
1.683732217970345 -0.4180309343776051
1.822060135288055 -0.366126170601574
1.984036859751725 -0.2600507427793273
-0.0001126579467881639 0.000271584999613772
7.478652009729192e-05 0.0001294602600057093
-5.02069743446576e-05 9.58755744275841e-05
-5.530649415252942e-05 1.06451519965578e-05
-0.0346380351202713 -0.04661747292142665
0.09002510964995147 -0.1417839307777357
0.1950995830690622 -0.2010531657939277
1.547857642951581 -0.3500508458353018
1.638259430390152 -0.3075886508236848
1.740071215907026 -0.2384908182603456
1.84438234541093 -0.1300924405612275
0.0001783610298254912 0.0001012226973458041
3.860618370010727e-05 4.448025077019579e-05
-4.209214007677708e-06 4.535618316114931e-05
-2.119115443088848e-05 2.065122386685214e-05
-2.339580151033971e-05 -1.081284651593961e-06
0.1712854801446099 -0.04347873248663675
0.2499616704993712 -0.1161719771829462
1.509596628526516 -0.2743547998617695
1.580215020334855 -0.2231658257190081
1.653496470405885 -0.1506723120443463
1.721516182871802 -0.0513794466088987
8.462594897928888e-05 -7.081192735830522e-05
2.097449619387071e-05 1.789314593936275e-05
4.608949467854728e-06 2.232474534724638e-05
-6.057747119925239e-06 1.566406531405828e-05
-2.301854588426799e-05 1.056914404062859e-05
0.2583992887806914 0.02481857086070938
0.31424172153662 -0.05149505879532551
1.464571750920586 -0.2138737026189751
1.518752318442414 -0.1600625598793315
1.571386896969464 -0.09018494146532913
1.616490231934381 -0.002293195559124439
-4.133207782031079e-05 -4.208529013033369e-05
1.208977043387627e-05 8.265255844963626e-06
5.175598111750723e-06 1.176297425731221e-05
-7.861583924961835e-07 1.039450407902542e-05
-4.991631765705051e-06 4.756712724041101e-06
0.3436769786545877 0.07025585923885225
0.3812543540234146 -0.004565683359931516
1.417158391890946 -0.166380350330889
1.458429599696038 -0.1132057370040914
1.496382746987207 -0.04812039163088072
1.526857249290288 0.02917088532949497
-3.355588070164117e-05 5.493824948066273e-05
7.378657006951173e-06 4.339307395184733e-06
4.158823465050254e-06 6.65418676060181e-06
8.361898330422335e-07 6.759520153387655e-06
-1.032783771393042e-06 5.228190096073781e-06
0.0002699468058451338 0.001299271410309499
0.4470944139527023 0.02796959838610913
1.369880992706887 -0.1294133019128851
1.401224233712653 -0.07844019257211354
1.428681253247251 -0.01862784355377239
1.44944852171409 0.04971086835909078
6.757810147539622e-05 5.13844920400075e-05
4.749483307642244e-06 2.514886334958888e-06
3.082375463092646e-06 4.022545978754621e-06
1.177900075255423e-06 4.456923801132717e-06
-3.203785816641158e-07 4.134228772767479e-06
-0.0001600463395120544 0.000161959518398036
0.5097530140150653 0.04925810160505351
1.324073047416467 -0.1007887574503326
1.3478113404646 -0.05265574850721477
1.367657450215929 0.002096406558983022
1.381676745150444 0.06298109968144261
7.155842062489537e-05 -7.823200647605333e-05
3.148780320261224e-06 1.550004570360919e-06
2.236392520504893e-06 2.580834895793416e-06
1.103527729973131e-06 3.014437088610933e-06
3.13634860305001e-08 2.959779274558372e-06
-5.138118591208052e-05 -2.85800327799457e-05
0.5683668284530403 0.06190552227464219
1.280362541289761 -0.07872935402281245
1.298249959521782 -0.03359354428766015
1.31248313216683 0.01655992930630745
1.321691365132585 0.07120693642235865
-9.668793150130472e-05 -9.776168523145667e-05
2.091594739406233e-06 1.062545242458413e-06
1.622071168938533e-06 1.744494706135136e-06
9.214571659033055e-07 2.098405019301808e-06
2.088692515611612e-07 2.139453112892653e-06
7.47465359096644e-06 -1.466792114440674e-05
0.6227453777175163 0.0678898120058683
1.238979375914095 -0.06184178647038269
1.252327809677996 -0.01962202876095759
1.262349961017806 0.02645207820605389
1.268064219137828 0.07587769120599186
-0.0001631191797691889 0.0001190903827502643
1.471707701372615e-06 8.706107803568841e-07
1.186600709468522e-06 1.23313400468561e-06
7.363637516411004e-07 1.503071087483043e-06
2.569172384836449e-07 1.581656471350001e-06
5.906467288707695e-06 3.92705779528324e-06
0.6728179586800157 0.06854451639761183
1.199937492343151 -0.04905026144386082
1.209728995411358 -0.009556381796129776
1.216539821875447 0.03293765130973203
1.219658424193574 0.07797893412574786
0.0001540189899219557 0.000339892883899573
1.21493113292015e-06 6.718166503105749e-07
8.791110283068448e-07 9.049128287808017e-07
5.788796957340026e-07 1.105630987874306e-06
2.458887290446299e-07 1.18726398212754e-06
-9.937410868632313e-07 3.716909006801217e-06
0.7183542826327108 0.06543962535244818
1.163139225777443 -0.03952740605566818
1.170113305927936 -0.002527446898683616
1.174437604967519 0.03683781596707625
1.17558757599124 0.07817183566819241
0.0004412296704324747 -0.0005767817211483339
9.374933882533298e-07 2.873224979049738e-07
6.608079947678647e-07 6.846173932206767e-07
4.535450462972435e-07 8.3276187801129e-07
2.172617610263217e-07 9.034636359039894e-07
-1.256720990938653e-06 4.643211976018691e-07
0.760293791977034 0.06015046926878842
1.128433906345731 -0.03263571957974309
1.133151986940977 0.002109970278011075
1.135523635773932 0.03874339209611066
1.135156091789356 0.0769205610857876
1.131640276984071 0.116334110733498
3.441176663621093e-07 1.438483321347661e-07
5.043384754266356e-07 5.30764541761819e-07
3.565901173230301e-07 6.400907885950602e-07
1.859645532009679e-07 6.978968770665617e-07
2.617837322471672e-07 1.338371558023965e-08
0.8001807393079629 0.05340838948327997
1.095650171639343 -0.02788166163108824
1.098542269049563 0.004840621321887784
1.099360263577642 0.03908726542578944
1.097806326198123 0.07456047533264154
1.093592037254598 0.1108866663199735
6.466302004959346e-08 6.470429345650786e-07
3.911736888850825e-07 4.193582557876496e-07
2.824093786601978e-07 5.002524643415995e-07
1.563331566423187e-07 5.467538420900198e-07
4.641665688476238e-07 7.258751721916923e-07
0.0006931578799227456 0.001289680400361259
1.064613334210593 -0.02488085218129071
1.066011681885976 0.006032902847777355
1.065578086248043 0.03819169582823201
1.063084272211769 0.07133731121222076
1.058340706317375 0.1051461698048113
6.695724972249906e-07 8.538494523646634e-07
3.085513116118932e-07 3.355815269001639e-07
2.257558040508201e-07 3.960126031543609e-07
1.301375760487389e-07 4.329608900288662e-07
-1.026868025055805e-07 7.601579165017469e-07
-0.0005318462009932245 0.0005120949405631459
1.035154301274847 -0.02333207182172153
1.035317618332136 0.005969693414212274
1.033863668691246 0.03629988974100962
1.030615917517972 0.06743368176121811
1.025433872409089 0.099101305765673
8.447543400347257e-07 3.043941031455333e-07
2.472559671451435e-07 2.702906563012419e-07
1.823326821748239e-07 3.16278682910287e-07
1.081684529724569e-07 3.453510278861316e-07
-2.281686558580631e-07 2.373469676353324e-07
-0.0005404905721941855 -0.0002760946109053308
1.007113747268088 -0.02299792645306487
1.006244850880273 0.004870143015022643
1.003949187380602 0.03359749481354846
1.000089311285834 0.06298716465864218
0.9945590020800832 0.09280891490275422
1.616275162263925e-06 8.640957085415124e-07
2.011401920576361e-07 2.175382299851591e-07
1.48815698985949e-07 2.537512987510482e-07
9.015706170512061e-08 2.767455372643113e-07
1.466596984966984e-07 4.804544695424795e-08
0.0001925576403668527 -0.0006835682883825078
0.9803436454077691 -0.02369046216663501
0.9786023213785383 0.002905238835249291
0.9756039044928654 0.03022750133748475
0.9712409478155556 0.05810247730492435
0.965431691126341 0.08633277141214846
6.221696449482117e-06 -4.131982436927917e-06
1.635701396551781e-07 1.722282996219349e-07
1.227012246252102e-07 2.035180295401062e-07
7.520291644969035e-08 2.220145659537209e-07
2.721464527066786e-07 3.61560535511174e-07
0.0007593874868456751 0.0004174335336079027
0.9547073570344381 -0.02526043344259832
0.9522198310753279 0.0002090430457849513
0.9486272083186059 0.02630074034404772
0.9438454408346965 0.05285986792948827
0.9378099552886021 0.07971379245600219
-9.047759794600374e-06 -2.46250698156536e-05
1.247758458777781e-07 1.401307637705074e-07
1.021311788473866e-07 1.62197292707944e-07
6.25986468216766e-08 1.771713226128568e-07
-1.380471282841356e-07 4.719292554522525e-07
-0.0003463563875641951 0.0006453745830494739
0.9300789596766369 -0.02758927047236204
0.9269449082664296 -0.003113118124889513
0.9228429318711121 0.02190338142106929
0.9177075575594372 0.04732103495003936
0.9114885297631948 0.07298574347221809
-8.238453781750366e-05 2.696680090286119e-05
1.051452664935226e-07 1.438593416613898e-07
8.574332455157929e-08 1.273936987011837e-07
5.214517140306185e-08 1.394478656990827e-07
-3.560311014894069e-07 -6.493742710222961e-08
-0.0008092112226921744 -0.0001217350631936287
0.9063421978462293 -0.0305830529901609
0.9026399559299185 -0.006978644463827399
0.8980946878890581 0.01710234522782828
0.8926559610317829 0.04153335303298877
0.8862857715964528 0.06617537358013148
6.431540981155504e-05 0.0001638158132190037
1.775272930881755e-07 1.295444579385574e-07
7.251605782521153e-08 9.732987948929406e-08
4.35670204357308e-08 1.073419191310876e-07
3.172176213928068e-07 -4.273323027659259e-07
-0.0004427787039575914 -0.001310944856562413
0.8833892694723013 -0.03416799142454163
0.8791796958296269 -0.01132323551188308
0.8742419982429415 0.01194923662530611
0.8685382073665529 0.03553291646084977
0.8620402141965633 0.05930104808529291
0.85494763839326 0.08317232353171233
2.307984563465482e-07 -1.072366285770343e-07
6.158467258376987e-08 7.068832064138775e-08
3.588339825277842e-08 7.969779136640653e-08
8.800753996673905e-07 5.559567775037522e-07
1.038589458664388 -0.07051653092407273
0.8611195619218114 -0.03828705759455886
0.8564488849715138 -0.01609763807907888
0.8511570344669811 0.006483204362558448
0.8452166607920369 0.02934673948065569
0.8386077592222291 0.05237550346942155
0.8313235314679995 0.07559511918635897
-2.497518980515423e-07 -3.594801989414975e-07
5.229102684189968e-08 4.669261133294356e-08
2.825900058400777e-08 5.446651318852247e-08
-7.706502294091422e-07 1.610893032633065e-06
1.054265250306301 -0.08594853579083178
0.8394383942390831 -0.04289751076850518
0.8343402624730384 -0.02126528546842632
0.8287218187110447 0.0007330007382945203
0.8225650729520965 0.02299433662460437
0.81585711352402 0.04540786123278495
0.8085023327318405 0.06785675314732953
-9.127201736625068e-07 5.87674302554575e-07
4.468085856856874e-08 2.479004179711808e-08
2.202435867015851e-08 2.972635593234685e-08
-3.042515982598637e-06 -1.298319735221209e-06
1.070554041366102 -0.1004712061933038
0.818255789146908 -0.04796914186457185
0.8127526781424392 -0.02680063653940179
0.8068257596694303 -0.005281575758964208
0.8004656320817142 0.01648883085425989
0.7936659135439723 0.0384039963330699
0.7864213061769646 0.06030864728482144
9.436801009510276e-07 2.206712971242197e-06
3.910884249780366e-08 3.327822462040331e-09
1.921791037418075e-08 7.721989936371187e-09
2.347279798975421e-06 -6.531112405616657e-06
1.086244383687893 -0.1153366435932717
0.7974852795210747 -0.0534831174060072
0.791589352251671 -0.03268808875723822
0.785363416212653 -0.01154873603194095
0.778806325086309 0.009837686269632995
0.7719179388221569 0.03136667448762887
0.7647219056836194 0.05292425168866854
4.683664538984722e-06 -1.139810287487109e-06
3.351210930979676e-08 -2.001224930214818e-08
1.363380719432428e-08 -6.662779883370717e-09
1.528576866194342e-05 4.11885100537468e-06
1.100901606976846 -0.1304034085956573
0.7770427438368286 -0.0594313520321203
0.7707562159481071 -0.03892139047325083
0.7642323930809284 -0.01806418376875724
0.7574784777125101 0.003043123488087662
0.7505005966462198 0.02429587858366189
0.7433074847038399 0.04559702456719461
-8.314310235846278e-07 -9.166517651648665e-06
2.392268660944552e-08 -4.278732690377041e-08
-9.54751333548387e-09 -2.664188092360575e-08
-6.505279005253328e-06 3.798182027359154e-05
1.114642811329593 -0.1453129304776498
0.7568452604699336 -0.06581637905812415
0.7501602818857961 -0.04550352067755614
0.7433312785349503 -0.0248309961246469
0.7363743487453509 -0.003897755735941921
0.729302288463775 0.017189036300716
0.7221164109307208 0.03831961760517
-1.686403368006406e-05 -4.170687100679693e-07
1.503614843745282e-08 -5.805552455440122e-08
-2.31296513053536e-08 -9.415170398874295e-08
-9.904340261379652e-05 -2.63680615536499e-06
1.127758495973652 -0.1600697064052057
0.7368099704420096 -0.07265172719813345
0.7297079942773288 -0.05244704493531654
0.7225575334349195 -0.03185990831615365
0.715384654132017 -0.01099313669702801
0.7082096507913106 0.01004100372403283
0.701043527947519 0.03111939727801827
-3.266531295009756e-06 2.854690976672458e-05
2.095190532180879e-08 -7.378035293825747e-08
9.753421792435546e-08 -1.506101920401015e-07
-6.216919841539603e-05 -0.0002834381188648316
1.14036217214542 -0.1747565504279091
0.7168529423691914 -0.07996285238981959
0.7093035066395619 -0.05977499948275361
0.70180523457271 -0.03917004861668344
0.6943958852960603 -0.0182569851108243
0.6871046000673892 0.002843852981186612
0.6799525539056581 0.02400266896698289
4.403158939503271e-05 1.088347362854236e-05
3.105714219131528e-08 -1.161823526829586e-07
2.366607733117476e-07 2.022318718042371e-07
0.001315042275914058 -0.0005114719967624914
1.152541392463427 -0.1894019732306703
0.6968880436728944 -0.0877887213685562
0.688846834717521 -0.06752240754625033
0.6809625615271124 -0.04679021908505043
0.6732872606549096 -0.0257099354502292
0.6658609641923763 -0.004413512533062547
0.6587099524913776 0.01695893226822032
2.880073554500928e-05 -6.546040115046337e-05
2.426558176615856e-09 -1.739586384941205e-07
-9.37145764323688e-07 8.257778749687361e-07
1.179100600512825 -0.1929165411594104
1.164406860635438 -0.2040383176626321
0.6768258423561754 -0.09618420393621863
0.668231833254989 -0.07573860073551059
0.6599088947588825 -0.05476088369317089
0.6519271064339056 -0.03338069557517864
0.6443404168232472 -0.01174597952815021
0.6371811550205365 0.00998339438271445
-0.0001013267254671435 -5.575051892758864e-05
-4.88198500514514e-08 -1.826692352935311e-07
-3.857420409092427e-06 -2.85800202298736e-06
1.1906855775368 -0.2071262966865495
1.176074136710794 -0.2187228361803841
0.6565726011703936 -0.1052235111668859
0.6473439524473681 -0.08449061518305567
0.6385113618054802 -0.06313712226495161
0.6301683951569997 -0.04130816573416035
0.6223873701886469 -0.01917319837950776
0.6152122168438662 0.003080215643726847
-6.641911219718022e-05 0.0001385343201103506
-2.144551491944924e-08 -1.515025450649077e-07
7.506612495156162e-06 -1.611873133705588e-05
1.202507032775336 -0.2218274667316523
1.18765713081592 -0.2335349248081106
0.6360294942980639 -0.1150050269177079
0.6260577514190564 -0.09386807416420972
0.616620627363355 -0.07199295673293671
0.6078430660037906 -0.04954459060295302
0.5998223441652552 -0.026721069203333
0.5926191084332013 -0.003745045300948546
0.0001411704794889168 9.127654921836648e-05
4.826607791219573e-08 -1.969879764862625e-07
6.863109952359725e-05 1.905745960839589e-05
1.214380073595921 -0.2367440016484647
1.199270006991184 -0.2485782599113268
0.6150923004233753 -0.1256580326433867
0.6042341991262358 -0.1039901830794614
0.5940656729570186 -0.08142769102725644
0.5847545918349967 -0.05816026038342637
0.5764330805798132 -0.03442399523829798
0.5691834488604719 -0.01048862508693765
0.0001507933461272204 -0.0001347768250922754
-1.211080554730515e-07 -3.970561542887552e-07
-4.551776145156339e-05 0.0002747631218378288
1.226514187067324 -0.2518734262251726
1.211027437448533 -0.2639876245742604
0.5936520503591476 -0.1373520353145301
0.5817179131573389 -0.115015791151963
0.5706472606119104 -0.09157528895002764
0.560668013274137 -0.06725061144753336
0.5519622726131376 -0.04232834237373406
0.544643123808674 -0.01714460495355741
-0.0001562120699512004 -0.0002415466485459761
-2.87825166145339e-07 -1.064320140242714e-06
1.253866196745449 -0.2541099833864642
1.239107641136822 -0.2673966100142837
1.223042647059612 -0.2799379421081024
0.5715975149358685 -0.1503096869067335
0.5583347475031361 -0.1271579828096219
0.5461297485170251 -0.1026184552609892
0.5352962837945185 -0.07694716321995859
0.5260901249416357 -0.0504978734661945
0.5186721043315785 -0.02370037473980691
-0.0002108795825591647 0.0002292056347789062
2.399221788462746e-06 -1.638149289162616e-06
1.268403565267419 -0.269342960415657
1.252329956546557 -0.2835500353834239
1.235423144871348 -0.2966562476944717
0.5488211609440574 -0.1648246234746792
0.5338906953331094 -0.1407054491995738
0.520230999040569 -0.1148101831092392
0.5082811896122819 -0.08743479195886272
0.498408833951219 -0.05902253523756101
0.4908501915727716 -0.03013536754368878
0.0001520813330009307 0.0001732778618547259
8.434272055324321e-06 1.045381888142849e-05
1.283500224656748 -0.2855053007051709
1.266357005168858 -0.3006374415364879
1.248262403273378 -0.3144378623574405
0.5252315531622739 -0.181285876419572
0.5081742473003223 -0.1560540899294099
0.49261048930058 -0.1285074532470786
0.4791662245518049 -0.09897984727492021
0.4683840608937584 -0.06803317038880985
0.4606213584650869 -0.03642055384616738
0.0001814307593421827 -8.6414564878734e-05
-4.279166674370227e-05 5.162544002712544e-05
1.299960758691215 -0.3026052697145928
1.281367354325884 -0.3190681258272869
1.261624267330876 -0.3336678846680784
0.5007776174747758 -0.2002105453509767
0.4809668321928282 -0.1737540335397062
0.4628569273816898 -0.1442251971926553
0.4473575122582845 -0.1119775550388848
0.4352947236635381 -0.07772720809943984
0.4272299327032113 -0.04251344498844573
-5.335540085460444e-05 -0.0001892864705285158
-0.0002956865206362735 -9.809834530066786e-05
1.318258303482905 -0.3213296364596655
1.297523194611911 -0.3394016865495073
1.275514574307649 -0.3548486802917804
0.475494474764382 -0.2222853725770141
0.4520712366109238 -0.1945794531029574
0.4304800905439783 -0.162724800554609
0.4120672416131831 -0.1270352393407873
0.3981351615205276 -0.0884158505270442
0.3896108983920243 -0.04834594043226642
-0.0001484211199012098 5.329238335605169e-05
1.360064108677312 -0.3187538720721071
1.338763524013609 -0.3425098401412573
1.314931327015395 -0.3624103268894984
1.289830527999331 -0.3786322762504809
0.4495876946676062 -0.2484136156374284
0.4213790110513894 -0.2196300960634117
0.3949210029383843 -0.1851623715879694
0.3722330938013934 -0.1451253352564736
0.3554488931481293 -0.1006161896601618
0.3461920584159011 -0.05380505265558655
2.742822051449156e-05 9.745617488610137e-05
1.387272278677627 -0.3402105331098487
1.361865560267558 -0.3673420551358042
1.333561365279559 -0.3891650997099396
1.304272283308063 -0.4058511818654333
0.4235830651953497 -0.2797510913511271
0.3890206949053065 -0.2504695925342532
0.3556202528143126 -0.2133401049199726
0.3264118188012073 -0.1678816560459918
0.3050312339159507 -0.1152449608721897
0.2945236597345731 -0.05870200449723617
3.261056105752225e-05 -1.607298782846378e-06
1.419695333110817 -0.3661227113478395
1.387851873159128 -0.3976467569868135
1.353077680217369 -0.4211427650485877
1.318193691319843 -0.4375272345945839
0.3985777545969577 -0.3176837790918027
0.3556859334903179 -0.2892798564969333
0.3122541818919519 -0.2501263263163675
0.2726779034318173 -0.1982056310575472
0.2433654868962259 -0.1340658783287988
0.2305277143959864 -0.06270341232998605
-9.019159040046798e-05 -0.0001658002970438277
1.458794254989583 -0.3999134379668016
1.416600296468082 -0.4362303047425705
1.372505374451415 -0.4603170066961746
1.330366685949921 -0.4748062617822352
0.3766136412484258 -0.36363281613647
0.3232637500990514 -0.3389142990594188
0.2654335973083829 -0.300095153128925
0.2087182488275684 -0.2415709700231827
0.1644881892807909 -0.1608533641286363
0.146761736647374 -0.06514467052920286
1.55605515296596 -0.3844339359226833
1.505859045588515 -0.4472615030111061
1.446790181160807 -0.4873694940176339
1.389608755930739 -0.5090930761306143
1.338660935946394 -0.5187056526651519
0.3610869590242362 -0.4184729541449813
0.295957068745292 -0.4024544579789298
0.2185861659337511 -0.3701564528495621
0.1330454701524508 -0.3088696015539709
0.05763202810754453 -0.2049319900747215
0.0276328958885752 -0.06450730250942077
1.644237734350304 -0.43865188909695
1.560409895086988 -0.5188898772504212
1.473982304413571 -0.5570589411773206
1.39991164316564 -0.5696785692502546
1.339761264670422 -0.5694874892167836
0.3567937327220784 -0.4813393452212855
0.2815811786928857 -0.4813420215160066
0.1822262079336813 -0.4685056819872192
0.05140646805178195 -0.4216329181911612
-0.09668475868383075 -0.2943412905292833
-0.1674254285401944 -0.05676775208867363
1.770079429391557 -0.5447224924205383
1.612997185533677 -0.6343155319083442
1.486752118297036 -0.6511861796180993
1.395817546380226 -0.6420642449194802
1.32934645251697 -0.6255206583677977
0.368756191200565 -0.5480842801357149
0.2910229234785668 -0.5711763417238231
0.1792634190837211 -0.5962311708528617
0.001320258513538342 -0.6105646309858276
-0.3103557713463461 -0.5331455357013506
-0.6005405894684199 -0.03276568939519831
1.923848179434285 -0.8047246137045807
1.622134068147755 -0.815453359743556
1.463306101510059 -0.7665316819224455
1.367926782253078 -0.7201531659394168
1.303487487309674 -0.6820454755210968
0.399307155358377 -0.6109330854975008
0.3319526677258701 -0.6579223190405468
0.2358929032001708 -0.7282938933164306
0.07906579818400461 -0.8483828548425147
-0.266421871339326 -1.123441575264292
7.95263070326035 -11.64474334259096
1.767319751283107 -1.340579512255996
1.502776362930653 -1.017862348228212
1.383823658511763 -0.8746567641005644
1.311690445981459 -0.7894024970520214
1.261456712915709 -0.7314036252725309
0.4452760020952295 -0.6613043246322585
0.3991242633018096 -0.7233094374436508
0.3442315435045753 -0.8180885994664115
0.286774631696467 -0.9796163343084211
0.2930726143006849 -1.289710483388455
0.7249857561575406 -1.660117036313621
1.212972080249765 -1.386398355749996
1.282804388874267 -1.096087002177039
1.264557002135108 -0.9334888723084163
1.235475635893742 -0.8337592816977084
1.207832756153153 -0.7662226552435092
0.4988673829989435 -0.6944111649831506
0.4756469608348004 -0.7586284744718876
0.4601174416749664 -0.8488258787466197
0.4715983480187136 -0.9763064730238025
0.5581802392651773 -1.136189995496696
0.7674596825288936 -1.241899483273542
0.9927041711561728 -1.185322848689402
1.110271987683212 -1.052645699365671
1.150034832098118 -0.9357428348973331
1.15673731649541 -0.848346343960793
1.15079929511526 -0.7835645471481129
0.5520019841602746 -0.7110184337455727
0.5462681064923095 -0.7686533151686512
0.5539265053283278 -0.8412899616321634
0.5882068449260573 -0.9274406336318981
0.6660352185851622 -1.011908283990728
0.788301542124545 -1.059033946960625
0.9173644050557567 -1.042041711148556
1.011325675506394 -0.9797302028841612
1.064095196007423 -0.9066410625403888
1.088822841134866 -0.840623646333768
1.097737768526873 -0.7857474680657464
0.5996274109359099 -0.7152340792632464
0.6045431864194977 -0.7631833989597069
0.6222487988457314 -0.8181109341572554
0.6593271465081684 -0.875654112151762
0.7204464951671389 -0.9251995445220228
0.8013292127282434 -0.9516479624468598
0.885808194665467 -0.945913383178098
0.9562771588727357 -0.9135407366485653
1.005522064966053 -0.8682277319575045
1.035826900778405 -0.8210902085381533
1.052537528645826 -0.7776391182342424
0.6399488447101462 -0.7115872959364006
0.6503431493003217 -0.7501523793121995
0.6710322058047473 -0.7911777133658402
0.7048594083374691 -0.8307714341075543
0.7525552475904583 -0.8625724229576135
0.8104626568709855 -0.8795395221421441
0.8705401115034117 -0.8778626729696632
0.9241514969758919 -0.8595372787956117
0.9662704443542594 -0.8305842434183374
0.9962421844644866 -0.7972544159733597
1.015938782237026 -0.7638603633852034
