0.8820708606789398 -0.5269356869501312
1.066453856797404 -0.899073015133523
1.021709538658131 -0.9528145502117553
0.9566675415666626 -0.9993507293176174
0.8726932696508556 -1.028013491058364
0.7786571533438172 -1.02883274559098
0.6893023158107934 -0.9989858757452224
0.6179230325940972 -0.9454860289889185
0.5701180446691692 -0.8805086892269847
0.5440660907073358 -0.8147354648491019
0.5345344243516112 -0.754452550383191
1.15256991155144 -0.8630345708270127
1.13054473266437 -0.933333170579829
1.085526998405779 -1.010361227427583
1.008381344169067 -1.084345857897773
0.8957412388807289 -1.135968149445644
0.7608520602288116 -1.142251161924822
0.6340329401799343 -1.095047292080819
0.5419699010054548 -1.010951051958943
0.4907350369294082 -0.9158813951426403
0.4714673680966646 -0.8275031857463799
0.4724587944322305 -0.7526122840425411
1.225359713324142 -0.870220392288821
1.217342251389596 -0.9597620653452498
1.182224699330088 -1.069134209533946
1.098597562455206 -1.190551626998864
0.9448001502536126 -1.291935317558564
0.734206904263269 -1.314371814400149
0.5396454903536474 -1.229486335685795
0.4226198040071333 -1.085430155145918
0.3791742321176135 -0.9425903342573412
0.3792037024635333 -0.8257960802604287
0.3996588440131333 -0.7364255311295336
1.311046116735221 -0.8589237720518248
1.329689424521213 -0.9650871614427837
1.326472418457289 -1.111830248844378
1.264154516238659 -1.310072391354506
1.065267332617921 -1.530995262719771
0.6886128444120483 -1.612707481010665
0.3527385077252796 -1.422958840394962
0.226542691614259 -1.150799005658538
0.2262021426541314 -0.9396055007342015
0.2683871000814873 -0.7958674561370678
0.3198814173407099 -0.6982723791401475
1.402559657269709 -0.8203292337845809
1.460544628948204 -0.9302028092746514
1.522053254598804 -1.099068514039753
1.56115298592947 -1.382478488912
1.42941387316346 -1.882691506248836
0.5754730318118925 -2.300551056919791
-0.09873015047756362 -1.660112522718269
-0.08400738619128856 -1.132501461438989
0.039426179418241 -0.8674687336074582
0.1514289880000302 -0.7211120754194387
0.2426213252062669 -0.631596377737074
1.486229408632227 -0.7501497990623297
1.585542781558825 -0.8407473266255583
1.727514420333033 -0.9822235684303456
1.957244194610672 -1.236900887899433
2.449264979842518 -1.904266595850606
0.006809686484761102 0.001228370472377005
-1.068777150892697 -1.313084377259272
-0.4281514492207295 -0.8721719450577323
-0.1267090919352756 -0.6905730470013419
0.05629503681663339 -0.5944960472998525
0.1825298019587748 -0.5361547670083516
1.54656978346429 -0.6539737922351604
1.671334648079971 -0.7052315485356613
1.857350015747381 -0.7706410750879
2.170397637782504 -0.8406293013190462
0.01377781255161104 -0.02954720895643226
-3.911734039496739e-05 0.001905742919390052
-0.001083827407615479 0.0001366877849547921
-0.5231668383886674 -0.419141121200716
-0.1914820514434366 -0.4424528220952538
0.01321409005481233 -0.433849801432953
0.1532310469403492 -0.4218765684758066
1.574803964920325 -0.5461181216937575
1.701107583889051 -0.5546601543415155
1.875999987290691 -0.5458092809040933
2.121740409289776 -0.4817715772539662
-0.0007996958500827711 -0.001374300166707809
0.0001345734480351357 0.0004549706580351254
-0.0002627217609718624 0.0001852333217087221
0.0002914403642513275 -0.0002750884297101908
-0.1430731114743009 -0.212334108100754
0.02999367210388593 -0.274257937273146
0.1593423721726178 -0.3053476522883271
1.572548055484522 -0.4416761994563355
1.683732217602215 -0.4180309344425527
1.822060134855081 -0.3661261706391201
1.984036859189574 -0.2600507428772186
-0.000112657824095086 0.0002715848485989047
7.478647547898287e-05 0.0001294602516938026
-5.02071930195136e-05 9.587591372262061e-05
-5.530628391448023e-05 1.064541422557408e-05
-0.034638034474749 -0.04661747255403498
0.09002510979692802 -0.1417839307283251
0.1950995822077348 -0.201053166223007
1.547857642764181 -0.3500508460206998
1.638259429674268 -0.3075886510873304
1.740071215388727 -0.2384908185135648
1.844382344758595 -0.1300924406707579
0.0001783613132250172 0.000101222682779456
3.860599393246122e-05 4.448043261806589e-05
-4.209211760586307e-06 4.535656175186364e-05
-2.119088246355094e-05 2.06517058045641e-05
-2.339496018399778e-05 -1.081194559104937e-06
0.171285481109709 -0.0434787323301089
0.2499616715419997 -0.1161719756728277
1.509596628287209 -0.2743548003106502
1.580215019883943 -0.2231658262906623
1.653496469714865 -0.1506723124515039
1.721516181386615 -0.05137944698881103
8.462538650810814e-05 -7.081187388452426e-05
2.097406136258861e-05 1.789358047077361e-05
4.609402961430753e-06 2.232530975698754e-05
-6.057606427911644e-06 1.566511323780606e-05
-2.301878524402223e-05 1.056908113250543e-05
0.2583992889062132 0.02481857098118667
0.3142417234054911 -0.05149505922517111
1.464571750810906 -0.2138737032106013
1.518752318132143 -0.1600625606418715
1.571386896120341 -0.09018494220048884
1.616490230746368 -0.002293195961541206
-4.133205179979171e-05 -4.208563587315695e-05
1.208963200183266e-05 8.265023926146142e-06
5.175543377866632e-06 1.176273577641052e-05
-7.862574062933447e-07 1.039412737813272e-05
-4.991646754159973e-06 4.756616066359243e-06
0.34367697887388 0.07025585922830335
0.3812543534250718 -0.004565684490769106
1.417158391895857 -0.166380351115075
1.458429599524475 -0.1132057378737634
1.496382746970802 -0.04812039183848471
1.526857249329578 0.02917088500082943
-3.3555978305011e-05 5.49378752552343e-05
7.378479716990682e-06 4.339028155997404e-06
4.158662773257049e-06 6.65404292832239e-06
8.36115919167213e-07 6.759460627003833e-06
-1.032865618477707e-06 5.228104767995845e-06
0.0002699467623913376 0.001299271319154305
0.4470944132612737 0.02796959909222441
1.369880992574922 -0.1294133020017596
1.401224233368172 -0.07844019279775377
1.428681253247611 -0.01862784374403303
1.449448521738281 0.04971086809244296
6.757794511480508e-05 5.138419548555984e-05
4.74913569326052e-06 2.514723013824494e-06
3.082195445203162e-06 4.022314652574188e-06
1.177713155331439e-06 4.45683125416263e-06
-3.204265005551932e-07 4.134244649511842e-06
-0.0001600462764774768 0.0001619594409073555
0.5097530147008829 0.04925810182544765
1.324073047554096 -0.1007887577404913
1.347811340469216 -0.05265574866647083
1.367657450261952 0.00209640639747366
1.381676745182931 0.06298109948791442
7.155820455506667e-05 -7.823225330638728e-05
3.148619905246619e-06 1.54990342926542e-06
2.236188865856192e-06 2.580571107357876e-06
1.103288054693508e-06 3.014371231069291e-06
3.119159863729237e-08 2.959743243269308e-06
-5.13805803805667e-05 -2.858069778394201e-05
0.5683668287027193 0.06190552131923666
1.280362541565167 -0.07872935399030973
1.298249959564063 -0.03359354441407236
1.312483132285734 0.01655992908754134
1.321691365154561 0.07120693625618002
-9.66881647138651e-05 -9.77619672936636e-05
2.091403818571536e-06 1.062386473349441e-06
1.621913140348319e-06 1.744193619201972e-06
9.209345699368043e-07 2.097999969752351e-06
2.078531852189869e-07 2.139667953038327e-06
7.474346216840289e-06 -1.466814387524051e-05
0.6227453776107482 0.06788981194830124
1.238979375945843 -0.0618417863133805
1.252327809774972 -0.01962202889589171
1.262349961139945 0.02645207800205296
1.268064219185154 0.07587769100526176
-0.0001631195278202213 0.0001190902733247956
1.471424349919204e-06 8.706411176451212e-07
1.186979539324895e-06 1.233109927278875e-06
7.367371354094487e-07 1.50330685722011e-06
2.566682146820654e-07 1.581905646808046e-06
5.906314128001355e-06 3.927277817283858e-06
0.6728179587150415 0.06854451659140814
1.199937493382681 -0.04905026090342862
1.209728995493142 -0.009556381986434659
1.216539822054944 0.032937651043359
1.219658424215037 0.07797893380258547
0.0001540189046927987 0.0003398937749963249
1.21332361568971e-06 6.719718677050679e-07
8.783099537668093e-07 9.044210380615425e-07
5.786161640930487e-07 1.105420258107337e-06
2.458699106533402e-07 1.187347642428449e-06
-9.935786842163452e-07 3.716927917118973e-06
0.7183542826722635 0.06543962535176817
1.163139226383015 -0.03952740592308707
1.170113306041674 -0.002527446978810632
1.174437605047967 0.03683781526425467
1.175587576364969 0.07817183497036684
0.0004412297486655614 -0.0005767820472420415
9.369700622041677e-07 2.872349731397605e-07
6.602276260148088e-07 6.843486007879207e-07
4.528032349071509e-07 8.325051719104692e-07
2.166682309123757e-07 9.035109196364743e-07
-1.257038719781889e-06 4.644916921092701e-07
0.760293792081856 0.06015046953010528
1.128433907156241 -0.0326357194826522
1.133151987653443 0.002109970241688353
1.135523636117702 0.0387433914001637
1.135156091886985 0.07692056039942274
1.131640277146925 0.1163341104235383
3.43483654741128e-07 1.43441049260673e-07
5.036371034661258e-07 5.307196517811974e-07
3.560513861522452e-07 6.403189781734042e-07
1.854029094694454e-07 6.982046915071649e-07
2.614162819547516e-07 1.376175429168569e-08
0.8001807394250032 0.05340838990881724
1.095650172865698 -0.02788166154681826
1.098542269982372 0.004840620779339888
1.09936026419049 0.03908726425936748
1.097806326049477 0.07456047410634981
1.093592036548518 0.1108866652210281
6.347843350962279e-08 6.464141076856222e-07
3.900013743063369e-07 4.189955877809126e-07
2.814541286699779e-07 5.004791816531906e-07
1.556666978652643e-07 5.473071454931144e-07
4.638110917554172e-07 7.264631256553855e-07
0.0006931576307778187 0.00128968100304816
1.064613336366644 -0.02488085201484669
1.066011683638483 0.006032901777752953
1.065578087368776 0.03819169348591722
1.063084272248433 0.07133730878595712
1.058340705268684 0.1051461679461156
6.680912710832487e-07 8.527915814626752e-07
3.067460609962325e-07 3.352317543559025e-07
2.239249161650747e-07 3.964699432090768e-07
1.290954553256896e-07 4.343346399204862e-07
-1.030321681305679e-07 7.613129814343367e-07
-0.0005318460843675155 0.0005120959980990936
1.03515430104917 -0.02333207194138642
1.035317618114445 0.005969693232737661
1.033863668637283 0.03629988954962693
1.030615917738467 0.06743368190366528
1.025433870774295 0.09910130275485085
8.422133122021336e-07 3.027204301675468e-07
2.443563913434588e-07 2.696983320005231e-07
1.799027453674995e-07 3.171287396019906e-07
1.068557400341064e-07 3.471300704660507e-07
-2.284695287402272e-07 2.392061250189315e-07
-0.000540490026300966 -0.0002760930294677388
1.007113747112115 -0.02299792657113353
1.006244850709153 0.004870142896704843
1.003949187117346 0.03359749470778028
1.000089310992777 0.06298716486538491
0.994559001438319 0.09280891486018461
1.616518262026467e-06 8.638735126131891e-07
2.013582715010287e-07 2.174686478673138e-07
1.489079242134039e-07 2.535141302439925e-07
9.010804857823018e-08 2.765836181195525e-07
1.465011599810495e-07 5.123708601839638e-08
0.000192558960292577 -0.0006835658386841748
0.980343645267447 -0.02369046230219585
0.9786023211670181 0.002905238679095423
0.9756039041623473 0.03022750113354689
0.9712409473478861 0.05810247709509431
0.965431690505299 0.08633277103756265
6.221943754658454e-06 -4.131869363932505e-06
1.6394766222394e-07 1.720725079090712e-07
1.227072161658072e-07 2.034765270719774e-07
7.50443235331133e-08 2.214716829929131e-07
2.722899868912165e-07 3.611487680021952e-07
0.0007593875318036014 0.0004174336024045378
0.9547073570211023 -0.02526043350702706
0.9522198310601041 0.0002090427356651325
0.9486272080500262 0.02630073995385906
0.9438454407090282 0.05285986759690642
0.9378099551540501 0.07971379172388837
-9.047442906418013e-06 -2.4625256396682e-05
1.251931844858944e-07 1.399801208279428e-07
1.024210570799156e-07 1.617848807144995e-07
6.250067507984625e-08 1.766577556461257e-07
-1.380286970276146e-07 4.716292648643261e-07
-0.0003463563841357153 0.0006453744586969457
0.9300789595001652 -0.02758927068786399
0.9269449080736426 -0.003113118407427451
0.9228429316717777 0.02190338113411194
0.9177075573828732 0.0473210348025328
0.9114885296316394 0.07298574329655783
-8.238438768193301e-05 2.69664532642766e-05
1.052587074168443e-07 1.436038236102277e-07
8.579642685191402e-08 1.271185582352174e-07
5.216909537697489e-08 1.392084642004576e-07
-3.558899595024201e-07 -6.526379719984376e-08
-0.0008092113131291656 -0.0001217351921131149
0.9063421979920987 -0.03058305316036036
0.9026399558810694 -0.006978644817627111
0.8980946876883119 0.01710234485314066
0.8926559608097876 0.0415333528648828
0.8862857714347993 0.06617537328883982
6.431513545357426e-05 0.000163815556513125
1.77738838424979e-07 1.292645106509838e-07
7.243673261214667e-08 9.705405357163244e-08
4.359723360103374e-08 1.071629281979014e-07
3.173513207777034e-07 -4.27746974562826e-07
-0.0004427786268912381 -0.001310945097605876
0.8833892695381867 -0.03416799150942906
0.8791796960635891 -0.01132323581773037
0.8742419982351198 0.01194923632109801
0.868538207084284 0.03553291599632502
0.8620402140168716 0.05930104755271459
0.8549476381927892 0.08317232303426181
2.307226903974779e-07 -1.077701507479212e-07
6.157284881957992e-08 7.045164396313197e-08
3.595414810320108e-08 7.949382441196917e-08
8.800485424842464e-07 5.556792804783939e-07
1.038589458708934 -0.07051653109535755
0.8611195619104824 -0.03828705766347545
0.8564488850602803 -0.01609763820513876
0.8511570346874034 0.00648320419660342
0.8452166608760294 0.02934673903053719
0.8386077592276907 0.05237550305538929
0.8313235313696378 0.07559511879942693
-2.499436411174116e-07 -3.597070614702602e-07
5.235560585070687e-08 4.672922160331439e-08
2.805883581036284e-08 5.466476160620459e-08
-7.705103338695451e-07 1.610743413982263e-06
1.054265250446032 -0.0859485360364356
0.839438394217489 -0.04289751062691871
0.8343402627611615 -0.02126528551940238
0.8287218190887377 0.0007330003714947075
0.8225650730766217 0.02299433603783396
0.8158571132973375 0.04540786068438663
0.8085023324040252 0.06785675302331684
-9.131401853545995e-07 5.877993508596191e-07
4.469069181389784e-08 2.499810425327098e-08
2.2147088385438e-08 2.971819501595974e-08
-3.042311858103552e-06 -1.298682520800565e-06
1.070554041515692 -0.1004712064394456
0.8182557892528033 -0.04796914134266045
0.8127526789800912 -0.02680063608449029
0.806825760601522 -0.005281576267534227
0.8004656323618479 0.01648882953488851
0.7936659126085398 0.03840399521980642
0.7864213051500457 0.06030864734127828
9.429065557231553e-07 2.207415572996752e-06
3.935812575850406e-08 4.012365328875944e-09
1.980041475224681e-08 7.767584242479586e-09
2.347794052059982e-06 -6.531568664147613e-06
1.086244383762709 -0.1153366439490471
0.7974852794762916 -0.05348311746477274
0.7915893521064545 -0.03268808898827397
0.7853634161001839 -0.01154873616730745
0.7788063250448398 0.009837686146037194
0.7719179387680271 0.03136667453205033
0.764721905940051 0.05292425173987392
4.683391546134175e-06 -1.139756843238082e-06
3.34309270266786e-08 -1.996453635744189e-08
1.331438681528851e-08 -6.096239235642287e-09
1.528644587667216e-05 4.117784933477253e-06
1.100901606792188 -0.1304034094299799
0.777042743735888 -0.05943135215898177
0.7707562159729409 -0.03892139065616385
0.7642323930588275 -0.0180641837039186
0.7574784776415852 0.003043123431949901
0.75050059665196 0.02429587862073401
0.7433074848158148 0.04559702484453876
-8.316748014713937e-07 -9.166337804289437e-06
2.362639994757387e-08 -4.28851697487076e-08
-9.615131357776363e-09 -2.655607372892277e-08
-6.505372502685347e-06 3.798183830827639e-05
1.114642811565805 -0.145312930484964
0.7568452604342044 -0.06581637922928585
0.7501602818762434 -0.04550352100018823
0.7433312783789434 -0.02483099624234764
0.7363743485885785 -0.003897755833782268
0.7293022883594138 0.01718903651838166
0.7221164107135342 0.03831961780805782
-1.686421375357572e-05 -4.168535405191243e-07
1.491456025348725e-08 -5.793108059926055e-08
-2.31690372443083e-08 -9.411034190831558e-08
-9.904347044364936e-05 -2.636729753147105e-06
1.127758496213453 -0.1600697063938455
0.7368099705164335 -0.07265172699633937
0.729707994071282 -0.05244704482810564
0.7225575333620191 -0.03185990851023157
0.7153846538452721 -0.01099313678906949
0.7082096504225485 0.01004100384601192
0.7010435276070786 0.0311193975997629
-3.266438642346436e-06 2.854719503198044e-05
2.112624997163692e-08 -7.372911220437928e-08
9.747404583482222e-08 -1.505949291935593e-07
-6.216927981128606e-05 -0.0002834381009970133
1.140362172518773 -0.1747565504586581
0.7168529424235068 -0.07996285233870082
0.7093035065150027 -0.05977499962102312
0.7018052339951478 -0.03917004884511754
0.6943958843778765 -0.01825698545899979
0.6871045990425657 0.00284385287294675
0.6799525533727935 0.02400266939610129
4.403211768355675e-05 1.088390317405263e-05
3.137722215384997e-08 -1.161083677536645e-07
2.367201714648104e-07 2.021051045408839e-07
0.001315041926852611 -0.0005114722207093525
1.152541390987121 -0.1894019726148484
0.6968880439754318 -0.08778872129543175
0.6888468349233832 -0.06752240801233617
0.6809625610690592 -0.04679021995451332
0.673287259550605 -0.02570993621568518
0.6658609627859672 -0.004413512581230794
0.658709951684943 0.01695893261456893
2.880373768610056e-05 -6.545909152916307e-05
4.440032230768054e-09 -1.726968745230373e-07
-9.367612396893321e-07 8.2703636683501e-07
1.179100600145952 -0.1929165403363021
1.164406859682367 -0.2040383171877397
0.676825840572603 -0.09618420495605323
0.6682318320424411 -0.07573860246506348
0.6599088943479477 -0.05476088564353365
0.6519271068143651 -0.03338069739171973
0.6443404177573899 -0.01174598062416971
0.6371811560889699 0.009983393769560922
-0.0001013249566444996 -5.575051715506207e-05
-4.773780648559267e-08 -1.821470869689534e-07
-3.856537074353739e-06 -2.858392711579949e-06
1.190685577360234 -0.2071262967964488
1.176074136005028 -0.218722835743805
0.6565726000602251 -0.105223511897554
0.647343951688327 -0.084490616366239
0.6385113613077883 -0.0631371236748256
0.6301683950619068 -0.04130816707575757
0.6223873705884786 -0.01917319900341385
0.6152122173104047 0.003080214911821089
-6.641796994522053e-05 0.0001385334725588772
-2.076918503846059e-08 -1.513083176529761e-07
7.507181267296659e-06 -1.611839306209228e-05
1.202507033141397 -0.22182746660592
1.187657130865209 -0.2335349247107327
0.6360294935312795 -0.1150050273957338
0.6260577511423342 -0.09386807485624776
0.6166206270855783 -0.07199295768506331
0.6078430660167549 -0.04954459154267582
0.599822344396171 -0.02672107006423036
0.592619108770759 -0.00374504604665149
0.0001411712334467019 9.127588415891452e-05
4.890897120635174e-08 -1.972676481609703e-07
6.863139057766698e-05 1.905733561013978e-05
1.214380073663617 -0.2367440017511915
1.199270006860706 -0.2485782600718103
0.6150922999502052 -0.1256580329944738
0.6042341986748763 -0.1039901836504025
0.5940656726604843 -0.08142769177480941
0.5847545918013966 -0.05816026121604828
0.5764330808348991 -0.03442399603687768
0.5691834492292422 -0.01048862573084286
0.0001507937015905458 -0.0001347773893354831
-1.207857948104518e-07 -3.974006814733144e-07
-4.551740430247531e-05 0.0002747629985582201
1.226514187101793 -0.2518734263629013
1.211027437446204 -0.2639876246515754
0.5936520499258129 -0.1373520356812794
0.581717912844228 -0.1150157916677143
0.5706472603791406 -0.09157528953388916
0.5606680132443964 -0.06725061200553617
0.5519622728518623 -0.04232834292615628
0.5446431240443639 -0.01714460567195775
-0.0001562122270485355 -0.0002415470555242605
-2.876092408676811e-07 -1.064438806097634e-06
1.253866196680186 -0.2541099833684407
1.239107641132343 -0.2673966100753109
1.223042647070167 -0.2799379422290162
0.5715975147002472 -0.1503096873786378
0.5583347472992388 -0.1271579832975863
0.5461297483615284 -0.1026184557453808
0.5352962836865852 -0.0769471637572382
0.5260901249920678 -0.05049787382642906
0.5186721045353291 -0.02370037496497018
-0.0002108799076174783 0.0002292056208258453
2.399234994898691e-06 -1.638075632470759e-06
1.2684035653692 -0.2693429602458478
1.252329956533988 -0.283550035388186
1.235423144952748 -0.29665624779892
0.5488211608892583 -0.164824623786693
0.5338906951330022 -0.1407054495557861
0.5202309988939766 -0.1148101834837909
0.5082811896407664 -0.08743479233346102
0.4984088338591576 -0.05902253560771553
0.4908501914438193 -0.03013536762050734
0.0001520811254807075 0.0001732782121158793
8.43418967899634e-06 1.04540580210255e-05
1.28350022504145 -0.2855053006534216
1.266357005364651 -0.3006374416436823
1.248262403381498 -0.3144378624991393
0.5252315530285853 -0.1812858767231679
0.5081742470531944 -0.1560540903628065
0.492610488945973 -0.1285074535684056
0.4791662245333858 -0.09897984756680289
0.4683840607706653 -0.06803317098423517
0.4606213577695539 -0.03642055405777461
0.0001814308784851004 -8.641404753689796e-05
-4.27916244684079e-05 5.162552294457612e-05
1.299960759210069 -0.302605270061945
1.281367354497494 -0.3190681260844999
1.261624267550236 -0.3336678848144123
0.5007776173759301 -0.2002105458185255
0.4809668319425259 -0.1737540342109034
0.4628569272242513 -0.1442251976657735
0.4473575120579527 -0.1119775554904948
0.4352947233380316 -0.07772720856556264
0.4272299322012105 -0.04251344535528906
-5.335499455483284e-05 -0.0001892868710590134
-0.0002956867396638474 -9.80987760024199e-05
1.318258303935563 -0.3213296369659473
1.297523194561165 -0.3394016866543997
1.275514574517254 -0.3548486804957984
0.4754944750993344 -0.2222853728739576
0.4520712365941343 -0.1945794537779154
0.4304800904234368 -0.1627248010576962
0.4120672413700627 -0.1270352397729089
0.3981351612086883 -0.08841585104957339
0.3896108979755705 -0.04834594121584695
-0.00014842091910372 5.329141329923903e-05
1.360064108942655 -0.3187538730531577
1.338763524213797 -0.3425098407706154
1.314931327192437 -0.3624103273219857
1.289830528138969 -0.3786322766396887
0.4495876946826192 -0.2484136160816011
0.4213790111107309 -0.2196300965037978
0.3949210027755753 -0.1851623721360903
0.372233093703671 -0.1451253361308615
0.3554488927770855 -0.1006161902377075
0.3461920582986919 -0.05380505327691848
2.742801231925274e-05 9.745534337513018e-05
1.387272278558719 -0.340210533677242
1.361865560349069 -0.3673420557286265
1.333561365482248 -0.3891651002413564
1.30427228328859 -0.4058511824092407
0.4235830652393112 -0.2797510918344446
0.3890206948098081 -0.2504695930241821
0.3556202523394343 -0.2133401051296757
0.3264118193473066 -0.1678816569652464
0.3050312320712505 -0.1152449616493672
0.2945236606846435 -0.05870200445185275
3.260976252261738e-05 -1.607737730890957e-06
1.419695333362908 -0.3661227114384824
1.387851874145305 -0.3976467576925016
1.353077680861931 -0.4211427653609294
1.318193691590158 -0.4375272345724123
0.3985777544565795 -0.3176837790666651
0.3556859337855516 -0.2892798572435352
0.3122541810354916 -0.2501263269998216
0.2726779025744457 -0.1982056323653138
0.2433654860120382 -0.1340658798352401
0.2305277134789553 -0.06270341344764918
-9.019144383215494e-05 -0.0001658015225387
1.458794255915419 -0.3999134391561055
1.416600296845356 -0.4362303060801944
1.372505374831264 -0.4603170071370916
1.330366686198063 -0.474806262032838
0.3766136408824486 -0.3636328163768622
0.3232637500311227 -0.3389142993330833
0.2654335971728343 -0.3000951537888101
0.2087182483668372 -0.2415709712790246
0.1644881885498974 -0.1608533655872512
0.1467617355721152 -0.06514467209516583
1.556055153238724 -0.3844339377918152
1.505859046127466 -0.4472615043117603
1.446790181434318 -0.4873694952270047
1.389608756543488 -0.5090930766214395
1.338660935987698 -0.5187056531332929
0.3610869607382173 -0.4184729554480122
0.2959570689531155 -0.4024544587626479
0.2185861660978627 -0.3701564537226504
0.1330454700679552 -0.3088696028693869
0.05763202728110595 -0.2049319919921042
0.02763289409904657 -0.06450730448259795
1.644237735559025 -0.4386518912100579
1.560409895335102 -0.5188898788965267
1.473982304253457 -0.5570589422029995
1.399911642327234 -0.5696785715379157
1.339761264339614 -0.5694874897604729
0.3567937331478028 -0.4813393453191022
0.2815811794552802 -0.4813420218865019
0.1822262086463056 -0.468505682752956
0.05140646867254095 -0.4216329197488023
-0.09668475806182208 -0.2943412934038261
-0.1674254299841909 -0.05676775731141281
1.770079428782809 -0.5447224967567224
1.612997185215006 -0.6343155340828934
1.486752118009647 -0.6511861805567944
1.395817545869227 -0.6420642456430243
1.329346452225096 -0.6255206586729318
0.3687561917236799 -0.5480842804151485
0.2910229240810327 -0.5711763424106374
0.1792634206311245 -0.5962311717391749
0.00132026001630714 -0.6105646321188134
-0.3103557687949832 -0.5331455382815548
-0.6005405853339434 -0.0327656951775338
1.92384817597023 -0.8047246167957691
1.622134066510987 -0.8154533613457131
1.463306100506992 -0.7665316827308672
1.367926781890241 -0.7201531664608911
1.303487486672893 -0.6820454760138852
0.399307156018091 -0.6109330856676954
0.331952668669015 -0.6579223192695556
0.235892904690331 -0.7282938930729289
0.07906580002330821 -0.8483828548060244
-0.2664218676859569 -1.123441575175689
7.95263064069588 -11.64474326882841
1.767319747332938 -1.340579511680189
1.502776360626406 -1.01786234844975
1.383823657088305 -0.8746567646045704
1.311690445141561 -0.7894024973640925
1.261456711807753 -0.7314036254769085
0.4452760030413376 -0.6613043260242333
0.3991242641478842 -0.7233094373687702
0.3442315445445859 -0.8180885992359954
0.2867746334762635 -0.979616334028509
0.2930726161998459 -1.289710480845047
0.7249857561623376 -1.660117032950502
1.212972078455059 -1.3863983539424
1.282804387280145 -1.09608700153488
1.264557000925779 -0.9334888721645374
1.235475636020199 -0.8337592829661928
1.207832755587906 -0.7662226552584136
0.4988673838538309 -0.6944111645947096
0.4756469615657336 -0.7586284741968194
0.4601174425817235 -0.8488258782193916
0.4715983489433551 -0.9763064721779648
0.5581802397589095 -1.136189994155305
0.7674596828977154 -1.241899481776459
0.9927041699151125 -1.18532284702154
1.110271987005363 -1.052645698863057
1.150034832158124 -0.9357428315585695
1.156737315386452 -0.8483463438377038
1.150799294514778 -0.7835645471337984
0.5520019846774907 -0.7110184335494394
0.5462681069948496 -0.7686533152510411
0.5539265077956488 -0.841289960115
0.5882068454514522 -0.9274406328329501
0.6660352188992691 -1.011908282964185
0.7883015420525332 -1.059033945893475
0.9173644046681287 -1.042041710225053
1.011325672891738 -0.9797302025320035
1.064095195655846 -0.9066410623223596
1.088822840555152 -0.8406236460106243
1.097737767124516 -0.7857474698711227
0.5996274134978545 -0.7152340790033622
0.6045431868591316 -0.7631833986061323
0.622248799212953 -0.8181109334759629
0.6593271465537938 -0.875654111955821
0.7204464960491298 -0.9251995433678374
0.8013292118177879 -0.9516479618400624
0.8858081949632844 -0.9459133827225294
0.9562771594385323 -0.9135407338849885
1.005522063656016 -0.8682277300296428
1.035826899071514 -0.8210902080387623
1.052537527554712 -0.7776391186220224
0.6399488449678309 -0.7115872959829254
0.6503431491436571 -0.7501523789369238
0.6710322053260747 -0.7911777122425864
0.7048594074468507 -0.8307714338422965
0.7525552472427264 -0.8625724234499286
0.8104626573818337 -0.8795395225106191
0.8705401124159057 -0.877862672515961
0.9241514972989077 -0.8595372776087133
0.9662704438874308 -0.8305842423010492
0.9962421831450664 -0.7972544158524136
1.015938781633299 -0.7638603634968252
