0.8818276850360716 -0.5266436593717744
1.063681333199886 -0.8956268710327926
1.019239410737065 -0.9486057381888273
0.9548461335097715 -0.9943814096929235
0.8719014648318437 -1.022517093221969
0.7791004301766851 -1.023292506244841
0.690840651699939 -0.9939291449193051
0.620163093980687 -0.9412142324812658
0.5726615644233516 -0.8770404243508136
0.5466529234323969 -0.8119355992201877
0.5370393979378478 -0.752159690322606
1.149081686233959 -0.8603264498745823
1.126935105722757 -0.929803055390696
1.082058514867014 -1.005724713259628
1.005608987250716 -1.078410529846956
0.8944733118234243 -1.128975103990045
0.7616352871265692 -1.135127826856604
0.6365370649390597 -1.08889568319461
0.5452943581904488 -1.006219707319963
0.4941663057506891 -0.9123724202486978
0.4746931362244922 -0.8248436964991346
0.4754094365965825 -0.7505075120816439
1.221154438225755 -0.8678341299821787
1.212657365879721 -0.9564518672715145
1.177209778128604 -1.064324061308743
1.093976045643543 -1.183482048118716
0.9423543200939388 -1.282422863729806
0.7357370877999828 -1.304367233233323
0.5441822965717356 -1.221820992299206
0.4277619099854222 -1.080537872187191
0.3837676251484445 -0.9394510395723092
0.3831121757581734 -0.8235717814312852
0.403024216152317 -0.7346878527501277
1.306179870445281 -0.8571868096744321
1.32384104878607 -0.9625657914202321
1.31930836540103 -1.107701215929899
1.255831225955556 -1.302429983859016
1.059018899635797 -1.516918980876645
0.692319830609271 -1.595985801332553
0.362270624270967 -1.413804442273199
0.2344906240629918 -1.147050716627031
0.2319617571897397 -0.9376688336003016
0.2728021548372419 -0.794468923007505
0.3235114934360211 -0.6970793805632779
1.397316096786357 -0.8195534488046787
1.453917095511482 -0.9291903450924213
1.512925763408969 -1.097373388013689
1.547049788147369 -1.378016564318507
1.407323925521149 -1.864623599630988
0.5928763922172486 -2.254768537589459
-0.07746131767656528 -1.655515126141667
-0.07385632610632564 -1.133516528644676
0.04537004705303938 -0.8676983750191184
0.1558221463432248 -0.7207807668812116
0.2462455862827414 -0.6310143171236428
1.481088884593345 -0.7504243564944891
1.579124411568237 -0.8415556026476967
1.718693420534114 -0.9842848080000655
1.942290409974201 -1.242550815633994
2.413112606041375 -1.902542077941245
0.0545663628886407 -0.08430219895308577
-0.9796867131274885 -1.435047036294914
-0.4232859756911369 -0.8785161068115661
-0.1224883530472251 -0.6924093775753892
0.06004000552482391 -0.5949364947322447
0.1858828002121782 -0.5360460585819506
1.541966870211752 -0.6550518148701463
1.666061195030483 -0.7072723747752958
1.851376955576541 -0.7747565530034887
2.164873818777245 -0.849867688685455
0.02424135600168054 -0.02063642467397248
0.006185083756917398 -0.02014797518846745
0.01503634567006296 -0.003936230359873949
-0.5085026122203404 -0.4153538617797484
-0.1890209466611943 -0.4437625901352565
0.01620988057089079 -0.4344001743709187
0.156226518177256 -0.4219797234810838
1.570891233165761 -0.5475831250039049
1.69710311153513 -0.5569900405992013
1.872426782645242 -0.5495029203105866
2.120098233619234 -0.4873667959261727
-0.003920575265812132 -0.009138635524267802
0.001289989219992127 -0.008098660192607354
0.005238678392517793 -0.003960322633021929
0.003331717109634647 -0.002793144670968195
-0.1412235333884808 -0.212591488856979
0.03261401522797747 -0.2745894462521398
0.1620730559019168 -0.3054725661158433
1.569223132325953 -0.4431989066270504
1.680582765835819 -0.4201211686502415
1.819500609508039 -0.3688399323093855
1.983192472446265 -0.2632619598531498
-0.002637798875904651 -0.003739733092809616
0.0003269224111458469 -0.004098078699969587
0.00213074309851391 -0.002838940014978031
0.002407803946867682 -0.00121569171280439
-0.03404103195265029 -0.03917836511258466
0.09255016939597693 -0.1419546340018423
0.1976891220665637 -0.2011453069611818
1.544935626630568 -0.3514732930969058
1.63556358032122 -0.3093315536201655
1.737828524232654 -0.2404806050428782
1.843137169985044 -0.1315131073747013
-0.001078061342819403 -0.00190468502819674
7.033180962645602e-05 -0.002466521400237065
0.0009835351424490879 -0.002005865815044139
0.001346992715688944 -0.001240484687931254
-0.003201660553867614 -0.0005842126511535484
0.1737814599746416 -0.0436334878781463
0.2524826315904106 -0.1162416986914488
1.506919842547967 -0.2756367447519629
1.577733759517252 -0.2246148181186244
1.651323963741795 -0.1522055306990572
1.719280996439287 -0.05248658253999217
-0.0003558524715576716 -0.001486526430598267
-1.185828248850829e-05 -0.001669645863319913
0.0005016327501941031 -0.001475977039138598
0.0007939392617710705 -0.001101146186799906
0.0006800875602971379 -0.0009818969293754476
0.2605294560432557 0.02454436905057644
0.3167257654638673 -0.05155810509851211
1.46203348931631 -0.2150267202280869
1.516362869537477 -0.1612957696868864
1.569202598874264 -0.09143329914125869
1.614248701104587 -0.003735491005456337
-0.0003107614362001243 -0.001347600016703476
-3.897358180748878e-05 -0.001225049877211504
0.0002758604748631655 -0.00113530617767732
0.0004922216248828271 -0.0009380353667693409
0.0006068738334172874 -0.0007372747983269146
0.3439300858116212 0.07196076756000291
0.3837185780327009 -0.004629363559100708
1.414692318098883 -0.167431124950873
1.456070529540376 -0.1142881640840724
1.494159866558373 -0.04918758730745421
1.524925374205459 0.02797677171204149
-0.0004666041546548261 -0.0009873014527951307
-4.591373717577341e-05 -0.000951849817399153
0.0001606173212325146 -0.0009075715766965753
0.00031932159654946 -0.0007969818288026675
0.0004166386753511331 -0.0006558025701422499
-0.008128571362995274 0.003074360790822905
0.4495548241177763 0.02789785803684286
1.367446581964182 -0.1303889074124243
1.398863991981739 -0.0794195679574799
1.426411339317391 -0.01957771024838706
1.447397209573497 0.0488984082967846
-0.0003125697843220365 -0.0004746455886452394
-4.486327645192301e-05 -0.0007717114061029373
9.775822155122516e-05 -0.0007490900076443929
0.0002155875259171047 -0.000683728810178641
0.0002965358983886279 -0.0005937644290485711
-0.000762715477856446 -0.001160518199722516
0.5122059647730259 0.04915584473673806
1.321645025724729 -0.1017122532383151
1.34543269426984 -0.05356605658090752
1.365338041113501 0.001223083282654081
1.379390664085634 0.06224040810844955
0.0002400308308162513 -0.0004193607016220735
-4.080678318807429e-05 -0.0006467125458491929
6.164802164854155e-05 -0.0006348286714281115
0.0001506839308660357 -0.0005944421817117296
0.0002179689915094984 -0.0005353728526488188
0.0003339731528130274 -0.0007460782137678201
0.5707396033857137 0.06180821378331447
1.277924376099049 -0.07961928058619799
1.295842505385888 -0.03445906719911163
1.310113299630022 0.01573616792770405
1.319325321297589 0.07043511658528179
0.0002680914464695539 -0.001102156313469826
-3.623765964577697e-05 -0.0005564368620669669
4.00326242077087e-05 -0.0005499554008162044
0.0001085244077256853 -0.000524038002272742
0.000163768103866091 -0.0004838053503213313
0.0002804153403789256 -0.0004277556106106473
0.6251290462109995 0.06806540331955191
1.236519480863124 -0.06271286278338117
1.249884349916423 -0.02046047242436505
1.259928567361162 0.02565933517754104
1.265667940306318 0.07512739740515928
-0.0008991848054070717 -0.001316891222955308
-3.207192101839507e-05 -0.0004884905740423218
2.665964285919475e-05 -0.0004853338054335299
8.021231939359108e-05 -0.0004681506899417154
0.0001253689501684585 -0.0004399628635940456
0.0001600439134712417 -0.0003802058926676288
0.6759623759571677 0.06877286313654363
1.197447047494135 -0.04991429604703868
1.207243756551528 -0.01038106036073916
1.214064963162361 0.03216256740763745
1.21720385371734 0.07726280382754891
-0.002338110902705859 0.0008505460433844148
-2.738002937430206e-05 -0.0004354892693051449
1.816606933402465e-05 -0.0004351259796899209
6.06278748911393e-05 -0.0004234063963636792
9.759988504620676e-05 -0.0004031691370319779
0.0001182994361816903 -0.0003763792627326512
0.7216785432789417 0.06423896021131459
1.160610920339168 -0.04039411081072469
1.167581044276901 -0.003348764329041964
1.171906525722171 0.03607027168326804
1.173061957704592 0.07746896466337039
0.005309417556207285 0.003217772882054604
-2.127540884788726e-05 -0.0003952242233146719
1.266208083805509e-05 -0.0003954786527963217
4.671636505448884e-05 -0.0003872846568491739
7.708926693050788e-05 -0.0003724145427930203
0.0001021669234302358 -0.0003565485476318964
0.7615370979172544 0.05813103066158465
1.125861201267065 -0.03351336072810984
1.130567525964467 0.001283516939450058
1.132932756144989 0.03797532730550335
1.132561994544908 0.07621802800843103
1.127184774775518 0.1140962721082104
-1.792210109363701e-05 -0.0003674218732025447
9.045135634266899e-06 -0.0003637740873224105
3.659512807374643e-05 -0.0003579198509161552
6.161593966036438e-05 -0.0003467505510243996
8.525583317731122e-05 -0.0003315492354750149
0.7974170336597229 0.05410106587231256
1.093026854610487 -0.02877756232063988
1.095900247835083 0.00400175285048987
1.096705216340976 0.03831191849840887
1.095143123513423 0.07385412446919626
1.091279272749202 0.1092781061151011
-2.414438362297044e-05 -0.0003424512389505474
6.654933197181023e-06 -0.0003381872319417889
2.906949683545434e-05 -0.0003339304333361826
4.970475545307274e-05 -0.0003253667376214575
6.795862890240922e-05 -0.0003119527182524062
-0.002282695481871988 0.002742395909256956
1.061933239316376 -0.0258017799675852
1.063306405760576 0.005175071787942964
1.062853745922107 0.03740308849259999
1.060346901999847 0.07062331256483168
1.056057776262642 0.1046010142081349
-2.622675309615907e-05 -0.0003018175749064378
5.094862986720905e-06 -0.0003174256188889779
2.336099848321282e-05 -0.0003142894140469865
4.035678166114387e-05 -0.0003075941938964211
5.464667724575101e-05 -0.0002977625641815695
-0.001653008132214029 -0.000943845747447325
1.032411121196102 -0.02428454412348402
1.032542956843417 0.005086727656723466
1.031064162015094 0.03549246544643614
1.027798254537969 0.06670722515245386
1.022583574799272 0.09865243298353088
1.745101854888631e-05 -0.0002681642448473798
4.11537362177139e-06 -0.000300580100987935
1.894975807004151e-05 -0.0002982304823940796
3.287835617193924e-05 -0.0002928945979386866
4.539711611128983e-05 -0.000285608754095612
7.45461714918294e-05 -0.001714311761003395
1.00430089687935 -0.02398846127401816
1.00339415495177 0.003955970383886287
1.001067878594363 0.03276585064924031
0.9971847972577282 0.06224350896128894
0.9915620900143411 0.09215893157261157
6.788720695827255e-05 -0.0003379880229028576
3.510786223070994e-06 -0.0002869936355834879
1.548042198873389e-05 -0.0002851811481514033
2.67763519276043e-05 -0.0002808447165356664
3.767887407268855e-05 -0.0002742383143760074
0.001616790575279636 -0.0005943038120361233
0.9774541529070746 -0.02472579559088639
0.9756683446542143 0.001953659841916311
0.9726333547740368 0.0293661737286951
0.9682421055466801 0.0573370756922521
0.9624083735673887 0.08563707068120441
-8.959825530907572e-05 -0.0004577398278368672
3.121200322198092e-06 -0.0002760866095492531
1.270451563539776e-05 -0.0002747155049818151
2.169307060129189e-05 -0.0002711188427408917
2.997219188261013e-05 -0.0002648397527502122
3.927020873029097e-05 0.001617313296103151
0.9517337684822713 -0.02634772090000476
0.9491946470317453 -0.0007864712678375962
0.9455591103048353 0.02540401884848897
0.9407436781209335 0.05206803767955759
0.9346967471514074 0.07902827234138443
-0.0004513894406332764 -0.0001569455884707915
3.049065025906295e-06 -0.0002673559260304992
1.044419949802755e-05 -0.000266521190023461
1.736322746315189e-05 -0.0002634719870739932
2.304452560197845e-05 -0.0002584962769918153
-0.001500997053340503 -0.0002074573696697057
0.9270132483877154 -0.02873628576145765
0.9238198178870286 -0.00415962052757668
0.9196680191767282 0.02096513285688839
0.9144931428752956 0.04649774415735375
0.9082476711523547 0.07228796896159428
0.0002382203251477533 0.0008330269009433344
3.618361716140051e-06 -0.0002608699242069856
8.568638548589469e-06 -0.0002603765919029777
1.358346707180935e-05 -0.0002577266963698643
1.816919926223015e-05 -0.0002541779130812993
-0.0006016962309759455 -0.001781794389213665
0.9031756733407165 -0.0317983973989801
0.8994053822379287 -0.008083912196311271
0.8948026182502318 0.01611583412694806
0.8893179295059591 0.040673095993638
0.8829120360594532 0.06544861347524689
0.001769059417501828 -0.0007429075792439455
4.231846560620589e-06 -0.000257333995639597
6.977995072099397e-06 -0.0002561351151232349
1.019050318018522e-05 -0.0002537650664780622
1.438380054874511e-05 -0.0002497650592399592
0.001759682481709546 -0.002326371188505205
0.8801124827147447 -0.03546132482885067
0.8758250621955744 -0.01249599017210479
0.8708212077768414 0.01090692952189343
0.8650641876788407 0.03462956866313582
0.85852631748686 0.05854268793987394
0.8517061462136795 0.08077743507791235
2.894364968475394e-06 -0.0002556994638517884
5.593177893170598e-06 -0.000253714643320524
7.046746452576969e-06 -0.0002515249781634976
8.549029442805889e-06 -0.0002457294319337944
1.04249283669802 -0.06812208193756497
0.8577222049913676 -0.0396693640308971
0.852962474285529 -0.01734779790769342
0.8475945592671914 0.005376545376930997
0.8415926580512278 0.02839337269382158
0.8349384231096518 0.05158302918828583
0.828704692891675 0.07485514343409383
1.046075127741908e-06 -0.0002516205380598269
4.349962881455838e-06 -0.0002530935585127736
4.031339699839265e-06 -0.0002509972247314862
4.563217840258815e-07 -0.0002467253606409092
1.058775076016096 -0.08667218185460557
0.8359091938080214 -0.04438141266687334
0.8307090542580752 -0.02260426484910638
0.8250030785635694 -0.0004478555808130058
0.8187752063866909 0.02198299803767545
0.8120143039196737 0.04457539079515582
0.8046627562977001 0.06779036488234402
7.72286234007602e-06 -0.0002470143343090703
3.191394056689667e-06 -0.0002543143985537788
1.030502510324105e-06 -0.0002522215971220709
-2.166851557072746e-06 -0.0002543286475753526
1.074346619252555 -0.1015206974337497
0.8145823945429963 -0.04956927998217309
0.8089621606703346 -0.02824171060420777
0.8029342970525533 -0.006548091395268019
0.7964918108089856 0.0154102753688129
0.7896302817635144 0.03752428655922768
0.7820838954690807 0.05966643619123313
2.10926531749589e-05 -0.0002601073397721643
2.053359758447115e-06 -0.0002574858112784351
-2.079729801596208e-06 -0.0002552885585848097
6.285521439108877e-06 -0.0002543527979382842
1.089959544022975 -0.1161023291795459
0.7936541480806092 -0.05521661774824127
0.7876233069067222 -0.0342468457749136
0.7812805819154597 -0.01291439816728929
0.7746278456991822 0.008681040722683164
0.7676674821900666 0.03043185058537723
0.7603919017057906 0.05209303705619572
6.517034829567336e-06 -0.0002908371566517354
8.600729725083411e-07 -0.0002627735211431781
-5.450539562579237e-06 -0.0002603613238367219
-1.776061214764368e-06 -0.0002288319208391121
1.104973240722531 -0.131119927636398
0.7730390292006518 -0.06131840703642744
0.7665964717399316 -0.04061630170167879
0.7599369677161031 -0.01954502429212795
0.7530715254863449 0.001795456476556434
0.7460095528670192 0.02329678846823791
0.7388293822482471 0.04483173007446128
-4.193416383213577e-05 -0.0002760854849441219
-4.504092708801366e-07 -0.0002704134499210697
-9.242384108487656e-06 -0.0002677086511419513
-8.006663700310668e-05 -0.0002332807093093914
1.118990537890571 -0.1462126900447541
0.7526527141497833 -0.06788097857013808
0.7457864395970357 -0.0473566673801703
0.7387990169778154 -0.0264462617280854
0.7317113776104932 -0.005251993088941309
0.7245405133354978 0.01611457844779751
0.717308572421011 0.0375753220910886
-1.012714805825876e-05 -0.0001938608366748307
-1.928958546115744e-06 -0.0002807913321649091
-1.357488638953352e-05 -0.0002776573968164553
-0.0001208212411561993 -0.000420248577155391
1.132313451114092 -0.1611340278147044
0.7324108745133447 -0.07492258600253721
0.7250971230198211 -0.05448505650017882
0.717760616978548 -0.03363293642487386
0.7104336116923526 -0.01247284824937123
0.7031418071234762 0.008877643632522192
0.695879335735625 0.03030071410207646
0.0001507988148514716 -0.0002481696710857073
-3.729962899434724e-06 -0.0002944929719330691
-1.868698600782093e-05 -0.0002904033196359235
0.0003268366214926877 -0.0006613742872327855
1.145159789959758 -0.1759742462481639
0.7122281033446169 -0.0824745962034209
0.7044298219465027 -0.06203027682415924
0.6967116138227611 -0.04112942719002721
0.6891192383197933 -0.01988541674606997
0.6816889098931737 0.001574991964984007
0.6744390399609124 0.02310121120740327
0.0001118022324303469 -0.0005140112151787446
-6.174015150350876e-06 -0.0003121813783741323
-2.567738217074123e-05 -0.0003063132286181824
0.002060844550500263 0.001178205525475762
1.157622672412663 -0.1908049829799341
0.6920168974484598 -0.09058341339617254
0.6836813791258047 -0.07003473481473743
0.6755351728258105 -0.0489713421390357
0.6676407622734609 -0.02751601604869264
0.6600475565862326 -0.005808514688611599
0.6527972609228166 0.01599474035842219
-0.0002657875563103484 -0.0005367028726047107
-9.506540776804684e-06 -0.0003345795884427405
-3.619839169999306e-05 -0.0003283873463664211
1.185702016807192 -0.1942848204262953
1.169803026984988 -0.2056684480420989
0.6716867525027252 -0.09931332053516068
0.6627422019210143 -0.07855728956523961
0.6541047364637202 -0.05720806513201654
0.6458582275460903 -0.03540088745834735
0.6380692124894047 -0.01329319100892418
0.630784627544723 0.008947587050529338
-0.0003416424044794253 6.054254079523869e-05
-1.379496127951185e-05 -0.0003629839044413385
-4.405461096690377e-05 -0.0003629911790917206
1.196784998373287 -0.2088790986214296
1.181818514018418 -0.2206270643774586
0.6511434858865295 -0.1087505087002031
0.6414941453961794 -0.08767738454883606
0.6322804286837267 -0.06590650764178924
0.6236143185906483 -0.04358906089461551
0.6155852825506264 -0.02090604678872438
0.6082471927559268 0.001941899936708458
0.0006164004052219285 4.431661076675919e-05
-1.964097888751404e-05 -0.0003996530391565112
-2.511148652395434e-05 -0.0003896422708964953
1.208919851150144 -0.2236581452721487
1.193787912961873 -0.2357718397426914
0.6302890045231063 -0.1190086818240823
0.6198083045084671 -0.09750095250575114
0.6099047311970706 -0.07515659087385795
0.6007281132848015 -0.05214661896111389
0.5923994775927756 -0.02868312224853009
0.5849960669972698 -0.005013400389107026
0.0005969653878756809 -0.00104224350795612
-2.873426779814725e-05 -0.0004472096725861019
-4.950285498439566e-05 -0.0002858883036223059
1.221351979127209 -0.2388779006601758
1.205828943025312 -0.2512229087271913
0.6090219151720677 -0.1302367781520909
0.5975428731974644 -0.1081688362861722
0.5867972446986303 -0.08507928302038825
0.5769869226529895 -0.06116308966105705
0.5682775037085033 -0.03667309421217868
0.5607821641858322 -0.01190985476970285
-0.0004931082026765621 -0.001381934660202977
-4.272856128462177e-05 -0.0005086855853328465
-0.0006953283144516265 -0.0003090199909054903
1.234081202157464 -0.2544623185075842
1.218058463978287 -0.2671364551292928
0.5872396914989944 -0.142629545459535
0.5745414519522967 -0.1198688380451938
0.5627483744585069 -0.09583850282796941
0.5521354198469146 -0.07076117639967805
0.5429327467985928 -0.044942895819375
0.5352976844379085 -0.01875442514096587
-0.001349909486959677 -1.448105825818669e-05
-6.181145108474784e-05 -0.0005890283701008858
1.262315534028838 -0.2580033355374168
1.247331108039873 -0.2705564450866256
1.23058961301305 -0.2837156742350012
0.5648436695145591 -0.1564419310088943
0.550632635916783 -0.1328530574587777
0.5375119154771866 -0.1076590033047119
0.5258609336688893 -0.08111187700438693
0.5160058251953844 -0.05358669129222432
0.5081680792526404 -0.02555971740327545
0.001109776603987478 0.0006267485249563665
-8.911943245815124e-05 -0.0006903223839835881
1.27766988486448 -0.2723694006781754
1.261296278905571 -0.2874401727476337
1.243525179521001 -0.3012251919671257
0.541749119009777 -0.1720084357830812
0.5256326180641639 -0.1474629713665409
0.5107969254755085 -0.1208536925694127
0.4977733518475903 -0.09245857238070432
0.4870345732875535 -0.06274069080277156
0.4789123897548916 -0.03233000774032607
0.001169955884066431 -0.001621102147441322
-0.0001703271134034789 -0.0008112214341039481
1.294306273180561 -0.2892132355776806
1.276156755189715 -0.3054806787678328
1.256945105781485 -0.3200100908615789
0.517904328302694 -0.1897685398493754
0.4993543459876306 -0.1641657741183845
0.4822603661967115 -0.13586611181415
0.4673776125425758 -0.1051565254831817
0.4554087553336502 -0.07260854045904791
0.446873772818411 -0.03906457994059698
-0.0003685419679710922 -0.002326765904016759
-0.0004402607170990169 -0.001155378860904943
1.312093507002404 -0.3075321191923019
1.292083344177579 -0.3251714345383637
1.270883655773229 -0.340520400551287
0.4933254875290797 -0.2102985134815712
0.4716303632815707 -0.1836066884584004
0.4515047289634466 -0.1533375771033452
0.4340365993156964 -0.1197397507183457
0.4202997720232557 -0.08350672644002616
0.4111276774250964 -0.04578014746025161
-0.001365897846948516 -0.001206505817056391
-0.0002144697909854942 -0.00263843213238163
1.33186761247039 -0.3278390940413175
1.309208079041126 -0.3471898870175551
1.285288696053637 -0.3633404960840975
0.4681586853147501 -0.2343471289271922
0.4423635366663715 -0.2066824653785041
0.4180915643303735 -0.1742146007356202
0.3969236562484714 -0.1370381805171112
0.3805483385842283 -0.09594986974399328
0.3703502488699546 -0.05253690385980553
0.0003375555860175572 -0.000739498045424003
1.376043793307538 -0.3243925999234856
1.354069919481079 -0.3512519360380382
1.327559573639854 -0.3724709520387114
1.299950869715151 -0.3892189631896243
0.4427866366095871 -0.2628651651262289
0.4116333533552865 -0.2346382967594572
0.3815981047096521 -0.1999209870529408
0.3549711959085763 -0.1583903383404934
0.3344801051914353 -0.1108203827599313
0.3225755828612191 -0.0594564558612371
0.0006818155438692575 -0.003139265573291805
1.408410082769937 -0.3491795339671874
1.378999560646072 -0.3793268275199571
1.346933714387875 -0.402297975311053
1.31438458990097 -0.419084701370885
0.4180035600047936 -0.2970005588913736
0.3799092364331304 -0.2691754160074993
0.3417831462844603 -0.2326269908147483
0.3068492851354464 -0.1860421706926995
0.279597601693143 -0.1297288624746397
0.264671253634386 -0.06676435456130292
-0.0007163030665634507 -0.005414309965987962
1.444558258238374 -0.3801953088878331
1.40666896441518 -0.4143931174757562
1.366642172735349 -0.4383880132130134
1.327639681120234 -0.4540132288111183
0.3952766240962058 -0.3379940022965501
0.3484559956731722 -0.3125074440966048
0.2990182794199161 -0.2756340366799779
0.2511034431289704 -0.2239108808293459
0.2120720903584778 -0.1558390679108163
0.1911723695852893 -0.07503011183496738
-0.0002533226599106264 -0.008658157080183693
1.487755254167105 -0.4218379016424926
1.436242360382374 -0.4599357482722402
1.385053061861541 -0.482882198781789
1.338036417163185 -0.4950657776068307
0.3770660358972788 -0.386849966249073
0.3200305629978158 -0.3671719860784817
0.2553250063913052 -0.3337693718178132
0.186902913164671 -0.2790253554955758
0.1260049668241597 -0.1959191194946563
0.09166321500783259 -0.08620021115154802
1.601287216906421 -0.4033788625904824
1.537899030630082 -0.4824293507134955
1.464767291247441 -0.5208353618463056
1.398855274520056 -0.53799451740978
1.342884349581332 -0.5428668685321426
0.3670266476977894 -0.4436136233392976
0.2998242989325175 -0.4351357018400557
0.2165987780891394 -0.4131551557473656
0.1168885060455176 -0.363881468691686
0.01308696675694121 -0.2658845488580631
-0.05521285892197425 -0.1075220627635625
1.710573102605772 -0.4958792798901013
1.589556515022829 -0.5754806863875401
1.48469691800391 -0.6025720440606385
1.402222127781218 -0.6048032221433943
1.338426164809929 -0.5967759776934295
0.3696248953738669 -0.5062224219631853
0.2959268779008524 -0.5154921756368261
0.1961508685617486 -0.5181606307846157
0.05630955056889353 -0.4977066880324947
-0.1316403545878055 -0.4064878166581833
-0.2968168764591397 -0.1658664219414632
1.830833370285397 -0.6676995684436138
1.621134818389635 -0.7187258301362086
1.480747020916571 -0.7068278300363209
1.386894892215718 -0.6806085364377044
1.320530293621194 -0.6537472313426915
0.3885401778432142 -0.5695227856517638
0.3171629142119617 -0.6009502923429207
0.2153686401088243 -0.6416492958896329
0.05263368357496223 -0.6913769211866849
-0.2560760101953883 -0.7163127122180825
-0.7583191000913765 -0.3744217431118252
1.882189187101692 -1.017758348603158
1.577933242188633 -0.9106312431378107
1.432113038646921 -0.8205745215291709
1.345494055173335 -0.755746427293515
1.286646542721977 -0.7077038550974466
0.4240429319219356 -0.6259379527709894
0.3664346084093535 -0.6770344082758462
0.2882905134150557 -0.7538167979646169
0.171558042127536 -0.8846657810471747
-0.03821734923490483 -1.175937102230852
1.075028671977432 -4.495976137331628
1.528682922830101 -1.414808144994895
1.409231816166957 -1.067720998437217
1.332506873671919 -0.9090278581901763
1.278801570722455 -0.8146920073131835
1.238368671243189 -0.7509593670129147
0.4715296166870791 -0.6686467305857491
0.4348909755435751 -0.7296198108338474
0.3956589213587383 -0.8196801873327764
0.3646609547514036 -0.9634259169879027
0.4004082784101748 -1.205855804573715
0.7164056355111902 -1.461122525481638
1.094710115067053 -1.311190133762893
1.200244318007009 -1.08880521709438
1.211568328531249 -0.9422679182261844
1.199547106874662 -0.8456426697581039
1.182043228023699 -0.7779151675585811
0.5234681716699311 -0.6950145031817974
0.5069545742220887 -0.7550170173454023
0.4997954519561174 -0.8361113860894409
0.5182615362706882 -0.9445124107995038
0.5965894729600576 -1.071817749972972
0.7627603783190506 -1.156241741538669
0.9464934146659369 -1.124776298281974
1.058691649868692 -1.026168939670145
1.107712975897283 -0.9282314248452179
1.124204635071277 -0.8492781438274135
1.125796173840658 -0.7879893647206972
0.5731921594094928 -0.7069399465294488
0.5711135522958815 -0.7595545258928831
0.5816283116512515 -0.8238296873396107
0.614989695089414 -0.8973955638034032
0.6829835566854854 -0.9676374355100474
0.7851803737537011 -1.008392269543799
0.8947894105498884 -0.9998079449561152
0.9803005907442562 -0.952954312973991
1.033573240699694 -0.8928312219971857
1.062271933007281 -0.8350497111193248
1.075618880679264 -0.7848572850281723
0.6170029886371464 -0.7084953937888849
0.6234159098582488 -0.7519316610016163
0.6412234943088002 -0.8005979319378698
0.6754277202955109 -0.8505576167343765
0.7292160902688088 -0.8932866178342533
0.799057464254135 -0.9172450232100191
0.8727898118376841 -0.9152320388113024
0.9366619823550894 -0.8905722570163073
0.9839104524558331 -0.8532995713179938
1.015119794505871 -0.8125308550430197
1.033968861144489 -0.7734911754202327
0.6538595901721096 -0.7036524826701805
0.6645148804809404 -0.738598679054642
0.6842166077557916 -0.7752308459634576
0.7151103045856422 -0.8102214081863697
0.7575966975923105 -0.8384195182685346
0.808714081725837 -0.8542423330492699
0.8621628642022183 -0.8545205405846829
0.9109898708150349 -0.8404484782355101
0.9507322797050343 -0.8165112954718962
0.9802818421961224 -0.7877628171176905
1.000739119151121 -0.7580104610311493
