1.50817007613872 -0.5022989091490857
5.999748475815636e-10 -1.511713376700641e-08
8.239604554205471e-10 -1.508939939665055e-08
1.044974440311819e-09 -1.504941521401904e-08
1.262400406432107e-09 -1.499737967147752e-08
1.475626953961751e-09 -1.493356072135299e-08
1.684073436258871e-09 -1.485826989222616e-08
1.88718363158813e-09 -1.47718617893311e-08
2.084439398863935e-09 -1.467471699712064e-08
2.275356902892156e-09 -1.456727732884744e-08
2.459477399519017e-09 -1.445000324951096e-08
3.654191393920314e-10 -1.491134465902988e-08
5.79566727942904e-10 -1.489797785136915e-08
7.915235133992837e-10 -1.487282064172035e-08
1.000680649454466e-09 -1.483600819973674e-08
1.206483912774559e-09 -1.478774830365737e-08
1.408350880360842e-09 -1.472828020654404e-08
1.605768074064429e-09 -1.465787879961766e-08
1.798200588432053e-09 -1.457687615058489e-08
1.985176689700552e-09 -1.448562975125967e-08
2.166234303047077e-09 -1.438453062219125e-08
2.340964311287053e-09 -1.42740207986769e-08
3.587701247198538e-10 -1.470215937882102e-08
5.613548514915578e-10 -1.469063476422505e-08
7.618718989022e-10 -1.466788812631847e-08
9.597594941013199e-10 -1.463406379409449e-08
1.154493722843597e-09 -1.458933668319062e-08
1.345559219601e-09 -1.453392184380675e-08
1.532439508622474e-09 -1.446809555494255e-08
1.714674180419706e-09 -1.439214364351571e-08
1.891822698496526e-09 -1.430639351429619e-08
2.063458293122267e-09 -1.42112150935958e-08
2.229176288004453e-09 -1.410700783965879e-08
3.536448911489742e-10 -1.450429881755255e-08
5.452215345869149e-10 -1.449451692003834e-08
7.348410768770464e-10 -1.447405373333766e-08
9.219911500935041e-10 -1.444302727415803e-08
1.106181590770916e-09 -1.440161351284885e-08
1.286927564514428e-09 -1.435000174243584e-08
1.463764998099748e-09 -1.42884433729229e-08
1.6362622368149e-09 -1.421719997285464e-08
1.803996063642899e-09 -1.413658845539345e-08
1.966577789502821e-09 -1.404693517059741e-08
2.123653808361325e-09 -1.394860954517796e-08
3.499533995920956e-10 -1.431721663447405e-08
5.310432094063344e-10 -1.430909768451727e-08
7.10281278237801e-10 -1.429078666514982e-08
8.871899881413015e-10 -1.426239637503102e-08
1.061320253903375e-09 -1.422408590912028e-08
1.232215662838598e-09 -1.417604145181883e-08
1.399444005123485e-09 -1.411847372345676e-08
1.562611706695805e-09 -1.405164590240204e-08
1.7213194203336e-09 -1.397582510831441e-08
1.875227750858244e-09 -1.389133613693971e-08
2.02396632786872e-09 -1.379850433913532e-08
3.476388066303571e-10 -1.41404115638899e-08
5.187253959704208e-10 -1.413386846449427e-08
6.88054058173293e-10 -1.411759603664464e-08
8.551815922075434e-10 -1.409169109178876e-08
1.019686890479932e-09 -1.405630434270222e-08
1.181159836605161e-09 -1.401159388514372e-08
1.339192423621682e-09 -1.395778159718475e-08
1.493420054288208e-09 -1.389507625626507e-08
1.643474245582865e-09 -1.382374242853146e-08
1.789018599929193e-09 -1.374408087340129e-08
1.929759241292572e-09 -1.3656382469307e-08
3.46633499681559e-10 -1.397342197506646e-08
5.081697285191922e-10 -1.396838522627064e-08
6.680284103666168e-10 -1.395403176340793e-08
8.257993178162337e-10 -1.393048021380849e-08
9.810960932554735e-10 -1.389784531902194e-08
1.133538041209192e-09 -1.385628173311559e-08
1.28276134159222e-09 -1.380596803546297e-08
1.428400620007153e-09 -1.374713198831756e-08
1.570131025196986e-09 -1.368000623891419e-08
1.70765013240981e-09 -1.360485341050932e-08
1.840648300444059e-09 -1.352196615789225e-08
3.468915155124819e-10 -1.381580394532733e-08
4.992859459207466e-10 -1.38122067672164e-08
6.500762150807304e-10 -1.379969444270657e-08
7.988919525914184e-10 -1.377836100768803e-08
9.453724469921099e-10 -1.374830638223301e-08
1.089148549127117e-09 -1.370969887615203e-08
1.229898183296996e-09 -1.366268914670954e-08
1.367294277798692e-09 -1.360748491663344e-08
1.501015978178089e-09 -1.354430051447864e-08
1.630788282191986e-09 -1.347337086343714e-08
1.756321865720167e-09 -1.339498534314032e-08
3.483767718748254e-10 -1.366716906314736e-08
4.920058804813721e-10 -1.366494811749774e-08
6.341021041578188e-10 -1.365418400567364e-08
7.743264918147474e-10 -1.363494783745978e-08
9.123380939612957e-10 -1.360734785960105e-08
1.047801179154817e-09 -1.357151707681581e-08
1.180405995171441e-09 -1.352761735962105e-08
1.309851782593796e-09 -1.347581624067118e-08
1.435859875442702e-09 -1.341632588358621e-08
1.558148943203719e-09 -1.334937393959734e-08
1.676480065881947e-09 -1.327519483229622e-08
3.51034867840383e-10 -1.35271395751424e-08
4.862543701023014e-10 -1.352624434680649e-08
6.200143731760477e-10 -1.351714323805098e-08
7.519768141506233e-10 -1.34999061929264e-08
8.818462626791757e-10 -1.347462147416323e-08
1.00930463986515e-09 -1.344141564718626e-08
1.13407128132792e-09 -1.340044014641606e-08
1.25586774313291e-09 -1.335184873774153e-08
1.374412361698774e-09 -1.329583154685565e-08
1.489474099614085e-09 -1.323259413155142e-08
1.600820587199792e-09 -1.316236891701905e-08
3.548342730752552e-10 -1.33953720338198e-08
4.819717958071124e-10 -1.339576061187842e-08
6.076977809854611e-10 -1.3388246344892e-08
7.317325634303984e-10 -1.337291105629745e-08
8.537563989108321e-10 -1.33498163079615e-08
9.735084960382778e-10 -1.331909726953739e-08
1.090711743145789e-09 -1.328087728680316e-08
1.20511789436506e-09 -1.323530712804555e-08
1.31646094025939e-09 -1.318255415938552e-08
1.424533491167779e-09 -1.312281761034484e-08
1.529106619102549e-09 -1.305629887538018e-08
3.597326880822038e-10 -1.327154275365672e-08
4.79096984307148e-10 -1.327317072918888e-08
5.971076966204691e-10 -1.32671937325135e-08
7.134820512177953e-10 -1.325365622806274e-08
8.279549268408459e-10 -1.323265808039764e-08
9.402625344989701e-10 -1.320428349993463e-08
1.050171061223182e-09 -1.316866893308344e-08
1.157419493580392e-09 -1.312594349878182e-08
1.261790449902378e-09 -1.307626384949856e-08
1.363082424710171e-09 -1.301981522594531e-08
1.461081367004624e-09 -1.295678520030208e-08
3.657117941813226e-10 -1.315536596324662e-08
4.775845274807011e-10 -1.315819520009143e-08
5.881464204549047e-10 -1.31536854741654e-08
6.971387911391957e-10 -1.314188369239133e-08
8.043120613976384e-10 -1.312287056798311e-08
9.094311970159197e-10 -1.309672947868989e-08
1.012269046363201e-09 -1.30635719464145e-08
1.112598679853249e-09 -1.302352914400728e-08
1.210217592806373e-09 -1.297675200628845e-08
1.304920949074528e-09 -1.292339890657246e-08
1.396528781505424e-09 -1.286364170738352e-08
3.727369524142432e-10 -1.304656954692618e-08
4.77380468488775e-10 -1.305056573919217e-08
5.80748449330315e-10 -1.304747115904448e-08
6.826148535310494e-10 -1.303732521940049e-08
7.827285486428082e-10 -1.3020207134673e-08
8.808822560268936e-10 -1.29961791883737e-08
9.768735820259167e-10 -1.296535956374356e-08
1.070494692889667e-09 -1.292785900552929e-08
1.161545637451411e-09 -1.288382123210141e-08
1.249845560380436e-09 -1.28333796922675e-08
1.335239696587109e-09 -1.27767079138863e-08
3.808136028737863e-10 -1.294488882752631e-08
4.784673768298831e-10 -1.295002582946125e-08
5.748734821509061e-10 -1.294830559439575e-08
6.698208654398741e-10 -1.293975637750577e-08
7.631031362365093e-10 -1.29244424051933e-08
8.545156804373732e-10 -1.290243595297724e-08
9.438663184369034e-10 -1.287383633030714e-08
1.030961094272698e-09 -1.283874156987608e-08
1.115627923375939e-09 -1.279727890324267e-08
1.19769694162386e-09 -1.274959471331272e-08
1.277020822421093e-09 -1.269582294849414e-08
3.899002232188309e-10 -1.285010098328598e-08
4.807785281002452e-10 -1.2856361586433e-08
5.704465788625157e-10 -1.285596656908083e-08
6.587012046921359e-10 -1.2848954289435e-08
7.453567762993885e-10 -1.283537626184383e-08
8.302200038556862e-10 -1.281529371510715e-08
9.131045919374969e-10 -1.278880046307052e-08
9.938546652321634e-10 -1.275598998651262e-08
1.072297362014751e-09 -1.271697375182512e-08
1.148288908403572e-09 -1.267188581843826e-08
1.221685641539239e-09 -1.262086218867253e-08
3.999945930033277e-10 -1.276198591249056e-08
4.843078160732261e-10 -1.276934952221254e-08
5.674373193542692e-10 -1.277024341828081e-08
6.491998050250913e-10 -1.276472011424445e-08
7.294032045024323e-10 -1.275281119594851e-08
8.078815394441108e-10 -1.273457433947911e-08
8.844891485892958e-10 -1.271008454040157e-08
9.590556127037075e-10 -1.267944232941076e-08
1.031423835229361e-09 -1.264275073520338e-08
1.101483571019912e-09 -1.260011328607646e-08
1.169077501472771e-09 -1.25516755877797e-08
4.110927154243882e-10 -1.26803456068636e-08
4.89023377348019e-10 -1.268879384896948e-08
5.657996293706447e-10 -1.269096228107003e-08
6.412265163291408e-10 -1.268687566113869e-08
7.151633729662876e-10 -1.267656729586619e-08
7.874405572039223e-10 -1.266009874711926e-08
8.579117416473991e-10 -1.263753335312146e-08
9.264363720618007e-10 -1.260895710064602e-08
9.92884330308641e-10 -1.257445825242343e-08
1.057126164383249e-09 -1.253415110591405e-08
1.11904496780113e-09 -1.248815595378261e-08
4.231871519877473e-10 -1.260499499222689e-08
4.94920437965618e-10 -1.261452753364978e-08
5.6549509519499e-10 -1.261794202456201e-08
6.347716796639702e-10 -1.261525134355068e-08
7.025868775656363e-10 -1.260649501455546e-08
7.68798025241324e-10 -1.259172804912723e-08
8.332809997568802e-10 -1.257099985219057e-08
8.95907903419868e-10 -1.254439024878096e-08
9.565489511587089e-10 -1.251197784268854e-08
1.015089678979564e-09 -1.247387915181974e-08
1.071439825750531e-09 -1.243019481789176e-08
4.362864514106946e-10 -1.253578046922499e-08
5.019656912352843e-10 -1.254638071213066e-08
5.665069524596333e-10 -1.255101989006135e-08
6.297590227077876e-10 -1.254969483888146e-08
6.915988892686187e-10 -1.254244608173138e-08
7.51890327777005e-10 -1.252931158823856e-08
8.105203175290399e-10 -1.251034492666392e-08
8.673555207394656e-10 -1.248561104505441e-08
9.223056762763804e-10 -1.245519642978365e-08
9.752575413912723e-10 -1.241919195260621e-08
1.026129625714134e-09 -1.237768959549967e-08
4.503727391025336e-10 -1.247253400560311e-08
5.101551403541293e-10 -1.248420550270524e-08
5.687953441579907e-10 -1.249005038284068e-08
6.261727802936434e-10 -1.24900649267623e-08
6.821627707154221e-10 -1.248427772271299e-08
7.366568466338208e-10 -1.24727295713889e-08
7.895364362298096e-10 -1.245545810935056e-08
8.407041729441289e-10 -1.243253061611327e-08
8.900605807937723e-10 -1.240401503732613e-08
9.375124010446712e-10 -1.236999891407464e-08
9.829907998692988e-10 -1.233057117522307e-08
4.654727714381579e-10 -1.241512342931017e-08
5.194860097645915e-10 -1.242787334154727e-08
5.723514995281676e-10 -1.243491071223346e-08
6.239696537235773e-10 -1.243624508928676e-08
6.742335578735492e-10 -1.243188585409172e-08
7.2303485421088e-10 -1.242186509209375e-08
7.702706250611868e-10 -1.240623176412825e-08
8.158622666343263e-10 -1.238503405387448e-08
8.597099698803845e-10 -1.235833074764159e-08
9.017474544847914e-10 -1.232621138491652e-08
9.419033331070636e-10 -1.228876111980526e-08
4.816003151830728e-10 -1.236341673482855e-08
5.299505279054983e-10 -1.237725333336215e-08
5.771620958938684e-10 -1.238549002247069e-08
6.231301030723557e-10 -1.238811558890163e-08
6.677640662644535e-10 -1.238515184853739e-08
7.109727251375375e-10 -1.237662694553165e-08
7.526564926862989e-10 -1.236257052283918e-08
7.927604128710186e-10 -1.234303448338636e-08
8.311862309540174e-10 -1.231807750246006e-08
8.678756602265025e-10 -1.228775897699208e-08
9.027721903365205e-10 -1.225218015932228e-08
4.987513735343896e-10 -1.231731011630544e-08
5.415539128250657e-10 -1.233224011798484e-08
5.832027083485514e-10 -1.2341665578397e-08
6.236231531175918e-10 -1.234557561735627e-08
6.627284276916612e-10 -1.234398594451847e-08
7.004252733366911e-10 -1.233691448998542e-08
7.366465215596918e-10 -1.232439328369139e-08
7.713250038676733e-10 -1.230646051730844e-08
8.043917754108065e-10 -1.228317070278706e-08
8.357956549076562e-10 -1.225458945430802e-08
8.654926775264471e-10 -1.222078660489956e-08
5.169618066958037e-10 -1.227670165526717e-08
5.542998282592748e-10 -1.229274099179278e-08
5.90491433527518e-10 -1.230335516799741e-08
6.254409212758105e-10 -1.230854118627889e-08
6.590824552787922e-10 -1.230830670717609e-08
6.9135053237801e-10 -1.230265395113506e-08
7.221767628351472e-10 -1.22916258282757e-08
7.514978639378e-10 -1.227524348834663e-08
7.792678724527491e-10 -1.225356460743399e-08
8.05438937767633e-10 -1.222663542632674e-08
8.29968649362911e-10 -1.219453432677042e-08
5.362383870277654e-10 -1.224149714929013e-08
5.682104786686182e-10 -1.225865803311521e-08
5.990087315055348e-10 -1.227047724539077e-08
6.285699738484141e-10 -1.227693474659119e-08
6.568291466280129e-10 -1.227803547720896e-08
6.837344024290815e-10 -1.227378310098004e-08
7.091983666995816e-10 -1.226420937028294e-08
7.332257023762168e-10 -1.224933376953175e-08
7.557454662077134e-10 -1.222920092969204e-08
7.767175791428826e-10 -1.220386652844851e-08
7.961281633939166e-10 -1.217338269077217e-08
5.566278549196113e-10 -1.221161355369205e-08
5.832935245919657e-10 -1.222992435101489e-08
6.087725878956007e-10 -1.224295570478873e-08
6.330003188281808e-10 -1.225068496646387e-08
6.559288667773444e-10 -1.225311341279678e-08
6.775088268184959e-10 -1.225024170992128e-08
6.976983435436068e-10 -1.224209311700974e-08
7.16460890615167e-10 -1.222867884731471e-08
7.337657148553944e-10 -1.221004786167157e-08
7.49574402547637e-10 -1.218623363330451e-08
7.638818466659814e-10 -1.215730682790905e-08
5.781374268210016e-10 -1.218698997274004e-08
5.995675067538286e-10 -1.220647222188731e-08
6.197815594077838e-10 -1.222073031659221e-08
6.387350648395795e-10 -1.222974455039605e-08
6.563849463958604e-10 -1.223349360701675e-08
6.726880164009685e-10 -1.223198786703961e-08
6.876180735915227e-10 -1.2225233714247e-08
7.011554670199871e-10 -1.221325079958646e-08
7.132655577279934e-10 -1.219607453917249e-08
7.239385757529249e-10 -1.217373479800443e-08
7.331566465040851e-10 -1.214628703172238e-08
6.008127328982482e-10 -1.216756018163068e-08
6.170520761017428e-10 -1.218824874360536e-08
6.320519663205459e-10 -1.220375844823707e-08
6.457647749869011e-10 -1.221405582230162e-08
6.581735156885316e-10 -1.221913065174718e-08
6.692462140023281e-10 -1.221898326964066e-08
6.789503403936692e-10 -1.221361001224608e-08
6.872730162754692e-10 -1.220302497939585e-08
6.942145747146355e-10 -1.218725770302242e-08
6.997543655629102e-10 -1.216634137879424e-08
7.038921667756881e-10 -1.214032424590172e-08
6.246949624255649e-10 -1.215327927184262e-08
6.357819826163791e-10 -1.217521272689481e-08
6.456002399346517e-10 -1.219199419200123e-08
6.541179820018783e-10 -1.220359663323123e-08
6.612963510121972e-10 -1.221000323070598e-08
6.671555530246565e-10 -1.221120149441646e-08
6.716455169808455e-10 -1.220718987005043e-08
6.747824521369239e-10 -1.219798118068383e-08
6.765598081770463e-10 -1.218359224619547e-08
6.769715898968798e-10 -1.216405803861065e-08
6.760300097496952e-10 -1.213940814537295e-08
6.498155347145484e-10 -1.214410916272612e-08
6.55789533787754e-10 -1.216732875564119e-08
6.604479185767786e-10 -1.218541084702096e-08
6.637844718326846e-10 -1.219834006027654e-08
6.657798756748434e-10 -1.220608447649596e-08
6.664219176499842e-10 -1.220862816397883e-08
6.657103757135019e-10 -1.220596895779025e-08
6.636580174301798e-10 -1.219811485153599e-08
6.602717261827706e-10 -1.218507245104306e-08
6.555433973431946e-10 -1.216687661731441e-08
6.495066706690977e-10 -1.214355160872316e-08
6.762338466970164e-10 -1.214002715022033e-08
6.771112559533776e-10 -1.216456263497534e-08
6.766318616513445e-10 -1.218398532065734e-08
6.748007708168302e-10 -1.219826567533389e-08
6.71599553747626e-10 -1.220736378648724e-08
6.67044308677589e-10 -1.221126383343929e-08
6.611318159599477e-10 -1.220995404782599e-08
6.538782848508617e-10 -1.22034374272495e-08
6.453007017626078e-10 -1.2191719911403e-08
6.354214932002833e-10 -1.217482742399412e-08
6.242677486056891e-10 -1.215278638833084e-08
7.039856475543615e-10 -1.21410039244374e-08
6.997827872723406e-10 -1.216691153382854e-08
6.941752728195638e-10 -1.21877187231334e-08
6.871807567421229e-10 -1.220337553231587e-08
6.787873596536542e-10 -1.221384338112586e-08
6.690134002340642e-10 -1.221910828075323e-08
6.578831923675921e-10 -1.221914741611485e-08
6.454209389161747e-10 -1.221395545814019e-08
6.31638630288478e-10 -1.220354883813002e-08
6.165844501637707e-10 -1.218792933244117e-08
6.00287708429903e-10 -1.21671194230899e-08
7.331397711141108e-10 -1.214703171381615e-08
7.238530885800287e-10 -1.217437101130869e-08
7.131143453520394e-10 -1.219659778728399e-08
7.009466340690551e-10 -1.221366857651063e-08
6.873455138389772e-10 -1.222553475122012e-08
6.723538392705564e-10 -1.223217610535343e-08
6.559828236163412e-10 -1.223357037893891e-08
6.382668837900951e-10 -1.222970608116825e-08
6.192564239171361e-10 -1.222057444127955e-08
5.989800877514995e-10 -1.220620671205097e-08
5.774943856451387e-10 -1.218660466983934e-08
7.637492860368411e-10 -1.215811268329148e-08
7.493839992989137e-10 -1.218693684856831e-08
7.335093643590085e-10 -1.221063822276491e-08
7.161404802502602e-10 -1.222915957388437e-08
6.973092103734757e-10 -1.224245732567297e-08
6.770556337798439e-10 -1.225049567343817e-08
6.554136122716159e-10 -1.225325174658565e-08
6.324182288963698e-10 -1.225070644927939e-08
6.081296577420403e-10 -1.224286100276473e-08
5.825896431943534e-10 -1.222972062508987e-08
5.558689064599776e-10 -1.221129319883829e-08
7.958864678414557e-10 -1.217425887878321e-08
7.764181519931412e-10 -1.22046278083765e-08
7.553730974052542e-10 -1.222986023563521e-08
7.327908280174711e-10 -1.22498796106818e-08
7.087065378996726e-10 -1.226464063641686e-08
6.831586407685108e-10 -1.227410251214422e-08
6.561917675895756e-10 -1.227824075744621e-08
6.278760844580233e-10 -1.227702089989791e-08
5.982511153135306e-10 -1.22704451044342e-08
5.67396463146963e-10 -1.225851159469826e-08
5.353696375109962e-10 -1.224123113985343e-08
8.296254794259994e-10 -1.219547085540285e-08
8.0503304022983e-10 -1.222746853768442e-08
7.787941402881415e-10 -1.225429041573634e-08
7.509487476298204e-10 -1.227585733065695e-08
7.215595898557581e-10 -1.229212537312563e-08
6.906704097531247e-10 -1.230304197408216e-08
6.583438239005091e-10 -1.230857260559048e-08
6.246361206052597e-10 -1.230869428603398e-08
5.896190202747675e-10 -1.230338458890756e-08
5.533676850077995e-10 -1.229265422786341e-08
5.159632721074559e-10 -1.227650242574541e-08
8.650358207518138e-10 -1.222180240345594e-08
8.352721847515454e-10 -1.225549667305259e-08
8.03803801296965e-10 -1.228396889763061e-08
7.706573157406638e-10 -1.230714175015635e-08
7.35917327077118e-10 -1.232495788761057e-08
6.996172530193689e-10 -1.233736296457622e-08
6.618622316878486e-10 -1.234431573626793e-08
6.226971160927519e-10 -1.234578894671046e-08
5.822177184811039e-10 -1.234176311148971e-08
5.404992009516718e-10 -1.233221952334773e-08
4.976377088183881e-10 -1.231716884042555e-08
9.022053104601468e-10 -1.225326712317454e-08
8.672422779909539e-10 -1.228874241254729e-08
8.304794629765411e-10 -1.231893881348256e-08
7.919785938170776e-10 -1.234378499415101e-08
7.518137223883059e-10 -1.236320906761179e-08
7.100562360307094e-10 -1.237714336577156e-08
6.667851826236415e-10 -1.238555086269244e-08
6.220777226673135e-10 -1.238839109074519e-08
5.760464327764225e-10 -1.238564212302506e-08
5.287716930979514e-10 -1.237728997072196e-08
4.803619724214059e-10 -1.236333518894739e-08
9.412400858721526e-10 -1.228991675095159e-08
9.010155954669585e-10 -1.232726631883452e-08
8.588993960501057e-10 -1.235927510334633e-08
8.149692032333178e-10 -1.238585456420083e-08
7.69309060899559e-10 -1.240694019744026e-08
7.220020137310712e-10 -1.242245151189536e-08
6.731328827669358e-10 -1.243235103753904e-08
6.227961479865485e-10 -1.243659225602656e-08
5.711174866362967e-10 -1.243513264581608e-08
5.181848283797308e-10 -1.242797104117344e-08
4.641216300171891e-10 -1.241508890137411e-08
9.822092028599627e-10 -1.233181312620957e-08
9.366567521595925e-10 -1.237112490226622e-08
8.891265501631551e-10 -1.240502689459078e-08
8.39695535326257e-10 -1.243342712120565e-08
7.884540798031026e-10 -1.245623615364622e-08
7.355061004687968e-10 -1.24733857687076e-08
6.809423025444516e-10 -1.248481618087993e-08
6.248753736670665e-10 -1.249047465456954e-08
5.674355429974298e-10 -1.249033415584577e-08
5.087289478566959e-10 -1.248436354295279e-08
4.488880378517024e-10 -1.247256142811182e-08
1.025237339469243e-09 -1.237901253725582e-08
9.74292979627478e-10 -1.24204018181473e-08
9.21252296670616e-10 -1.24562918313309e-08
8.662296435701933e-10 -1.248658687558191e-08
8.093138381681797e-10 -1.251119458034466e-08
7.506145704994083e-10 -1.253003983903156e-08
6.902540761188902e-10 -1.254304832221109e-08
6.283374931470576e-10 -1.255017234580436e-08
5.650118151123706e-10 -1.255136844457994e-08
5.004129333130436e-10 -1.254660075833414e-08
4.346677462407911e-10 -1.253586379146299e-08
1.070443067519022e-09 -1.243159580832653e-08
1.014009431976604e-09 -1.247516756563982e-08
9.553827728936426e-10 -1.251315323580471e-08
8.946574592272327e-10 -1.254544346185327e-08
8.319551714208728e-10 -1.257192688841613e-08
7.673898183568895e-10 -1.259252868646143e-08
7.011015101809903e-10 -1.260717480411344e-08
6.332169233402851e-10 -1.261579885003528e-08
5.638740585567348e-10 -1.261835241850306e-08
4.932358965703543e-10 -1.261480836456386e-08
4.214382176570552e-10 -1.26051463711363e-08
1.117932191263549e-09 -1.248964193178992e-08
1.055924570003697e-09 -1.253552694979732e-08
9.9159891409073e-10 -1.257571324853046e-08
9.250712418307216e-10 -1.261008997222035e-08
8.564590148196771e-10 -1.263854332300696e-08
7.859030093371189e-10 -1.266098337282529e-08
7.135557700266304e-10 -1.267732074872185e-08
6.395476370713027e-10 -1.268749311167383e-08
5.640459210809468e-10 -1.269144761506524e-08
4.872107162157135e-10 -1.268914118224274e-08
4.092111094422535e-10 -1.268055282999114e-08
1.167859364770152e-09 -1.255325471349877e-08
1.100165847311985e-09 -1.260157456162148e-08
1.030018959014001e-09 -1.264408988621568e-08
9.575565895758587e-10 -1.268066640580656e-08
8.829059705561804e-10 -1.271118021950457e-08
8.062208678438765e-10 -1.27355317403044e-08
7.2765515835016e-10 -1.275363342712055e-08
6.473739322387928e-10 -1.276541045092117e-08
5.655492740785917e-10 -1.27708042474417e-08
4.823489385685775e-10 -1.276975858388596e-08
3.979691021172016e-10 -1.27622539203287e-08
1.220342937813257e-09 -1.26225331853469e-08
1.146853279010429e-09 -1.267344057476194e-08
1.070766475486096e-09 -1.271840960326287e-08
9.922304089471368e-10 -1.275730032723743e-08
9.113892973644511e-10 -1.27899808521903e-08
8.284170016636949e-10 -1.281633749128375e-08
7.434772797410005e-10 -1.283628275894344e-08
6.567462129680735e-10 -1.284972045434429e-08
5.684092085900261e-10 -1.285658646210663e-08
4.786784302268643e-10 -1.285684059215697e-08
3.877309584510158e-10 -1.285043221832538e-08
1.275560546076804e-09 -1.269760685485011e-08
1.196131860226046e-09 -1.275124927868632e-08
1.113972802890828e-09 -1.279881156612817e-08
1.029205276559253e-09 -1.284014072844286e-08
9.420200175469517e-10 -1.287509976410917e-08
8.525830041961058e-10 -1.290356738126164e-08
7.610883034914195e-10 -1.292542894937299e-08
6.677207675664931e-10 -1.294060053558255e-08
5.726974450226407e-10 -1.294900264792176e-08
4.762084060416782e-10 -1.295057533434729e-08
3.785020075142143e-10 -1.294528656492488e-08
1.333665067271284e-09 -1.277858613368821e-08
1.248163128408919e-09 -1.283513384464641e-08
1.159761842117746e-09 -1.288544348998499e-08
1.068610755439181e-09 -1.292935947194707e-08
9.748938323284051e-10 -1.296672330619586e-08
8.788179073349056e-10 -1.299740581828246e-08
7.805651680570236e-10 -1.302128088687127e-08
6.803587693227087e-10 -1.303825475362785e-08
5.784238643613548e-10 -1.304824465142573e-08
4.749824977778871e-10 -1.30511871865302e-08
3.702718132103655e-10 -1.304703345361702e-08
1.394835247303661e-09 -1.286563289237819e-08
1.303105401362359e-09 -1.292525952933943e-08
1.208302013999685e-09 -1.297848534198565e-08
1.110577962926129e-09 -1.302512858680771e-08
1.010141192914205e-09 -1.306502511733143e-08
9.072166351486999e-10 -1.309803604465642e-08
8.019940267445236e-10 -1.312402897468701e-08
6.947324937556232e-10 -1.314289144183078e-08
5.85660631102769e-10 -1.315454128958393e-08
4.750257964758475e-10 -1.315889031072714e-08
3.630813427690782e-10 -1.315590220096752e-08
1.459267151560084e-09 -1.29588871855546e-08
1.361148083134367e-09 -1.302178959106115e-08
1.259742088421945e-09 -1.30781052654072e-08
1.155261775132033e-09 -1.312764180694259e-08
1.047897879580262e-09 -1.317022407798518e-08
9.378930965198151e-10 -1.320569753548995e-08
8.254879002578264e-10 -1.323391135565899e-08
7.10928427238855e-10 -1.325475440516755e-08
5.944646996880465e-10 -1.326812743007721e-08
4.763741623392548e-10 -1.327394244521329e-08
3.569280426773958e-10 -1.327214749213823e-08
1.527162951653338e-09 -1.305851765609489e-08
1.422468254297371e-09 -1.312490732763294e-08
1.314274689079298e-09 -1.318451120502218e-08
1.202811295009099e-09 -1.323711568135266e-08
1.088295564777297e-09 -1.328254417565233e-08
9.709887338615886e-10 -1.332060978187499e-08
8.511343851935749e-10 -1.335117222334148e-08
7.29011850886252e-10 -1.337409827328884e-08
6.048949119374925e-10 -1.33892721354556e-08
4.790808860732909e-10 -1.339660860022462e-08
3.518589863915622e-10 -1.339604766004143e-08
1.598749799214261e-09 -1.316472347800968e-08
1.487276302114537e-09 -1.323481318982189e-08
1.372090663309677e-09 -1.329790710880019e-08
1.253407821977248e-09 -1.335377658451264e-08
1.131503335471962e-09 -1.340221322809754e-08
1.006619010368581e-09 -1.344303968142668e-08
8.790559391513852e-10 -1.347607386792404e-08
7.490881248628511e-10 -1.350119027687668e-08
6.170273181282937e-10 -1.351825507089899e-08
4.831831601492809e-10 -1.352717637903567e-08
3.478838328518918e-10 -1.352788953079553e-08
1.674270944107548e-09 -1.327767779057965e-08
1.555800266395124e-09 -1.335172139516061e-08
1.433386187521535e-09 -1.341853372860413e-08
1.307243535642044e-09 -1.347787137451206e-08
1.177674846530863e-09 -1.352950806943198e-08
1.044954345275073e-09 -1.357324885820077e-08
9.093705788387751e-10 -1.360890894419597e-08
7.712654959135534e-10 -1.363632951001392e-08
6.309361921807977e-10 -1.365538754294349e-08
4.887492632832391e-10 -1.366597301988293e-08
3.45039885552012e-10 -1.366799540214458e-08
1.753982847851887e-09 -1.339761029894859e-08
1.628299051148474e-09 -1.347586287003821e-08
1.498382418141375e-09 -1.354663398123179e-08
1.364528490199746e-09 -1.360966239705164e-08
1.22700660742936e-09 -1.366471030772587e-08
1.086130962946186e-09 -1.371154634277616e-08
9.422316260554453e-10 -1.374997687930701e-08
7.956431069544578e-10 -1.377984765182916e-08
6.467267832377388e-10 -1.380099318160077e-08
4.958398136523101e-10 -1.381331471428382e-08
3.43365114119365e-10 -1.381671876909962e-08
1.838166729939417e-09 -1.35247433252772e-08
1.705011354324881e-09 -1.360748724810179e-08
1.567347918118855e-09 -1.368248991884258e-08
1.425468076909908e-09 -1.374945157728291e-08
1.279691574929132e-09 -1.380811925910663e-08
1.13034681614721e-09 -1.385824688338033e-08
9.777830767276896e-10 -1.38996268383984e-08
8.223585146183154e-10 -1.393207782474093e-08
6.644739203309769e-10 -1.395543669513444e-08
5.045239781509281e-10 -1.396958237975809e-08
3.428958228468559e-10 -1.397441456996162e-08
1.927127124545791e-09 -1.365932067454168e-08
1.786232273204291e-09 -1.374686847688267e-08
1.640531377411492e-09 -1.382637726532465e-08
1.490326195785485e-09 -1.389753384595238e-08
1.335951127501289e-09 -1.39600649928795e-08
1.177779984651295e-09 -1.401369936759878e-08
1.01617514403074e-09 -1.405821686839559e-08
8.515506078055068e-10 -1.409340738556253e-08
6.84304390929924e-10 -1.411910321991172e-08
5.148697024282001e-10 -1.413517075610216e-08
3.436799733691487e-10 -1.414149991552094e-08
2.021197986756817e-09 -1.380161346320463e-08
1.872277888281815e-09 -1.389429149512011e-08
1.718211906087674e-09 -1.397861487673069e-08
1.559340656598351e-09 -1.405425814615668e-08
1.396020077315541e-09 -1.412090666619292e-08
1.228640300610095e-09 -1.417828121574871e-08
1.057606113796794e-09 -1.42261315505543e-08
8.833535014574068e-10 -1.426423151817957e-08
7.063241103111295e-10 -1.429240964467837e-08
5.269790159800891e-10 -1.431049800881823e-08
3.457829578223937e-10 -1.431839274923519e-08
2.120725706156179e-09 -1.395189602737545e-08
1.96347182956913e-09 -1.405006455623692e-08
1.800716575850458e-09 -1.413954520135263e-08
1.632810553431341e-09 -1.42199818031763e-08
1.460152332377618e-09 -1.429103324568359e-08
1.283157691212011e-09 -1.435239099789598e-08
1.102264834962341e-09 -1.440379238104583e-08
9.179438320572331e-10 -1.444499542202493e-08
7.306530935835553e-10 -1.447579800473164e-08
5.40926747838455e-10 -1.44960323189558e-08
3.492387490311444e-10 -1.450556874615927e-08
2.226098416713285e-09 -1.411048639043955e-08
2.060182802132715e-09 -1.421452916483545e-08
1.888367684443892e-09 -1.430952872860658e-08
1.711041086593923e-09 -1.439509073053458e-08
1.528630000358078e-09 -1.447084546635224e-08
1.341573296897991e-09 -1.453647319182849e-08
1.150359474344498e-09 -1.459166254491606e-08
9.55483692166581e-10 -1.463616555730241e-08
7.574543214872165e-10 -1.466975957375993e-08
5.568195904359641e-10 -1.469226235117915e-08
3.541292814546182e-10 -1.470353672150537e-08
2.337724347434289e-09 -1.427770085493663e-08
2.162786949533313e-09 -1.438804131392857e-08
1.981528496841634e-09 -1.44889540920623e-08
1.794363657658948e-09 -1.458000675746973e-08
1.601741739243323e-09 -1.46608019058192e-08
1.404156679818414e-09 -1.473098687476693e-08
1.20211751664101e-09 -1.479022804229402e-08
9.961701463723216e-10 -1.483825451398246e-08
7.868595774951359e-10 -1.487481648965172e-08
5.74781777729072e-10 -1.489972589752142e-08
3.605146181584473e-10 -1.491282913823611e-08
2.456067682565788e-09 -1.445389713472522e-08
2.271730248359916e-09 -1.457099685353569e-08
2.080596805953405e-09 -1.467824634060477e-08
1.883142752845401e-09 -1.477518724035676e-08
1.679831274081778e-09 -1.486138367923218e-08
1.471206156899996e-09 -1.493644607997169e-08
1.25780008630727e-09 -1.500001922671856e-08
1.04021624647288e-09 -1.505180402538997e-08
8.190483846703955e-10 -1.509153901846361e-08
5.949188919274206e-10 -1.511900377115794e-08
3.684830218730895e-10 -1.513403974362504e-08
