1.491026273234163 -0.5075443281837005
0.000805738508173337 -0.01713652578001545
0.0006476118280672738 -0.01713402623890586
0.0004893446567801885 -0.01712725305623858
0.0003311081548651451 -0.01711616363465024
0.0001730833899611373 -0.01710072401884488
1.545548622383652e-05 -0.01708090955873787
-0.0001415865002823979 -0.01705670509404711
-0.0002978507104136607 -0.01702810497784157
-0.0004531358762929205 -0.01699511394879183
-0.0006072558639454995 -0.01695775053692988
0.0009676138879893825 -0.01729450325374349
0.0008055241372512123 -0.01729665842773687
0.0006430645107173838 -0.01729441694155226
0.0004804109605612839 -0.01728772399592043
0.0003177479002396399 -0.01727653113104621
0.0001552649192778643 -0.01726080097209298
-6.843213064544607e-06 -0.01724050396264987
-0.000168377697208677 -0.01721562024872986
-0.0003291353401743136 -0.01718614320975609
-0.0004889101330760592 -0.01715207376922639
-0.0006474901569821778 -0.01711342692145906
0.0009722282947403071 -0.01745853869155234
0.0008056872015324013 -0.01746118861099527
0.0006387120928005308 -0.01745926052894575
0.0004714880471680116 -0.01745269500597246
0.0003042085651893123 -0.01744143851536678
0.0001370723284418451 -0.0174254464452982
-2.971468342405359e-05 -0.01740468517227572
-0.0001959445035848439 -0.01737913272257507
-0.0003614023667385391 -0.01734877570784193
-0.0005258709994762079 -0.0173136132073578
-0.0006891275250703321 -0.01727365966492134
0.0009774572624151601 -0.01762708416924919
0.0008062874900477413 -0.01763029513203462
0.0006346096696070447 -0.01762874305620316
0.0004626215520351362 -0.01762235856423494
0.0002905261038869122 -0.01761108176247922
0.0001185336725590957 -0.01759486242160785
-5.314382592536138e-05 -0.01757366170839936
-0.0002242826639301532 -0.01754745168058847
-0.0003946581253561066 -0.01751621565456346
-0.0005640409662520662 -0.01747994928146224
-0.0007322021275020241 -0.01743865720640797
0.00098338280973298 -0.01780031839127794
0.0008073902776857267 -0.0178041682270032
0.0006308186809033112 -0.01780305957220385
0.0004538634557006427 -0.01779691608896722
0.0002767435263849594 -0.01778566952139327
9.967663347554279e-05 -0.01776926201549356
-7.710968120244743e-05 -0.01774764934992296
-0.0002533835474559654 -0.01772079867222998
-0.000428905977336469 -0.01768868801777174
-0.0006034457116262937 -0.01765130589777197
-0.0007767375273599608 -0.0176086579223737
0.0009900895735455162 -0.01797842249939108
0.0008090800520530461 -0.01798299922250501
0.0006274019878401704 -0.01798241208161772
0.0004452724541483821 -0.01797657993258184
0.0002629064538847148 -0.01796541867212642
8.054000456092503e-05 -0.01794886874143631
-0.0001015886569030178 -0.01792687801036613
-0.0002832344401338949 -0.01789940686770664
-0.0004641568537850915 -0.01786643513461261
-0.0006440847873695477 -0.01782793462048249
-0.0008227624753955887 -0.01778391279069524
0.0009976715895075872 -0.01816159748212276
0.0008114398535128409 -0.01816699561514912
0.0006244445876439908 -0.01816701642937724
0.0004369110119482045 -0.01816156365363636
0.0002490710734039947 -0.01815055839155544
6.116673992895283e-05 -0.01813391835517053
-0.0001265495089075586 -0.01811158935312257
-0.000313823127719659 -0.01808353621752617
-0.0005003885133324504 -0.0180497056200527
-0.0006859734626741831 -0.01801008716830305
-0.0008703023568518153 -0.01796467579496147
0.00100623469317862 -0.01835005887719932
0.000814563467745999 -0.01835637204698487
0.0006220284329915282 -0.01835709372978639
0.0004288599301500717 -0.01835210883712679
0.0002353022158239071 -0.01834132376373521
4.160676583064848e-05 -0.01832465914107423
-0.0001519504878791933 -0.01830204967875632
-0.0003451140538196507 -0.01827343112432778
-0.0005375988044756808 -0.01823876793692147
-0.0007291182922776196 -0.01819803463813607
-0.0009193810004978209 -0.01815123333874569
0.001015887378491231 -0.01854399949081337
0.0008185571714778295 -0.01855136246788952
0.0006202459195182586 -0.01855288984861253
0.0004211968689856738 -0.01854846599811494
0.0002216655507079057 -0.01853798659897532
2.193458890553668e-05 -0.01852135448814479
-0.0001777456519423959 -0.01849852043069061
-0.000377079710245809 -0.01846938667704379
-0.0005757722426074086 -0.0184339171896658
-0.0007735203929025714 -0.01839207927452846
-0.0009700130289975739 -0.01834385700576296
0.001026757641665377 -0.01874365256474086
0.0008235346873362026 -0.01875218103775644
0.0006192147332677589 -0.01875463794446225
0.0004140298924915076 -0.01875088176115036
0.0002082675161927394 -0.01874079816815011
2.195015962325186e-06 -0.01872429521173674
-0.0002038923153622196 -0.01870127964513779
-0.0004096954783577855 -0.01867167566368944
-0.0006148977642522757 -0.01863543087894998
-0.0008191746974707259 -0.01859249808800645
-0.001022214146931932 -0.01854286468393473
0.001038993911816388 -0.01894925432404115
0.0008296363768164339 -0.01895908683594416
0.0006190303855962975 -0.01896258717817173
0.0004074463366362524 -0.01895960474336666
0.000195162193787457 -0.01895002620447056
-1.752885426387074e-05 -0.01893373138192583
-0.0002303213974245155 -0.0189106202948488
-0.0004428983141760989 -0.01888060866649433
-0.0006549316036371655 -0.01884362641593651
-0.000866081606005431 -0.01879963168767523
-0.001076004364299665 -0.01874858766257526
0.001052721063373729 -0.01916103610952252
0.0008369754087351744 -0.01917232236716465
0.000619829844561437 -0.01917701169356884
0.000401560221930386 -0.0191749364899374
0.0001824658433038362 -0.01916597294103334
-3.714927440767735e-05 -0.01914998643442684
-0.0002569642810920092 -0.01912686430227017
-0.0004766453587157216 -0.01909651031395604
-0.0006958449747017648 -0.01905884279087883
-0.0009142087871495397 -0.01901381126071211
-0.001131368501020691 -0.01896136854630232
0.001068113463571052 -0.01937925320174061
0.0008457167772720764 -0.01939215818540579
0.0006217456039195879 -0.01939818294422957
0.0003965044197065115 -0.0193971657081361
0.0001702925099191788 -0.01938894515487166
-5.656764091577227e-05 -0.01937337985241061
-0.0002837390625594072 -0.01935034312377709
-0.0005108704400351716 -0.01931972547655575
-0.0007375975543760793 -0.01928143729804699
-0.0009635386752347985 -0.01923540375135452
-0.001188312319592044 -0.01918158004975817
0.001085348997076796 -0.01960416621049449
0.0008560274321063321 -0.01961887026494435
0.0006249441340802075 -0.01962641027887857
0.0003924201079890111 -0.01962659923518756
0.00015876992685393 -0.019619264741151
-7.567234219452157e-05 -0.01960424756106893
-0.0003105516304054978 -0.01958140596718394
-0.0005454998926921473 -0.01955061636182764
-0.0007801285775854705 -0.01951177294558576
-0.001014038089069191 -0.01946479285460545
-0.001246825257528283 -0.01940961466261759
0.001104621932851768 -0.01983604610926443
0.000868082240139012 -0.0198527520041773
0.000629593971313791 -0.01986199019716856
0.0003894682736192978 -0.01986355996835509
0.0001480409047052156 -0.01985726933487253
-9.433737822384103e-05 -0.0198429426751095
-0.0003372943051742627 -0.01982042066444495
-0.0005804423252362412 -0.01978956272812726
-0.0008233730788327343 -0.01975024939169595
-0.001065667360177769 -0.01970238214183023
-0.001306887835698212 -0.01964588882986973
0.001126145282481228 -0.02007517438936962
0.0008821011188718808 -0.02009409828356884
0.0006358844388687501 -0.02010524080682841
0.000387822646909175 -0.02010838295413164
0.000138264167677038 -0.02010331381659991
-0.000112420847843353 -0.02008983626164113
-0.0003638452622345412 -0.02006777350823247
-0.0006155976136636987 -0.02003696896197449
-0.000867251630130017 -0.01999728368966652
-0.001118361735662821 -0.01994860449048214
-0.001368468922354316 -0.0198908444219365
0.001150149823176294 -0.02032185407330767
0.0008982940143085205 -0.02034322258516186
0.0006440244521114247 -0.0203564934367656
0.0003876774287638884 -0.02036141932236546
0.0001296193989878125 -0.02035776667118205
-0.0001297630592842491 -0.0203453184518923
-0.0003900622758693517 -0.02032387572973982
-0.0006508477328128759 -0.02029326076039412
-0.0009116695084566695 -0.02025331723866369
-0.001172067506675201 -0.02020391078404643
-0.001431537008777406 -0.02014493640401349
0.001176894578356569 -0.02057636554420045
0.0009169066040489726 -0.02060044648859299
0.0006542391682377025 -0.02061609391148722
0.000389245900281554 -0.02062303850391051
0.0001223034337792805 -0.02062101872851763
-0.0001461850514914431 -0.02060979787023737
-0.000415789363524155 -0.02058915322556154
-0.0006860595941327041 -0.02055888354930668
-0.0009565284053830725 -0.02051881830250063
-0.001226687802922455 -0.02046879264709994
-0.001496024974591559 -0.02040868805438667
0.001206652110315343 -0.02083902891026918
0.0009382057415638911 -0.02086610490968477
0.0006667881911540663 -0.02088440038737432
0.0003927677729255175 -0.02089361811461687
0.0001165347479550327 -0.02089347643743111
-0.0001614872572730519 -0.02088370461051736
-0.0004408491340407439 -0.02086405828113203
-0.0007210798250838479 -0.02083432255891832
-0.001001680982567588 -0.02079427873770656
-0.00128212559597074 -0.02074375893411745
-0.001561870136661314 -0.02068261365983093
0.001239724261609787 -0.02111016903015517
0.0009624777418092423 -0.02114054888045952
0.0006819437938357931 -0.02116179014152492
0.0003985000140842576 -0.02117356432152195
0.000112556701860389 -0.02117556173137447
-0.0001754451676867497 -0.02116748951675845
-0.0004650395849966626 -0.02114907750226974
-0.0007557297103191196 -0.02112006026956004
-0.001046989249849806 -0.02108021634753626
-0.001338266250453746 -0.02102934749946367
-0.001628980748741959 -0.02096728253427821
0.001276440404863077 -0.02139011599687773
0.0009900450889743784 -0.0214241333297947
0.000700012436156694 -0.02144864900746074
0.000406736480409009 -0.02146329333242042
0.0001106417285740013 -0.0214677276320161
-0.000187804255541324 -0.02146162881324831
-0.0004881304478304704 -0.0214446898999141
-0.0007898039400591195 -0.02141662767839675
-0.001092275311849633 -0.02137718580129999
-0.001394961625389879 -0.02132613926159943
-0.001697252889521494 -0.02126328146470702
0.0013171613238665 -0.02167920367353837
0.00102125309438772 -0.02171723348461962
0.0007213316430372263 -0.02174537402410925
0.000417799722302048 -0.02176323210819048
0.0001111056922494802 -0.02177042664210543
-0.0001982863142840907 -0.02176660782637502
-0.0005098609159525092 -0.02175143193817403
-0.0008230733965407522 -0.0217245816246105
-0.001137340086886263 -0.02168577046538089
-0.001452049328316773 -0.02163473792627846
-0.001766552707216928 -0.02157125502945978
0.001362271025113659 -0.02197778016207608
0.001056486655232503 -0.02202022501278722
0.0007462671761003792 -0.02205238370606344
0.0004320396985072472 -0.02207383286906311
0.000114262167659307 -0.02208414684161703
-0.0002065799294458381 -0.02208294779470193
-0.0005299509946524728 -0.02206985143071133
-0.0008552805585233525 -0.02204450278617442
-0.001181956916105564 -0.02200658216682388
-0.00150933025638833 -0.02195579044249635
-0.001836730379673135 -0.0218918730034709
0.001412193555258678 -0.02228620621583344
0.001096149885056463 -0.02233349922502098
0.0007752214584704209 -0.02237010657399541
0.0004498430817844179 -0.02239554940309174
0.0001204867643794794 -0.02240939139296411
-0.0002123381381753386 -0.02241118902628331
-0.0005480770117906042 -0.02240052542083992
-0.0008861328183615846 -0.02237700764741968
-0.001225865574624674 -0.02234026887859791
-0.001566592233625541 -0.02228998181286923
-0.00190760172272908 -0.02222584522907406
0.001467389193916979 -0.02260484590182177
0.001140699027445624 -0.02265746305666821
0.000808630395191523 -0.02269897436613239
0.0004716313459477428 -0.02272888408189333
0.0001301870279595274 -0.02274668363374693
-0.0002151752958268194 -0.02275189548428719
-0.0005638790737515498 -0.02274405824841375
-0.0009153011477208706 -0.02272273458589197
-0.001268768399911191 -0.02268751982321171
-0.001623571629282394 -0.02263802695949518
-0.001978950130702262 -0.02257392755689391
0.001528357726810481 -0.02293406949161009
0.001190626593685629 -0.02299252815213726
0.0008469769682596384 -0.0230394641930976
0.0004978753997262331 -0.02307432790731073
0.0001438130448472297 -0.02309656686774003
-0.0002146632215384026 -0.02310565503069223
-0.0005769550919524358 -0.02310108224764207
-0.0009424131078038522 -0.02308236230922694
-0.001310335677114471 -0.02304904181827327
-0.001679970789806973 -0.02300068754552897
-0.0020505223544518 -0.02293692141999176
0.001595641509976709 -0.02327425241062409
0.001246460488343981 -0.02333911963404289
0.0008907915687762502 -0.02339203338497875
0.0005290871096294003 -0.02343239205942782
0.0001618614405924923 -0.02345960411323172
-0.0002103270072414398 -0.02347307950635363
-0.0005868564248718844 -0.02347225819435245
-0.0009670534652115315 -0.02345660445708531
-0.001350179542779828 -0.02342559762905561
-0.001735451479727423 -0.02337876656821614
-0.002122023918275318 -0.02331567603878165
0.001669829068562723 -0.02362577393941884
0.001308802431879585 -0.02369766124956285
0.0009406505265630027 -0.02375715928504551
0.0005658345633958728 -0.02380361490221655
0.0001848752363886597 -0.02383637649012649
-0.0002016404640201586 -0.02385480461187472
-0.0005930883390741215 -0.02385827713184052
-0.0009887494050532242 -0.02384619365042145
-0.001387868324757791 -0.02381798430275045
-0.001789619144983212 -0.02377311404936733
-0.002193113714396788 -0.02371109057587534
0.001751555651596681 -0.02398902037534384
0.001378281025295469 -0.02406858614121304
0.0009971831004317311 -0.02413532895236359
0.0006087352501328303 -0.02418853390952636
0.0002134676146099412 -0.02422748874207964
-0.0001880306587186409 -0.02425148929852844
-0.000595082566641647 -0.0242598521699447
-0.001006977115303953 -0.02425191442366448
-0.001422914937217024 -0.02422703865931192
-0.001842032314648412 -0.02418462465364929
-0.002263402324592545 -0.02412411017298766
0.001841523433123382 -0.02436437166751154
0.00145558110142574 -0.0244523319595924
0.001061075913983967 -0.02452703746236395
0.0006584664278114216 -0.02458770484013079
0.0002482947094142318 -0.02463354941171797
-0.0001688297379598414 -0.02466381597267769
-0.0005922283215491486 -0.02467773997987582
-0.001021150097627488 -0.02467457898651482
-0.001454770615794798 -0.02465363816000576
-0.00189219500053539 -0.02461423915011385
-0.002332430716401102 -0.02455574865721888
0.00194047265960684 -0.02475218980997157
0.001541463065692139 -0.02484933149611129
0.001133071639597416 -0.02493278141633032
0.0007157724227925266 -0.0250016888538776
0.0002900915201086152 -0.0250552063215147
-0.0001433422728323031 -0.02509248863519753
-0.0005838346576353404 -0.0251127037641472
-0.001030610497802065 -0.02511503853591096
-0.001482825518361097 -0.02509870728249397
-0.001939523230901963 -0.0250629542256684
-0.002399684157510351 -0.02500706974820682
0.002049214520914888 -0.02515285337219919
0.001636738339198085 -0.02526002194780391
0.001214002461938257 -0.02535306644891272
0.0007814579903451246 -0.02543106641021514
0.0003396542828730809 -0.02549310037979535
-0.0001107827131038297 -0.02553823160930535
-0.0005691437732930904 -0.02556555226189533
-0.001034633212564029 -0.02557417294523723
-0.001506367755244931 -0.02556320360536379
-0.001983374233864521 -0.02553180924033782
-0.002464569523770055 -0.02547919192144998
0.002168622014572463 -0.02556673063151638
0.001742295621691481 -0.02568483556815493
0.001304739912381447 -0.02578839973500546
0.0008564174927286894 -0.02587641958586195
0.0003978682283134471 -0.02594788533875381
-7.028431678590685e-05 -0.02600178788119123
-0.0005473043247121723 -0.02603712153050725
-0.001032394320458763 -0.02605289112543246
-0.001524635299639865 -0.02604812878727214
-0.002023012360193199 -0.02602189496257362
-0.002526411833785436 -0.02597329342430466
0.00229964771308655 -0.02599415589011683
0.001859081343895119 -0.02612418854340809
0.001406257947826117 -0.02623927594796516
0.0009416185023612966 -0.02633832654576651
0.0004656952970996109 -0.02642024169614521
-2.087568251440963e-05 -0.02648391660129085
-0.0005173856258985365 -0.02652824940516052
-0.001022987535301056 -0.02655214643018344
-0.001536749600508425 -0.02655453233791161
-0.002057621588625325 -0.02653436016996358
-0.002584438748056805 -0.0264906203927997
0.002443298343513534 -0.0264354556082364
0.001988139998388982 -0.02657848978634358
0.001519606933032325 -0.02670618672985792
0.00103811907712148 -0.0268173678030218
0.0005442017244776665 -0.02691083364712366
3.846968924448024e-05 -0.02698538890509095
-0.0004783450362275676 -0.02703981964285646
-0.001005402004702449 -0.02707291766664921
-0.001541734998400712 -0.027083500585111
-0.002086265636829787 -0.02707039911321962
-0.002637783800094717 -0.02703248405085718
0.002600674163306116 -0.02689094124088398
0.002130599021476498 -0.0270481282524821
0.001645926633625838 -0.02718961017441923
0.001147072567556973 -0.02731410989872562
0.0006345327170839132 -0.02742034150030048
0.0001089166186045709 -0.02750698649261785
-0.0004290490056956253 -0.02757272041136222
-0.0009785147413894357 -0.02761621783405999
-0.001538501825787741 -0.02763615943672543
-0.002107896651308838 -0.027631258338219
-0.002685455351209787 -0.02760024811056994
0.002772954698651575 -0.02736088816199511
0.002287652363326842 -0.02753346382624761
0.001786452367019242 -0.0276900049987715
0.001269728505009504 -0.02782912570818513
0.0007379593339366108 -0.02794943422550783
0.0001917335372810802 -0.02804949496196407
-0.0003682314017448007 -0.02812785922197375
-0.0009410851952887933 -0.02818307049103763
-0.001525834714366403 -0.02821367190992136
-0.002121347408830632 -0.02821823561615788
-0.002726335464003471 -0.02819534459337675
0.002961407099337454 -0.02784553462333456
0.002460613096759046 -0.0280348328052743
0.001942516912204484 -0.02820779496097153
0.001407452973531842 -0.0283629537756
0.0008558634337635374 -0.02849877177337151
0.0002883117464478335 -0.02861369856790624
-0.0002945015885629232 -0.02870615152218353
-0.0008917326495018196 -0.0287745319986486
-0.001502384402154222 -0.02881723929559044
-0.002125299362177091 -0.0288326728720219
-0.002759162068832088 -0.02881926775381993
0.00316739032044111 -0.02834507421831611
0.002650886540878528 -0.02855252698422184
0.002115568330680273 -0.02874340246184076
0.001561723982729246 -0.02891610317605531
0.0009897520755344225 -0.02906899613187613
0.0004001755197491352 -0.02920037330553527
-0.0002063286877359571 -0.02930851552651725
-0.0008289326111105 -0.02939167325021508
-0.001466639795359215 -0.02944807400800908
-0.002118280200721356 -0.02947595773164152
-0.002782512973835138 -0.02947357204185524
0.003392359511646181 -0.02885964732909441
0.00285997850240971 -0.02908679564002364
0.002307171649451378 -0.02929717397428694
0.001734150860820738 -0.02948907364142395
0.001141266730428026 -0.02966072269275449
0.0005289927056436605 -0.02981027866719127
-0.0001020295402464066 -0.02993586454839131
-0.0007509979720715654 -0.03003556366837989
-0.001416927068660701 -0.03010742987339893
-0.002098648301428141 -0.03014951245003283
-0.002794788030296869 -0.03015986889785632
0.003637870153376133 -0.02938933417004458
0.003089523707887842 -0.0296378197697254
0.002519010310230274 -0.0298694135335143
0.001926472680672364 -0.03008228942833407
0.001312186298585427 -0.03027452994464003
0.000676585782918071 -0.03044414788828692
2.024160758362648e-05 -0.03058909791464354
-0.000656068056743786 -0.03070728370982989
-0.001351388773855766 -0.03079657043518935
-0.002064556503138304 -0.0308547981014034
-0.00279419008578885 -0.03087981859047756
0.00390558740452196 -0.02993413970324149
0.003341253929746157 -0.03020571100921537
0.002752897374896368 -0.03046036345814268
0.002140570093886907 -0.03069613098044344
0.001504467486317274 -0.03091095217675838
0.0008449435154125329 -0.03110267890249185
0.0001625199642368846 -0.03126908640846643
-0.0005420904370944113 -0.03140789623822354
-0.001267965317937825 -0.03151676225820271
-0.002013962218673337 -0.03159330489642198
-0.002778697417772036 -0.03163513127688306
0.004197274815446628 -0.03049396843283664
0.00361703170864458 -0.03079050630502761
0.00301077867197308 -0.03107018416608381
0.00237847026256055 -0.03133090274048306
0.001720201021773726 -0.03157044811859067
0.001036234400903724 -0.03178651123172838
0.000327015920934759 -0.03197667933060383
-0.0004068111510227013 -0.03213844926774889
-0.001164381695688332 -0.03226927356849407
-0.001944584409101391 -0.03236652827241093
-0.002746056284322451 -0.03242756420128423
0.00451481253673458 -0.03106864615511601
0.00391883483813682 -0.03139213491215548
0.003294736917666907 -0.03169894268920803
0.00264235181916439 -0.03198682517184726
0.001961658535941546 -0.03225341765574052
0.00125281082696771 -0.032496224480351
0.000516155110825478 -0.03271263945944036
-0.0002477524651168794 -0.03289995195085849
-0.00103812364207545 -0.03305535195268977
-0.001853895578447284 -0.03317597480065299
-0.002693740173961956 -0.03325888352633238
0.004860188434733237 -0.0316578669781255
0.004248780845069633 -0.03201042308849639
0.003607011767006063 -0.03234660342400181
0.002934568328350706 -0.03266402379498817
0.002231300303389028 -0.03296015218932885
0.001497230855856624 -0.03323231204930294
0.0007325826148792958 -0.03347768841070814
-6.219582624589215e-05 -0.0336933381718279
-0.0008864061332515272 -0.03387620334370833
-0.001739082381590484 -0.03402312957405446
-0.002618931509153044 -0.03413088189691532
0.005235509210600231 -0.03226121330759507
0.004609113765092765 -0.0326450625046279
0.003949979058875508 -0.03301299904677885
0.003257637708180328 -0.03336248872298408
0.002531777099278432 -0.03369083161564768
0.00177226739767955 -0.03399516155112287
0.0009791826534609749 -0.03427244486521369
0.0001528376518444841 -0.03451949382852176
-0.0007061912085771782 -0.03473298010953008
-0.001597031638689517 -0.03490944683522951
-0.002518487393714519 -0.03504532956116785
0.005642984570901177 -0.03287808084002342
0.005002204547051914 -0.03329559119641023
0.004326180548828606 -0.03369781406699379
0.003614256947663708 -0.03408207311516931
0.002865940435606285 -0.03444550060745416
0.002080916669368382 -0.03478503154843948
0.001259089152187198 -0.03509740901332714
0.0004006043734777753 -0.03537919041578652
-0.0004941096355756125 -0.03562675799555065
-0.00142431557391498 -0.03583633554380689
-0.002388925087861149 -0.03600400582928831
0.006084943085889361 -0.03350773177536953
0.005430574562161117 -0.03396138078239602
0.004738307614284953 -0.03440056004242131
0.004007301527573892 -0.03482245708781267
0.003236844368179503 -0.03522403275316877
0.00242641051189818 -0.03560202397423134
0.001575697650292196 -0.03595294086048051
0.0006846538072569075 -0.03627307356224596
-0.0002464781105574465 -0.03655850262977356
-0.001217126930553536 -0.03680511027114008
-0.002226358572669951 -0.03700860247220056
0.006563816612995432 -0.03414922420857375
0.005896841824369337 -0.03464159902268144
0.005189207727996137 -0.03512055159128191
0.004439832230840657 -0.03558312273508335
0.003647759596413724 -0.03602611234253283
0.002812225489099873 -0.03644605393054712
0.001932684345801849 -0.03683922115081051
0.001008849504631426 -0.0372016287897266
4.073510117841295e-05 -0.0375290386495859
-0.0009712946496948094 -0.03781697667947298
-0.002026492078752162 -0.03806074029984313
0.007082138641379743 -0.03480140147137206
0.006403779563842193 -0.03533520438936966
0.005681885232077577 -0.03585686857622339
0.004915088230859177 -0.03636332846318591
0.00410217277862901 -0.03685119631875305
0.003242090572476819 -0.03731681498435646
0.002334014878298762 -0.03775621887088093
0.001377380743286527 -0.03816514023663953
0.0003719337536678413 -0.03853901558694184
-0.0006822243252442295 -0.03887298228675229
-0.001784574715681497 -0.03916191863741092
0.00764253419196248 -0.03546286752876771
0.006954270552234076 -0.0360409003371065
0.00621947767426001 -0.03660836356599156
0.005436495811460995 -0.03716206944513611
0.004603788942550535 -0.03769847919462382
0.003719992671754824 -0.03821374032563907
0.00278395529337061 -0.03870364921598718
0.001794786080419941 -0.03916365202061017
0.0007519080642728326 -0.03958884665995738
-0.0003448835544449524 -0.03997397783450507
-0.001495365175742336 -0.0403134700034945
0.008247716283325768 -0.03613195839851691
0.007551311872524558 -0.03675710784825753
0.006805284580737259 -0.03737357242635303
0.006007651423156513 -0.0379780391253482
0.005156529839887236 -0.03856685308568475
0.004250179246548358 -0.03913595939901848
0.003287079718170771 -0.03968092706168097
0.002265960067584838 -0.04019691852791857
0.001185869674063422 -0.0406786813991854
4.621691764838953e-05 -0.04112055598218151
-0.001153106473651522 -0.04151650181326205
0.008900435812961072 -0.03680672609856706
0.008197973392798819 -0.03748195389930215
0.007442731351509857 -0.03815071018445704
0.0066323405445885 -0.03880960728037552
0.005764526053111063 -0.03945485649957131
0.00483715638091553 -0.04008223073796391
0.00384826466707322 -0.0406871049685375
0.002796164532055778 -0.04126433130685342
0.001679448662026073 -0.0418083240992228
0.0004970989337609311 -0.04231301282321981
-0.0007514444136840215 -0.04277185204889217
0.009603517165712061 -0.03748489356908619
0.008897425947003268 -0.03821319602579809
0.008135333752179119 -0.03893763361333213
0.007314466530678576 -0.03965474766865967
0.006432114589203008 -0.04036064819270208
0.005485677434747482 -0.04105097067606289
0.004472733877859403 -0.04172084652207431
0.003391059368311078 -0.04236489887927408
0.002238748812297242 -0.04297719048527854
0.001014265422756622 -0.04355123302586145
-0.0002834624884447967 -0.04407998749888281
0.01035979715679691 -0.03816382877549229
0.00965288225206995 -0.03894825995525614
0.008886722842594397 -0.03973182052758351
0.00805809832398785 -0.04051103585671301
0.007163817285165353 -0.04128194101552723
0.006200767347436131 -0.04204006007583722
0.005165972173762468 -0.04278034417358401
0.004056649702038784 -0.04349714364854257
0.0028702969960962 -0.04418422217588169
0.001604773564066519 -0.04483466855157708
0.0002583930552743086 -0.04544092615101025
0.01117209941422148 -0.03884054792238206
0.01046758061754327 -0.03968411940586425
0.009700582854837547 -0.04053027320815938
0.00886740150589993 -0.04137554097754653
0.00796431170394285 -0.04221593600611717
0.006987635596192088 -0.0430468854709859
0.005933785131671088 -0.04386319820900519
0.004799335340318511 -0.04465901749440576
0.003581093499479659 -0.04542777362791073
0.002276231036715481 -0.04616218360049162
0.000882340845301588 -0.04685417499680578
0.01204321043428258 -0.03951162888552973
0.01134474928654972 -0.04041731623439987
0.01058062964771134 -0.04132951990044226
0.009746612265077892 -0.04224483162781095
0.008838407826492922 -0.04315927294350724
0.00785170506056998 -0.04406823655861075
0.006782237663568558 -0.04496642788964544
0.005625852141163512 -0.04584780979602437
0.0043785979501334 -0.04670555298696422
0.003036809612738778 -0.04753198702377487
0.001597270417988517 -0.04831855554487074
0.01297583131949565 -0.04017323009702717
0.01228756497043504 -0.04114391249228383
0.01153055442200457 -0.04212556376648258
0.01070000783371061 -0.04311488703391603
0.009791007601674173 -0.04410797416819418
0.008798557841109056 -0.04510023619597842
0.007717638442116703 -0.04608633267669249
0.006543288329199815 -0.04706010181729264
0.005270682551369199 -0.0480144926598744
0.003895244128159892 -0.04894149957459359
0.002412763842713161 -0.04983211035555973
0.01397253136140875 -0.04082103169695284
0.01329909259370399 -0.04185944880426834
0.01255399414415903 -0.04291383354394263
0.01173184355147838 -0.04398106512992428
0.01082705424325292 -0.04505737519531133
0.009833883921300357 -0.04613826480352134
0.00874649499356861 -0.04721841670550603
0.007559020802963112 -0.0482916128691705
0.006265661216303564 -0.04935064736031786
0.004860790870071074 -0.05038724059317923
0.003339095222348765 -0.05139195826842891
0.01503568695692081 -0.04145024018082261
0.01438224447961867 -0.04255892544006573
0.01365445286838041 -0.0436891480461315
0.01284629185742336 -0.04483804292619531
0.01195146367177569 -0.04600206326133316
0.01096342630152214 -0.04717688027588107
0.009875446234128615 -0.04835729025934216
0.008680667291699584 -0.04953710658953231
0.007372201431402048 -0.05070905110613311
0.005943241952621303 -0.05186465031285215
0.004387206230053953 -0.05299412718561641
0.0161674290918844 -0.04205556190857046
0.01553970260998105 -0.04323676548668026
0.01483523384197238 -0.04444567633170449
0.0140473669125315 -0.04567976814222902
0.01316905014074377 -0.0469358066694191
0.01219289041542648 -0.04820973911114018
0.01111119052088849 -0.04949657681304787
0.009916013920379996 -0.0507902711496695
0.008599271380190676 -0.05208358305361477
0.007152839882056394 -0.05336794863437538
0.00556868772459207 -0.05463334265081815
