0.8820492782093018 -0.5269099960622464
1.066323456594453 -0.8988569681008662
1.021594639138069 -0.9525760604577933
0.9565750284142205 -0.9990911012360265
0.8726302531191691 -1.027737284650909
0.7786287679864065 -1.028548051283827
0.6893095581997496 -0.9987026656295986
0.6179624700873432 -0.9452132517853024
0.570183606250289 -0.8802522248728615
0.5441512785094369 -0.8144979548472934
0.5346336375496434 -0.7542343454367711
1.152406567790489 -0.8628336792306477
1.130389015949632 -0.9331054006922133
1.085385872223884 -1.010103617869866
1.008264952805257 -1.084057836351203
0.8956618235319876 -1.135654581993027
0.7608194815821561 -1.141924422764065
0.6340488812625912 -1.094724211408562
0.5420271490272308 -1.0106457148834
0.4908225507240097 -0.9156010043991016
0.4715750771745527 -0.8272491895815925
0.4725792770468329 -0.7523831502984104
1.225169136922279 -0.8700165685461194
1.217154394676096 -0.9595258322559626
1.1820470930422 -1.068858610686849
1.098444273224309 -1.190230855317525
0.9446932446797256 -1.291571509988214
0.7341683006694582 -1.31398469100871
0.5396784444808266 -1.229108562526092
0.4227067686280687 -1.085085396385885
0.379293988765964 -0.9422850951209164
0.3793412765358166 -0.8255274516510636
0.3998054619056604 -0.7361881642556543
1.310824799849997 -0.8587229447305853
1.329462398438263 -0.9648496977604399
1.32624476033845 -1.111543540597605
1.26394122579551 -1.309718914160292
1.065106710302571 -1.530561272041936
0.6885644773485738 -1.612221933951633
0.3528101257745432 -1.422501641485178
0.2266820638726413 -1.150410232882903
0.2263688497134654 -0.9392794817642136
0.2685628733017653 -0.7955899170918579
0.3200587807763783 -0.6980319128992882
1.402306454632757 -0.8201395625190078
1.460274264166099 -0.9299764494452737
1.521762902924246 -1.098788880930337
1.56084426120374 -1.382112467242765
1.429123383839183 -1.882169699522245
0.5754069931013639 -2.299854348035409
-0.09854984437989533 -1.659541980820742
-0.08377652937480662 -1.13208137440544
0.03965589254585966 -0.8671373547300394
0.1516494818241916 -0.7208369417671123
0.242832156512359 -0.631360605115118
1.485947160798913 -0.7499801133960758
1.585232318625322 -0.8405473346682454
1.727162586995818 -0.9819806188972164
1.95682279701111 -1.236587632367861
2.448686356433834 -1.903785242104452
0.006807303358313699 0.001227996043876023
-1.068310967631298 -1.312523597677719
-0.4277991571468618 -0.871782205648918
-0.1264118177144471 -0.6902657782028655
0.05656002777641655 -0.5942389700750796
0.1827730288092809 -0.5359329156051017
1.546265370406975 -0.6538308038688166
1.670996082454432 -0.7050694462130699
1.856960709836914 -0.770457848831136
2.169924007697442 -0.8404283857486921
0.01377443467833717 -0.02954011448656435
-3.916669109649273e-05 0.001905199679054559
-0.001083521160372802 0.0001365769113688131
-0.5227412646220702 -0.4188535551120667
-0.1911365113853263 -0.4421969278773842
0.01351399946909992 -0.4336244125690726
0.1535012137128807 -0.4216765587571439
1.574486107890288 -0.546004354393738
1.700756155366323 -0.5545384349889221
1.875603031777591 -0.5456854113782869
2.121281757046269 -0.4816621616927748
-0.0007995358892340931 -0.001373977645445612
0.0001345314660474717 0.0004548426776873615
-0.0002626406692354255 0.000185172360029795
0.0002911027252512355 -0.0002749313271243059
-0.1427086314503754 -0.212134782046276
0.03031402701791275 -0.2740695921463114
0.1596314147345883 -0.3051736402667059
1.572224502240099 -0.4415902231716941
1.683379658816612 -0.4179447674886217
1.821672622642271 -0.3660475984763895
1.98361039680093 -0.2599940866285491
-0.0001126369647079795 0.0002715237109669477
7.476856584953673e-05 0.0001294229092700938
-5.018835038705927e-05 9.584751839231131e-05
-5.52908920745665e-05 1.064009020723677e-05
-0.03427314653399627 -0.04646404214390254
0.09035350646335616 -0.1416301438400894
0.1953996400232205 -0.200905245530568
1.54753369878444 -0.3499890490618467
1.63791202687411 -0.3075307474949869
1.739698383287645 -0.2384435838789334
1.843984875599531 -0.1300655182493038
0.0001783213033608178 0.0001011981218004276
3.859826530860921e-05 4.44668170201945e-05
-4.204611709912598e-06 4.534354873420021e-05
-2.118142113560761e-05 2.064680738389502e-05
-2.34386554931465e-05 -5.175632086795723e-07
0.1716143748763758 -0.04335359086272328
0.2502668593209669 -0.1160476407407525
1.509275198046384 -0.2743130672934103
1.57987506783514 -0.2231295191067465
1.653138052146844 -0.15064654322786
1.721141536310598 -0.05137040653009789
8.460687158984292e-05 -7.079796798675764e-05
2.097045815507848e-05 1.788760130383427e-05
4.610521441295035e-06 2.231890173787221e-05
-6.053644391990076e-06 1.566145903952876e-05
-2.304834677457901e-05 1.058579089607825e-05
0.2587251402841223 0.02492116718153214
0.3145484052442232 -0.05139085393632475
1.464254018719542 -0.2138483240625866
1.518419951268697 -0.1600427026278601
1.571040831686654 -0.09017426571500131
1.61613294341135 -0.00229564453527098
-4.132233719222889e-05 -4.207753293838934e-05
1.208783397455004e-05 8.261970073419889e-06
5.175786577105157e-06 1.175928432739504e-05
-7.844740290696706e-07 1.039163121119291e-05
-4.991894707484512e-06 4.752870829127787e-06
0.3439988971222909 0.07034108338701006
0.3815606498257949 -0.004478217826014708
1.416844499910481 -0.1663683152884868
1.458103974855684 -0.1131986072317183
1.496046642339238 -0.04812074414526596
1.526512940483357 0.0291605181713398
-3.354795123911014e-05 5.492437830090235e-05
7.377538643438264e-06 4.337266304998977e-06
4.15870653391881e-06 6.652017947472721e-06
8.370123874001933e-07 6.757781950472719e-06
-1.031273550333722e-06 5.226713790773552e-06
0.0002701786184952093 0.001300405383860337
0.4473995961612194 0.0280432371979128
1.369570514564741 -0.1294122897153288
1.400904140464807 -0.078443159324944
1.428352860072039 -0.01863659907910942
1.449113811158422 0.0496946556188933
6.756248531936127e-05 5.137163622437324e-05
4.748633948725711e-06 2.51360895120456e-06
3.082219030670075e-06 4.021031418277587e-06
1.178226920250935e-06 4.455677750203613e-06
-3.195459975513515e-07 4.133449941434719e-06
-0.0001601580824603932 0.0001620744663484164
0.5100570424662363 0.04932026054644878
1.323765274517867 -0.1007970289315649
1.34749548187167 -0.05266696428658091
1.367334779740942 0.002080975579100808
1.381348987060478 0.0629603306834734
7.154148811450156e-05 -7.821382777617458e-05
3.148370531946831e-06 1.54914718797361e-06
2.236233458519088e-06 2.579699553861836e-06
1.103626737108954e-06 3.013551001740389e-06
3.173730089844895e-08 2.959098564736529e-06
-5.141143297271444e-05 -2.859921489212214e-05
0.5686700561368191 0.0619580482212212
1.280056639228275 -0.07874562494920562
1.297937067237497 -0.03361171218175057
1.312164449042529 0.01653897590356546
1.321368405579675 0.071182441279799
-9.666372964001191e-05 -9.773816055680395e-05
2.091310676521907e-06 1.061821032322108e-06
1.621978704569038e-06 1.743564310263679e-06
9.211860597657662e-07 2.097396094802306e-06
2.082555922156004e-07 2.13915274538401e-06
7.478720596476585e-06 -1.467766979895702e-05
0.6230484016247011 0.06793411319332687
1.238674466389389 -0.06186512450289844
1.252016685143907 -0.01964624252816777
1.262033742973844 0.02642637642749934
1.267744255285132 0.07584999868083508
-0.0001630772873931763 0.0001190592900857101
1.471396020802374e-06 8.701660085819185e-07
1.187053752627065e-06 1.232633723313725e-06
7.369383375754879e-07 1.502851009194117e-06
2.569851774714138e-07 1.581505620573687e-06
5.909745360299645e-06 3.928012709764062e-06
0.6731214255743924 0.06858157528141096
1.199632694041241 -0.04908000369049853
1.209418515391229 -0.009586017089922849
1.216224714969335 0.03290771586998231
1.219339910995351 0.07794837569782842
0.0001539781598854928 0.0003398025782995751
1.213272322608816e-06 6.715799168999226e-07
8.783773932652394e-07 9.040527738646276e-07
5.787819407077066e-07 1.105074681650997e-06
2.461292274436033e-07 1.18704195706254e-06
-9.936121339038095e-07 3.717850355133834e-06
0.7186587200421133 0.06547033679743441
1.162833665855121 -0.03956310061342228
1.169802414285932 -0.002562087796918799
1.17412238251793 0.03680397729363305
1.175269151890913 0.07813861013649415
0.0004411050087717028 -0.0005766232716411523
9.369027551553444e-07 2.869840176611405e-07
6.602757056661801e-07 6.840700328414329e-07
4.529397937824697e-07 8.322515121506058e-07
2.168883893594042e-07 9.032866449265597e-07
-1.257283573252721e-06 4.641366627700094e-07
0.7606000370519792 0.06017576787535706
1.128126728649802 -0.03267708021974847
1.132839681190211 0.002070580099959529
1.135207164430178 0.03870584536307808
1.134836520867914 0.07688477217298384
1.131318773992905 0.1163000140992805
3.434933318890998e-07 1.432830808445473e-07
5.036588748286164e-07 5.305309848102624e-07
3.561647866634488e-07 6.40152303610364e-07
1.855975416686917e-07 6.980563608260937e-07
2.617705301410922e-07 1.335048938067018e-08
0.8004900830105601 0.0534290352005482
1.095340531158851 -0.02792853898678493
1.0982275835148 0.004796611348214408
1.099041473358672 0.03904609961767991
1.097484458224317 0.07452215233981696
1.093268197498539 0.1108512167600516
6.347926639893586e-08 6.461830265314106e-07
3.89999285421716e-07 4.189099241935779e-07
2.815559054791805e-07 5.004025490640274e-07
1.558503798237965e-07 5.472315736110289e-07
4.642293194301317e-07 7.264552916996792e-07
0.0006934305561370202 0.001290184011784712
1.064300391408404 -0.02493321258799197
1.065693674309947 0.005984298524961296
1.06525594649326 0.03814691411571769
1.062759009838218 0.07129642394285285
1.058013391781058 0.1051092612220147
6.67802577791754e-07 8.526206762837774e-07
3.067369165332678e-07 3.35273156126803e-07
2.2403831290152e-07 3.964906658548983e-07
1.292899842741946e-07 4.343260724404274e-07
-1.028396229285633e-07 7.614093447960713e-07
-0.0005320497965589643 0.0005122925770681963
1.034837209991871 -0.02338998409297655
1.034995351032283 0.005916431055423055
1.033537164880847 0.03625142591104891
1.030286188843487 0.06739015338408294
1.025101983282757 0.09906283804500915
8.417914640901358e-07 3.029842920998504e-07
2.443787929795604e-07 2.699018645246909e-07
1.800716178390616e-07 3.172547374807877e-07
1.070973295602684e-07 3.471738175830907e-07
-2.283095349442377e-07 2.391546085611651e-07
-0.0005406928873759043 -0.0002761978512890173
1.006791654835565 -0.02306155363920048
1.005917384043801 0.004812073669205663
1.003617305805715 0.03354521066373461
0.9997540457781888 0.06294086583024483
0.9942214365593907 0.09276877341874668
1.615977530233792e-06 8.638462554166892e-07
2.012450646127206e-07 2.175194110387579e-07
1.488624207235389e-07 2.535725497354591e-07
9.011530965885584e-08 2.766596075565175e-07
1.46847105586545e-07 5.110521428264292e-08
0.0001926317287286317 -0.0006838184806270409
0.9800156750695939 -0.02376005872467896
0.9782686928774251 0.002842134974921806
0.9752656117069242 0.03017119677091151
0.9708990577491901 0.05805323567380882
0.965087326144288 0.08629080955501489
6.220069031726005e-06 -4.130455756867768e-06
1.638419523386503e-07 1.721967763934629e-07
1.226570687240525e-07 2.035885016127281e-07
7.503329624292121e-08 2.215879668643339e-07
2.723972943874386e-07 3.613345491704223e-07
0.000759666122787328 0.0004175860352828575
0.9543726003604611 -0.02533634576992044
0.9518790448651938 0.0001405972829291446
0.9482814345606756 0.02624015110706968
0.9434958004302461 0.05280746612556408
0.9374576289985126 0.07966984281764922
-9.044621451792523e-06 -2.461703624018208e-05
1.251215256958815e-07 1.401614565521569e-07
1.023831408542009e-07 1.619347743675448e-07
6.248312645062981e-08 1.767973020205815e-07
-1.380977205922562e-07 4.718848904960993e-07
-0.0003464830208252945 0.0006456131181928892
0.9297364653090736 -0.02767194176942384
0.9265959192572275 -0.003187296607702339
0.92248855364451 0.02183817600126903
0.9173489821238503 0.047265206866836
0.9111270165768338 0.07293961152564266
-8.235537425194117e-05 2.695726874790694e-05
1.05240011039065e-07 1.438094286987379e-07
8.578793353475334e-08 1.272854989187167e-07
5.215839016248225e-08 1.393500430602046e-07
-3.560537150670839e-07 -6.520298079237818e-08
-0.0008095121735125499 -0.0001217804361631769
0.9059909613352499 -0.03067303061964133
0.9022816563598701 -0.007059037741088181
0.8977305099038398 0.01703211777965785
0.8922871876575854 0.04147377828066878
0.8859137626596242 0.06612683087567139
6.429115854533762e-05 0.0001637555036747562
1.777598868102359e-07 1.294728960710145e-07
7.24726758605243e-08 9.721323079858735e-08
4.360681782333842e-08 1.072837673143923e-07
3.174375486914016e-07 -4.278422001124937e-07
-0.0004429403126782194 -0.001311436511876818
0.8830282194556105 -0.03426593944542039
0.8788108982999074 -0.01141042722998692
0.8738667341973178 0.01187349858384978
0.8681578721888032 0.03546921358761035
0.8616562932172586 0.05924983029818409
0.8545615675571767 0.08313387027067254
2.308036413101178e-07 -1.075042043718888e-07
6.16634686645412e-08 7.0576981481274e-08
3.599600451043017e-08 7.95722552293654e-08
8.803598147144598e-07 5.559112045139258e-07
1.038963172286536 -0.07054217301121407
0.8607475482529283 -0.03839377303051256
0.8560683043579063 -0.01619232849287361
0.8507692848857457 0.006401371390078903
0.8448232744775166 0.02927845688342678
0.8382103749989002 0.05232130424042625
0.8309238593095519 0.07555527930838801
-2.495785000888873e-07 -3.594082139124488e-07
5.250412271617932e-08 4.679742660052e-08
2.814147137542022e-08 5.468345132264574e-08
-7.708060124622662e-07 1.611316108873773e-06
1.054650730695747 -0.0859808203135034
0.8390541732833258 -0.04301394467635061
0.833946497438824 -0.02136831128362277
0.8283200462770378 0.0006443757390337534
0.8221569908275209 0.02292093871166456
0.8154445475693745 0.04535032267628691
0.8080872478770131 0.06781549188529501
-9.1241457422786e-07 5.875681848843683e-07
4.489081983916066e-08 2.499308471293205e-08
2.227530460086058e-08 2.96679822930912e-08
-3.043450537698611e-06 -1.299329642934222e-06
1.070953294984312 -0.1005105278044406
0.8178580080406721 -0.04809642730373853
0.812344187848451 -0.0269129955863715
0.8064082611455078 -0.005377823532470682
0.8000410216767012 0.01640968146901223
0.7932362436643134 0.03834269893275488
0.7859887399085563 0.06026572063194502
9.427692188035408e-07 2.206289273054551e-06
3.959362937511202e-08 3.930865744017353e-09
1.997387943930562e-08 7.653412237296209e-09
2.348914790895051e-06 -6.53439126380162e-06
1.086659092727674 -0.1153839978629779
0.7970724584153855 -0.05362260601430652
0.7911644286018245 -0.0328109749874736
0.7849282862470895 -0.01165359902893465
0.7783631249063891 0.009752030183077243
0.7714689966349176 0.03130112612827374
0.7642696682851206 0.05287939559125143
4.68130913910958e-06 -1.139285351503538e-06
3.367671674858741e-08 -2.011112437694251e-08
1.352180689639937e-08 -6.252509399118367e-09
1.52930721096789e-05 4.119418484549442e-06
1.101333422990378 -0.1304599460524565
0.7766132578369034 -0.05958465678317981
0.7703129582202056 -0.03905623276728604
0.7637774887301489 -0.01817885373836386
0.7570143498671036 0.002950052922749857
0.7500299083832156 0.02422549232462123
0.7428330631840336 0.04555000871376169
-8.308321435279709e-07 -9.161486895670201e-06
2.385326303144808e-08 -4.306673434539832e-08
-9.396792122196018e-09 -2.672110410717465e-08
-6.5081757654184e-06 3.799834297679716e-05
1.115093572244722 -0.1453799085888802
0.7563973189840952 -0.06598543436702631
0.7496965578568916 -0.04565204053452876
0.7428541666960429 -0.02495691114896365
0.7358866179315459 -0.003999333469793476
0.7288070100947326 0.0171131122129794
0.7216168730725373 0.03827018215799294
-1.685387929961646e-05 -4.170561040406362e-07
1.508776936720579e-08 -5.81078470895946e-08
-2.29576342380966e-08 -9.425726266165668e-08
-9.908886698106745e-05 -2.638420932621344e-06
1.128230321425733 -0.1601486702120855
0.7363415957396097 -0.07283886286111041
0.7292214010305167 -0.05261132621469322
0.7220554336852343 -0.03199881450636849
0.7148702334819274 -0.01110454811423689
0.7076864819022344 0.00995869762589463
0.7005154551688915 0.03106721854216743
-3.264489654375424e-06 2.852837631728278e-05
2.120489928092439e-08 -7.384821687494991e-08
9.771371267675022e-08 -1.506619594637826e-07
-6.219830019005279e-05 -0.0002835758137230693
1.140857436141361 -0.1748494249031646
0.7163619480856556 -0.08017089176297815
0.7087913237437089 -0.0599575841575265
0.7012749456265686 -0.03932408338286092
0.6938511821148511 -0.01837985505415307
0.686549674565337 0.002754137910422116
0.6793919458362198 0.0239473611567268
4.400122790759742e-05 1.087619856188216e-05
3.13318591071976e-08 -1.161037135322118e-07
2.369583166350608e-07 2.023796554784241e-07
0.001315701431176763 -0.0005117310126059871
1.15306274863738 -0.1895111297301985
0.6963720158606392 -0.08802110591951995
0.6883059692239767 -0.0677264180635066
0.6804003739999031 -0.04696202260528221
0.6727080584024254 -0.02584627309909332
0.665269710212827 -0.004511898784488544
0.6581120696586009 0.0169000491675404
2.878125298622081e-05 -6.540970381957445e-05
4.271322184834503e-09 -1.725301702615312e-07
-9.372874674173914e-07 8.278323124777387e-07
1.179670113944821 -0.1930127352144336
1.164957298104728 -0.2041666920786697
0.6762821225536229 -0.09644516070358877
0.6676587559357802 -0.07596790773386186
0.6593104786047683 -0.05495374887573684
0.6513084110117336 -0.03353301356654137
0.643707373316739 -0.0118546084402934
0.6365403111371499 0.009920408898381083
-0.0001012410841928491 -5.570311612951295e-05
-4.784476337338361e-08 -1.818237715389692e-07
-3.858895177732968e-06 -2.859585238434992e-06
1.191291334701728 -0.2072411099518409
1.176657016479897 -0.218874089286897
0.6559982916680469 -0.1055182681372117
0.6467346345096381 -0.08475005877168568
0.6378716288438662 -0.06335519963141434
0.6295042298241287 -0.04147964164509471
0.6217059332839832 -0.01929404719930067
0.6145215056927127 0.003012490594154871
-6.635870702653701e-05 0.0001384081362816314
-2.090024886491904e-08 -1.509429677359897e-07
7.512319074143292e-06 -1.612810969436884e-05
1.203153942505456 -0.2219651302267694
1.18827622647023 -0.2337136580426864
0.6354214713739943 -0.1153401083101818
0.6254075879580479 -0.09416377679742349
0.6159335600359437 -0.07224154829100643
0.6071262126772703 -0.04973930406146437
0.5990844425146999 -0.02685666843569351
0.5918700534292709 -0.003818291423409337
0.0001410351618347239 9.118684127629173e-05
4.876016590493748e-08 -1.968550116804302e-07
6.867990667058788e-05 1.907240715115499e-05
1.215073688395987 -0.2369097508279824
1.199929529577662 -0.2487903023374735
0.6144472822303426 -0.1260416483129168
0.6035379444685232 -0.1043299753723911
0.5933241099451098 -0.08171366052316664
0.5839762342604559 -0.0583835280246508
0.5756287133505602 -0.03457763214053866
0.5683654955763922 -0.01056835514205295
0.0001506273825310211 -0.0001346401846592515
-1.208400284280486e-07 -3.970096044136895e-07
-4.555195925382005e-05 0.000274983462971834
1.227260997234381 -0.2520740028338713
1.211732037984115 -0.2642404244909977
0.5929667396316767 -0.1377946066355808
0.5809696414007783 -0.1154098115793669
0.5698426360754186 -0.09190765785574484
0.5598172593459471 -0.06750948284942287
0.5510788649970614 -0.0425043690412098
0.5437429171408426 -0.01723202043146793
-0.0001560350843250458 -0.000241241069743825
-2.871887438971044e-07 -1.064775133841067e-06
1.254717619165825 -0.254283689350252
1.239915200509217 -0.2676409040393159
1.223797359017246 -0.2802411025007591
0.5708688832950854 -0.1508245557357777
0.5575278740178198 -0.1276195317535373
0.545251779816759 -0.1030092837839057
0.5343595091472022 -0.07725117318443248
0.5251116027049176 -0.05070217532408833
0.5176724397981642 -0.02379700248783856
-0.0002105996551967637 0.0002288909546652729
2.402981502447332e-06 -1.639113931750646e-06
1.269337597730344 -0.2695608603861288
1.253206974372026 -0.2838499211337281
1.236233219641031 -0.297022258478725
0.548046981561235 -0.1654290033985831
0.5330181439349732 -0.141252216949616
0.5192673378470825 -0.1152758989417538
0.5072411282117906 -0.0877971285665442
0.4973142609153389 -0.05926326821054295
0.4897284518507432 -0.03024318808666637
0.0001518711040997545 0.0001730382845638312
8.445037068538497e-06 1.046903717916159e-05
1.284531461313657 -0.2857815193884575
1.267313366790297 -0.301008992604633
1.249132938560589 -0.3148831035771147
0.5244113759628575 -0.1820021110520209
0.5072289238136519 -0.1567099388928717
0.4915463901902025 -0.1290709024226556
0.4780006949739225 -0.09941922869599973
0.4671455742361891 -0.06832196368205606
0.4593470995413604 -0.03654218048104263
0.0001811494969553573 -8.630426167660632e-05
-4.286016290222516e-05 5.170606105930897e-05
1.301107306313293 -0.3029596590239094
1.282413920925237 -0.31953340955902
1.262559453877113 -0.3342139848765498
0.4999145254144703 -0.2010677093090539
0.4799427341913859 -0.1745515900591423
0.4616750948910525 -0.1449188834151699
0.4460376330410235 -0.112521349694385
0.4338743030290441 -0.07808121044356847
0.425760999243437 -0.04265239394322801
-5.329748541049728e-05 -0.0001889466500905601
-0.000296281010691124 -9.830777663860646e-05
1.319542224432893 -0.3217911261322007
1.29867109634154 -0.3399914191230695
1.27651624306125 -0.3555243091756385
0.474598205720979 -0.2233211407507623
0.4509658721652574 -0.1955638428879787
0.4291611298757659 -0.1635961190474619
0.4105549606112005 -0.1277248690666002
0.3964793804480743 -0.08886138837210328
0.3878868904285784 -0.04850706433685503
-0.0001481425578619966 5.321194275764718e-05
1.361670184456117 -0.3191564410930117
1.340211007708481 -0.3431214984801761
1.316190148259414 -0.3631677781480814
1.290895438640539 -0.3794753700923796
0.4486801028208122 -0.2496759808034291
0.4201985000765847 -0.2208641313105372
0.393445588315589 -0.1862822271278562
0.3704779498635062 -0.1460260731697322
0.3534800098969734 -0.101195699442052
0.344122770999261 -0.05399525056521931
2.739538799412244e-05 9.735758700835095e-05
1.389149590400558 -0.3407801832164042
1.363505877847154 -0.3681695809912394
1.334934968882038 -0.390151673404266
1.305387198571012 -0.4069113239614978
0.422707388084722 -0.2812985941666525
0.387790325397589 -0.252040231375638
0.3539758992035174 -0.2148172031243817
0.3243474494425208 -0.1691013335118757
0.302631277273595 -0.1160311010263113
0.2919672396410564 -0.05893134226116875
3.238209629274902e-05 -1.552494272860638e-06
1.421922643118825 -0.3669551747761599
1.389712538836428 -0.3987927109305501
1.354555114568736 -0.4224453573796478
1.319326749377574 -0.4388671375484382
0.397813297959927 -0.3195807775191465
0.3544714739780105 -0.2913036073464849
0.3104542229688093 -0.2521302819334759
0.2702214675896391 -0.1999324741148786
0.2403460642255559 -0.1351929044748414
0.2272457316521056 -0.06298661672105316
-9.11434318537907e-05 -0.0001672054256637856
1.461473770949058 -0.4011789605869619
1.418691801824271 -0.4378573624399288
1.374041906228003 -0.4620555545556009
1.331453216910756 -0.4764994288430537
0.3760955482589762 -0.3659321087972395
0.3222120070494637 -0.3415319713644139
0.2635684276436807 -0.3028891665353893
0.2057872455672416 -0.2441547871216967
0.1605288482029008 -0.1625951396398864
0.1423161782662864 -0.06550161212075389
1.560175730249007 -0.3855329203826849
1.509105639052509 -0.4492793783126968
1.449063161652507 -0.4897345075432665
1.391088769250135 -0.5114208199334506
1.339583074879886 -0.5208234408675867
0.361021703970014 -0.4211729412580978
0.2953608506092105 -0.405785603741195
0.216956209545482 -0.374116727849236
0.1296579168059895 -0.3130036691621335
0.0521410612620723 -0.2079274961568603
0.0211165786309907 -0.06495067845024072
1.649920657178782 -0.440801181133556
1.564273577049553 -0.5222856531577916
1.476215838287714 -0.5605429700005733
1.401085707548428 -0.5727509858698984
1.340327568195403 -0.5720633264613944
0.3574382265689628 -0.4843085614505097
0.2819305329093299 -0.4853359665710358
0.1816327409401026 -0.473980847097385
0.04819876388128863 -0.428715106612069
-0.1049794809025714 -0.3004406484671906
-0.1782369601376901 -0.05730987986778285
1.778285815502151 -0.5494890075188569
1.61710510525081 -0.6403262948195797
1.488298601389892 -0.6562201541002601
1.396234795389355 -0.645920198655248
1.329297297662524 -0.6284800929267371
0.3703080991250113 -0.5509935884350262
0.2928643226469648 -0.5753416513703982
0.1812146818848528 -0.6027701264258355
0.001820608750689012 -0.6221655381395788
-0.323165670786471 -0.5529913266386211
-0.5973512900568867 -0.001623243098711979
1.938469882538403 -0.8172509941689707
1.624013381902453 -0.8260551994249715
1.462771669036563 -0.7730240585159452
1.367000841853141 -0.7244582507856926
1.302577945133626 -0.6851254328220369
0.4017208546782582 -0.6133169939294336
0.3353584220610781 -0.6612814678590037
0.2412032123501026 -0.7335653476188775
0.08909463265876982 -0.8584866981474712
-0.2344327811788207 -1.15447002868941
1.849188927212531 -7.315466760057641
1.745458455922755 -1.378915847324415
1.495754333063292 -1.029572581705065
1.379940171377305 -0.8807393375899191
1.309144463528557 -0.7932876688030259
1.259632142853086 -0.7341666707237529
0.4481944780795362 -0.6628058478223863
0.403327489750531 -0.7250796640401835
0.3508685429993131 -0.8199760937444909
0.2986592500219851 -0.9802179001563889
0.314745827759339 -1.278715261729416
0.7201301210400404 -1.61976013113099
1.189495039945798 -1.380975688523891
1.271628057817526 -1.099369151321625
1.258652370371303 -0.9367222752713136
1.231835694331453 -0.8363294354189472
1.205346629720219 -0.768260326901103
0.5018160251413336 -0.6949847268228054
0.4796465655774374 -0.7588638633462153
0.4656656216074513 -0.8480490347534553
0.4789528283268972 -0.9727299802097231
0.5649111892784988 -1.126545493758754
0.7658395085240182 -1.228073055617868
0.9839933458831911 -1.177542432663437
1.102405150352239 -1.050852816215807
1.144546408760444 -0.9362025359291932
1.152950549485678 -0.849419053558922
1.148085649144965 -0.7847287062722406
0.5546405027534408 -0.710872383617045
0.549540109239951 -0.767920337942275
0.5578294812822872 -0.8394231461124917
0.5922470764084653 -0.9236090806967626
0.6686382605781693 -1.005608363994804
0.7874643404289599 -1.051701791888382
0.9134324781435583 -1.036515257730402
1.006579599544148 -0.9769188671062012
1.059929902901411 -0.9056852838782616
1.085515345862131 -0.8406121415046313
1.095164416702374 -0.7861584749518327
0.6018225306469702 -0.7146429769032744
0.6070343323022163 -0.7620100073274136
0.6248696958281186 -0.8160513276493044
0.6616275345796242 -0.8724298911806097
0.7216623593767978 -0.9208796008916683
0.8008066461636202 -0.9469810697800087
0.8836769798187708 -0.9419824837490793
0.9533464286093477 -0.9109167951831463
1.002544543195507 -0.8667986326617531
1.033170679382623 -0.8204844808853289
1.050292600834498 -0.7775279097309857
0.641707343748358 -0.7107721682263097
0.6521933216898405 -0.7488556200224791
0.6728030987337559 -0.7892592734669761
0.7062525941194769 -0.8281695103607268
0.7531985136893955 -0.8594284933252692
0.810100281907474 -0.8762555039453577
0.8692315184154579 -0.8749421176988275
0.9222376922230058 -0.8573104785238339
0.9641435871844951 -0.8291021773028086
0.9941756074915122 -0.7963894797777958
1.014065156142881 -0.7634394663233692
