0.8820492783948211 -0.5269099965039824
1.066323456485595 -0.8988569680815397
1.02159463917216 -0.9525760603266258
0.9565750285322532 -0.9990911011800402
0.8726302532380563 -1.02773728482982
0.7786287677316279 -1.028548051315811
0.6893095582086106 -0.9987026654764015
0.6179624701318042 -0.94521325176836
0.5701836062750875 -0.8802522248745532
0.5441512785050007 -0.8144979548534148
0.5346336375308327 -0.7542343454564684
1.152406567888711 -0.8628336797299567
1.130389015250954 -0.9331054007126813
1.08538587246148 -1.010103617231795
1.008264953602803 -1.084057836462857
0.8956618233990322 -1.135654582621013
0.7608194811775723 -1.141924422688552
0.6340488812783218 -1.094724211197923
0.5420271488401602 -1.010645715065195
0.4908225507247472 -0.9156010043594328
0.4715750771499945 -0.8272491896266301
0.4725792769911138 -0.7523831502969702
1.225169136946906 -0.8700165686118353
1.217154394180947 -0.9595258323036295
1.182047093063233 -1.068858610675767
1.098444273270367 -1.190230855353983
0.9446932446644783 -1.291571509785808
0.7341682988486143 -1.313984689596597
0.5396784451995518 -1.229108562057964
0.4227067689178315 -1.08508539664459
0.3792939892275311 -0.942285095397335
0.379341276410495 -0.8255274517040763
0.3998054618556893 -0.736188164203606
1.310824800037834 -0.8587229445349263
1.329462398409327 -0.9648496977638098
1.326244760348623 -1.111543540559885
1.263941225893014 -1.309718914203424
1.06510671027056 -1.530561272096927
0.6885644773758479 -1.612221933970693
0.3528101257451269 -1.422501641524704
0.2266820634612344 -1.150410235043411
0.2263688491229908 -0.9392794818133372
0.2685628729999666 -0.7955899166468092
0.3200587807781649 -0.6980319127736412
1.402306454668898 -0.8201395625554753
1.460274264177723 -0.9299764497003566
1.521762902718481 -1.098788880671214
1.560844261433522 -1.382112467257362
1.429123383831762 -1.882169699699576
0.5754069932313446 -2.299854348076853
-0.09854984439978676 -1.65954198083336
-0.08377652943956126 -1.132081374443382
0.03965589163476291 -0.8671373532017861
0.15164948281589 -0.7208369418679215
0.2428321566192374 -0.6313606051028353
1.485947160828231 -0.7499801133787225
1.585232318649995 -0.8405473346651195
1.72716258715315 -0.9819806184655626
1.95682279708013 -1.2365876324581
2.448686356377979 -1.90378524220348
0.00680730300403054 0.001227996251069507
-1.068310967951749 -1.312523597295661
-0.427799157109751 -0.8717822057164228
-0.1264118177128657 -0.6902657782587738
0.05656002878003019 -0.5942389705959709
0.182773028715841 -0.5359329157401725
1.546265370437421 -0.6538308037799294
1.67099608249736 -0.7050694461883322
1.85696071004577 -0.7704578488701146
2.16992400780853 -0.8404283857796235
0.01377443471145645 -0.02954011445507621
-3.916666783809752e-05 0.001905199597566409
-0.00108352124583988 0.0001365768894326935
-0.5227412649118537 -0.418853555811426
-0.1911365117252162 -0.4421969278466579
0.01351399929230868 -0.4336244124714213
0.1535012131358674 -0.4216765588669864
1.574486107917945 -0.5460043543499093
1.700756155412301 -0.5545384349789824
1.875603031772692 -0.5456854113317902
2.121281757595785 -0.4816621616810279
-0.0007995358469838898 -0.001373977597826592
0.0001345315461369623 0.0004548425822322733
-0.0002626406820195326 0.0001851721435578435
0.000291102366656304 -0.0002749314041369799
-0.1427086319583062 -0.2121347816606133
0.03031402617844092 -0.2740695917734953
0.1596314141893509 -0.3051736392710863
1.572224502076217 -0.4415902229605061
1.683379658890182 -0.4179447674269902
1.82167262271054 -0.3660475984631069
1.983610396890174 -0.2599940866101965
-0.0001126368518743481 0.000271523719251876
7.476877496070955e-05 0.000129422857673922
-5.018802946343826e-05 9.584715932609011e-05
-5.529104100443494e-05 1.063982104054784e-05
-0.03427314694056194 -0.04646404244973973
0.09035350652208196 -0.1416301438023596
0.195399641072508 -0.2009052450181349
1.547533698735072 -0.3499890489069116
1.637912027317348 -0.3075307472840081
1.739698383486727 -0.2384435837188258
1.843984875877207 -0.1300655183063228
0.0001783211539295726 0.0001011979528858786
3.859855870158579e-05 4.446652502809734e-05
-4.204544252761622e-06 4.534310881887382e-05
-2.118164954278967e-05 2.064629601439272e-05
-2.343946534610897e-05 -5.176571958309673e-07
0.1716143741155536 -0.04335359094692715
0.2502668584716397 -0.1160476421802639
1.509275198068465 -0.274313066901251
1.579875068046692 -0.2231295186204397
1.653138052574072 -0.1506465429515447
1.721141537508762 -0.05137040635050294
8.460749149363789e-05 -7.079821890126903e-05
2.097093801745054e-05 1.788703297300742e-05
4.610096734358748e-06 2.231825262055676e-05
-6.053773085379355e-06 1.566036368161328e-05
-2.304811001574425e-05 1.058583841995198e-05
0.2587251403652654 0.02492116712541126
0.3145484035741539 -0.05139085344694144
1.46425401863515 -0.2138483235427278
1.518419951375878 -0.1600427019662698
1.571040832326734 -0.09017426512458449
1.616132944390397 -0.002295644340771341
-4.132237380283232e-05 -4.207738783068571e-05
1.208796251417343e-05 8.262060582797659e-06
5.17582778081227e-06 1.175942788556039e-05
-7.843957390285539e-07 1.039194942453747e-05
-4.991910536378263e-06 4.752938451368927e-06
0.3439988971136222 0.07034108345576007
0.3815606506276689 -0.004478216644917821
1.416844499733898 -0.1663683145809337
1.458103974857748 -0.1131986064642433
1.49604664219484 -0.04812074407742561
1.526512940303271 0.02916051830761346
-3.354792845677856e-05 5.492456248779032e-05
7.377656332963056e-06 4.337408943455578e-06
4.158814981503056e-06 6.652066071310969e-06
8.37034809575421e-07 6.757777841981394e-06
-1.031247277905045e-06 5.226761074395014e-06
0.00027017859144296 0.001300405461509335
0.4473995970619448 0.02804323653352891
1.369570514543771 -0.1294122897003351
1.400904140666303 -0.07844315919224959
1.428352859948551 -0.01863659900816184
1.449113811046202 0.04969465573010523
6.756251070161312e-05 5.137177110792202e-05
4.748880317428927e-06 2.513652857527582e-06
3.082314683933163e-06 4.021174876744915e-06
1.178336650586864e-06 4.455707553141508e-06
-3.195746930417798e-07 4.133392233374167e-06
-0.0001601582259771472 0.0001620745201992291
0.510057041995827 0.04932026036046733
1.323765274239933 -0.1007970287062644
1.347495481741555 -0.05266696420316141
1.367334779594673 0.002080975651186256
1.38134898696959 0.06296033077174301
7.154153328803314e-05 -7.821369752342155e-05
3.148400960606423e-06 1.549156012692343e-06
2.236330152172172e-06 2.579889566312055e-06
1.103770116195335e-06 3.013559049303005e-06
3.181533214657861e-08 2.959091912946299e-06
-5.141213475245987e-05 -2.85985772442432e-05
0.5686700561105009 0.06195804920513082
1.280056638818705 -0.07874562503468141
1.297937067077066 -0.03361171211134806
1.312164448830273 0.01653897606501864
1.321368405503382 0.07118244139259944
-9.666368272931436e-05 -9.773793888007143e-05
2.091360320699565e-06 1.061920077316536e-06
1.622019365710159e-06 1.74380808648511e-06
9.216012918367156e-07 2.097749065566035e-06
2.091648637625454e-07 2.138894278913561e-06
7.478916903447264e-06 -1.467747870526059e-05
0.6230484019667355 0.06793411327252474
1.238674466224215 -0.06186512470031563
1.252016684927662 -0.01964624243099389
1.262033742751564 0.02642637660137559
1.267744255165335 0.07584999887021882
-0.0001630771104988993 0.0001190593962706599
1.471547372733362e-06 8.7010681315558e-07
1.186560733223985e-06 1.232613863422216e-06
7.364552633282173e-07 1.502565324273952e-06
2.571198634004901e-07 1.581208172507509e-06
5.909774614232255e-06 3.927752818100316e-06
0.6731214257891142 0.06858157509918195
1.199632692865826 -0.04908000425917092
1.209418515184304 -0.009586016923852581
1.216224714674844 0.03290771612268606
1.219339910868986 0.07794837603256344
0.0001539781209591862 0.0003398017296688538
1.214778283298301e-06 6.714166205235017e-07
8.790813899040018e-07 9.04504987020438e-07
5.789416278600967e-07 1.105229871511959e-06
2.460309548313333e-07 1.186898661686975e-06
-9.939086241805839e-07 3.717776570044684e-06
0.7186587202703368 0.06547033679684688
1.162833665111132 -0.03956310076269987
1.169802414042696 -0.002562087733379403
1.174122382307899 0.0368039779849002
1.175269151376904 0.07813861084353446
0.0004411048794424888 -0.000576622880881561
9.373736613582651e-07 2.870649241648593e-07
6.607868321406585e-07 6.842883593094484e-07
4.535897030200076e-07 8.324357426703344e-07
2.173654917170253e-07 9.031598253717021e-07
-1.257107036356508e-06 4.638891114572274e-07
0.7606000372380303 0.06017576758870358
1.128126727703996 -0.03267708031896621
1.132839680353326 0.002070580122718657
1.13520716395351 0.0387058460346229
1.134836520604803 0.07688477283803563
1.131318773607505 0.1163000144205278
3.44137492724883e-07 1.436561800627345e-07
5.043242641278312e-07 5.304926116167508e-07
3.566244524133566e-07 6.398197434087649e-07
1.860435102640778e-07 6.976400314107067e-07
2.619914589718775e-07 1.28676578281528e-08
0.8004900832045744 0.05342903470494376
1.09534052981203 -0.02792853904812281
1.098227582483075 0.004796611880882096
1.0990414726343 0.03904610073299408
1.097484458207451 0.07452215348478253
1.093268197943791 0.1108512177783814
6.474107061560375e-08 6.467113786712275e-07
3.911652358690176e-07 4.191287558130696e-07
2.824375313625893e-07 5.000227522033995e-07
1.563955203121026e-07 5.465334330656546e-07
4.644315381163722e-07 7.257338147104164e-07
0.0006934306350763197 0.001290183275055146
1.064300389166828 -0.02493321268237203
1.065693672519157 0.005984299598236875
1.065255945325119 0.03814691636932221
1.062759009678127 0.07129642619626919
1.058013392567813 0.1051092628607823
6.694207895785453e-07 8.534619156952417e-07
3.085477219277877e-07 3.353842701336873e-07
2.257803708438644e-07 3.95814438114428e-07
1.301885597104757e-07 4.327688006844355e-07
-1.026612219678924e-07 7.600996128065418e-07
-0.0005320500862059374 0.0005122913744760593
1.034837210029822 -0.02338998409730753
1.034995351036546 0.00591643110750073
1.033537164685786 0.03625142596683451
1.030286188323567 0.06739015309858887
1.025101984703024 0.09906284063912119
8.445054193728652e-07 3.042589060697765e-07
2.472566312805569e-07 2.701183799969087e-07
1.823553613666817e-07 3.161049056954468e-07
1.082117432327223e-07 3.451810187682369e-07
-2.282045811208278e-07 2.371424000502387e-07
-0.0005406936015612818 -0.0002761995691636931
1.006791654812101 -0.02306155366635049
1.005917384012027 0.004812073629186453
1.00361730583377 0.03354521059343318
0.9997540457906906 0.06294086542288979
0.9942214368558806 0.09276877322627808
1.615923953757203e-06 8.638736624932974e-07
2.011448163585783e-07 2.173857903686738e-07
1.488377027181187e-07 2.535965960559494e-07
9.0195315882724e-08 2.765929461023831e-07
1.467553184530956e-07 4.781020435107308e-08
0.0001926302538335367 -0.0006838210072596107
0.9800156750445279 -0.02376005875253423
0.9782686929051574 0.002842134948263242
0.9752656118288544 0.03017119676497249
0.9708990579740764 0.05805323563545595
0.9650873264739859 0.08629080962637348
6.220003887391634e-06 -4.13084868539082e-06
1.635794669718749e-07 1.720920913550472e-07
1.227234983636194e-07 2.033783143007284e-07
7.523798184472241e-08 2.218757743088773e-07
2.722837535440448e-07 3.614733868895215e-07
0.0007596660965090152 0.0004175856595429739
0.9543726002266872 -0.02533634588200606
0.9518790447220778 0.0001405973932032678
0.9482814346565496 0.02624015126453927
0.9434958003645817 0.05280746617864385
0.9374576289162213 0.07966984320238391
-9.044798384927333e-06 -2.461720555407831e-05
1.247927501335511e-07 1.400053257771816e-07
1.021544666635066e-07 1.62069325182479e-07
6.263186791422015e-08 1.770433261105708e-07
-1.38063698695845e-07 4.719088978477615e-07
-0.0003464829626041999 0.0006456129359382334
0.9297364653582928 -0.02767194173734111
0.9265959193196709 -0.003187296532496553
0.9224885537114722 0.02183817604685878
0.9173489821672802 0.04726520672390588
0.9111270165761851 0.07293961133947324
-8.235546090351598e-05 2.695720703993487e-05
1.05165038011279e-07 1.437315297891928e-07
8.576824817030371e-08 1.272748749725494e-07
5.21777111517352e-08 1.393281238160071e-07
-3.561290310427623e-07 -6.513481642933527e-08
-0.0008095119822303376 -0.000121780587423348
0.905990961081534 -0.03067303063314197
0.9022816563054756 -0.007059037592392348
0.8977305100110555 0.01703211791885761
0.8922871878028589 0.04147377816924858
0.8859137627716589 0.06612683082317672
6.429139159258579e-05 0.0001637553333345698
1.775177723706278e-07 1.294204774460184e-07
7.254322353933418e-08 9.721807381346537e-08
4.359995209313183e-08 1.072284031566895e-07
3.173707606718423e-07 -4.276461477714655e-07
-0.0004429402609984479 -0.001311436496024498
0.88302821929778 -0.03426593953880563
0.8788108979848769 -0.0114104271183364
0.87386673414339 0.01187349867139942
0.868157872440557 0.03546921380332624
0.8616562934156078 0.05924983053461585
0.8545615678508397 0.08313387040107323
2.30768821940508e-07 -1.072695713921767e-07
6.161476728827608e-08 7.058170559126609e-08
3.591748565234809e-08 7.958885217540512e-08
8.804400261075429e-07 5.560296272300036e-07
1.038963172167716 -0.07054217296861803
0.8607475481831162 -0.03839377313045372
0.8560683042024778 -0.0161923285440409
0.8507692846235397 0.006401371367922737
0.8448232743920113 0.02927845713007982
0.8382103750552441 0.05232130442835858
0.8309238595670959 0.07555527943421692
-2.495758908427348e-07 -3.594143191398835e-07
5.232479938221957e-08 4.658945673696735e-08
2.829476930532593e-08 5.436028815974936e-08
-7.709214921991503e-07 1.611379913613042e-06
1.054650730502938 -0.08598082011420177
0.8390541732278962 -0.04301394497584771
0.8339464970882362 -0.02136831139045908
0.8283200458622901 0.000644375950293985
0.8221569907080837 0.02292093914738247
0.8154445478682369 0.04535032308019182
0.8080872483811253 0.06781549187353964
-9.122459790900095e-07 5.873030499703447e-07
4.471892389723564e-08 2.468864435112295e-08
2.206299787310684e-08 2.962067380263278e-08
-3.043674191904877e-06 -1.298976065600144e-06
1.070953294839804 -0.1005105275348682
0.8178580078553682 -0.04809642797430841
0.8123441869420157 -0.02691299618176085
0.8064082601647077 -0.005377823149079752
0.8000410213838802 0.0164096826877479
0.7932362446465403 0.03834269998143935
0.7859887410755407 0.06026572056293356
9.432610074133763e-07 2.205553889522704e-06
3.915161006506906e-08 3.227037970177093e-09
1.926157833231912e-08 7.615960417872714e-09
2.348324718237649e-06 -6.5338785580904e-06
1.086659092746658 -0.1153839974459759
0.7970724583722402 -0.05362260609734915
0.7911644286641125 -0.03281097488428347
0.7849282862874842 -0.01165359899732055
0.7783631248967464 0.009752030241981902
0.7714689966755218 0.03130112607993363
0.764269668079385 0.05287939562733901
4.681313616194949e-06 -1.139266507299563e-06
3.356104982810137e-08 -2.011269645274538e-08
1.368227053877291e-08 -6.767809423990911e-09
1.529225532348466e-05 4.120579011224201e-06
1.101333423371231 -0.1304599451628122
0.7766132578385544 -0.0595846567983887
0.7703129580922086 -0.0390562327102506
0.7637774886457076 -0.01817885390013385
0.7570143498312789 0.002950052930204894
0.750029908278452 0.02422549231564575
0.7428330629944968 0.04555000858149139
-8.307895851267233e-07 -9.1615167499004e-06
2.398148379878506e-08 -4.288930305351712e-08
-9.50056866511062e-09 -2.675015281505821e-08
-6.508281644612701e-06 3.799840998108817e-05
1.115093572300014 -0.1453799085826968
0.7563973189097475 -0.06598543434504961
0.7496965577427515 -0.04565204034816478
0.7428541667078524 -0.02495691114116683
0.7358866179183434 -0.003999333432514074
0.728807010001256 0.01711311201627819
0.7216168730627541 0.03827018210062916
-1.685378090832135e-05 -4.170928275537555e-07
1.5106020101463e-08 -5.816526299495806e-08
-2.307755508912379e-08 -9.428624558882603e-08
-9.908904617350611e-05 -2.638481062522402e-06
1.128230321542493 -0.1601486703233302
0.7363415955501506 -0.07283886322445965
0.7292214011000104 -0.05261132648195999
0.7220554335819613 -0.03199881445802927
0.7148702335370558 -0.01110454812642625
0.7076864819748663 0.009958697475881739
0.7005154551369468 0.03106721830602432
-3.264505196609591e-06 2.8528232015268e-05
2.102551333038605e-08 -7.389956224734817e-08
9.765852915233353e-08 -1.507653423216126e-07
-6.219848475086387e-05 -0.0002835759528548309
1.140857436139634 -0.1748494250974052
0.716361947924893 -0.08017089198712879
0.7087913237391653 -0.05995758421578606
0.7012749460120891 -0.03932408336455712
0.6938511827469767 -0.01837985488996519
0.6865496752042743 0.002754137905674248
0.6793919458797788 0.02394736070784764
4.400095067191856e-05 1.087580755154693e-05
3.113392232911849e-08 -1.162953590649884e-07
2.368662236351682e-07 2.022654526090406e-07
0.00131570154270455 -0.0005117311167046057
1.153062750438659 -0.1895111306972396
0.6963720154846778 -0.08802110615808606
0.6883059689421298 -0.06772641783879624
0.6804003742850093 -0.04696202205519617
0.672708059168129 -0.02584627264809036
0.6652697111383807 -0.004511898954365323
0.6581120699005429 0.01690004869650841
2.877866596717737e-05 -6.541110861968402e-05
2.537368426480668e-09 -1.740575446551595e-07
-9.375762255459108e-07 8.261397975717344e-07
1.179670114639761 -0.1930127366534809
1.164957299276052 -0.2041666930048451
0.6762821242029423 -0.09644515992124603
0.6676587569853821 -0.07596790625149524
0.6593104788149888 -0.05495374718640883
0.6513084103780933 -0.03353301203323383
0.6437073720518209 -0.01185460766523583
0.6365403096166731 0.00992040912666603
-0.0001012424044329885 -5.570353582345922e-05
-4.865072034121454e-08 -1.827968174605843e-07
-3.85950413239744e-06 -2.859862199777741e-06
1.191291334981427 -0.2072411105746731
1.176657017238057 -0.2188740902216875
0.6559982926551033 -0.1055182676682371
0.6467346351207531 -0.08475005786566425
0.6378716291641986 -0.06335519852120886
0.6295042297051461 -0.04147964063984866
0.621705932620529 -0.01929404697523895
0.6145215048902362 0.003012490816240998
-6.635945013422351e-05 0.0001384083767091981
-2.127121678796584e-08 -1.516861656836177e-07
7.512032177414696e-06 -1.612905284215094e-05
1.203153942077412 -0.2219651308957932
1.188276226441899 -0.2337136585641549
0.6354214720325462 -0.1153401081150086
0.6254075881063861 -0.09416377640622103
0.6159335601663064 -0.07224154766444973
0.607126212499948 -0.04973930348658118
0.5990844421083479 -0.02685666800705699
0.5918700529148695 -0.003818291232359994
0.0001410346342678448 9.118681792741334e-05
4.838185396760508e-08 -1.971127413513685e-07
6.867999744286646e-05 1.907200088235861e-05
1.215073688159851 -0.2369097511168486
1.199929529665975 -0.2487903025276309
0.6144472826110992 -0.1260416482625055
0.6035379448115918 -0.1043299751188267
0.5933241101220363 -0.08171366011367143
0.5839762341740597 -0.05838352755918835
0.5756287129981268 -0.03457763175607836
0.5683654951781507 -0.01056835499869407
0.0001506269907340929 -0.0001346402277078163
-1.210150981645342e-07 -3.970576270551085e-07
-4.555191578026196e-05 0.000274983296964515
1.227260997044962 -0.2520740029134266
1.211732037942421 -0.2642404246810863
0.592966739987744 -0.1377946065860476
0.5809696416212006 -0.1154098113943035
0.5698426362064843 -0.09190765761465874
0.5598172592787913 -0.06750948264479711
0.5510788646961013 -0.04250436884951836
0.5437429169446835 -0.01723202007959046
-0.0001560352335541193 -0.0002412410262266906
-2.874429437804693e-07 -1.064808041850718e-06
1.254717619117012 -0.2542836892279137
1.239915200483695 -0.2676409040825789
1.223797359015725 -0.2802411025952951
0.5708688834670483 -0.150824555599156
0.5575278741386664 -0.1276195316110505
0.5452517798756329 -0.1030092836482829
0.5343595091545096 -0.07725117298969675
0.525111602566851 -0.05070217527501414
0.517672439573742 -0.02379700248399608
-0.0002105997779840996 0.0002288909125287564
2.402709107562906e-06 -1.639124473928888e-06
1.26933759788349 -0.2695608604260403
1.253206974524122 -0.2838499212437138
1.236233219642648 -0.2970222585972605
0.5480469815663758 -0.1654290034458011
0.5330181440559612 -0.1412522169611659
0.5192673378921573 -0.1152758989289444
0.5072411280668259 -0.08779712854529087
0.4973142608492563 -0.05926326816110561
0.4897284517677578 -0.03024318817755228
0.0001518709446388655 0.0001730380407332088
8.444676081409419e-06 1.046885860800373e-05
1.284531461450803 -0.2857815195952876
1.267313366848352 -0.3010089927458751
1.249132938585228 -0.3148831037219278
0.5244113760684608 -0.1820021111420653
0.5072289239778025 -0.1567099388691341
0.491546390419966 -0.1290709024743353
0.4780006948963439 -0.09941922877108006
0.4671455741653017 -0.06832196354836123
0.459347099737297 -0.03654218057947656
0.0001811492920972269 -8.630478232052319e-05
-4.286063345781965e-05 5.17056633313473e-05
1.301107306303213 -0.3029596592521682
1.282413920985597 -0.3195334097286924
1.262559453788231 -0.3342139850975064
0.4999145255409435 -0.2010677092774579
0.4799427343616929 -0.1745515899150556
0.4616750949564212 -0.1449188834070978
0.4460376330799625 -0.112521349723921
0.4338743030898696 -0.07808121047197797
0.4257609992908402 -0.04265239409648125
-5.329763760941741e-05 -0.0001889468775182479
-0.0002962810507030067 -9.830829387258433e-05
1.319542224235719 -0.3217911263741008
1.298671096440579 -0.3399914195011792
1.276516242961072 -0.3555243093808929
0.4745982055490257 -0.2233211408474288
0.4509658721744803 -0.1955638427008013
0.4291611299324802 -0.1635961190713509
0.4105549607190722 -0.1277248691960407
0.396479380542918 -0.08886138845874414
0.3878868905304973 -0.04850706428551088
-0.0001481424915110718 5.321191181117957e-05
1.361670183903653 -0.3191564410714339
1.340211007515017 -0.3431214985773993
1.316190148123373 -0.3631677783112156
1.290895438516195 -0.3794753702119353
0.4486801028873451 -0.2496759808382368
0.4201985000592421 -0.2208641314066673
0.3934455884602001 -0.1862822271756924
0.3704779498939671 -0.1460260729565464
0.3534800100495068 -0.101195699544962
0.3441227710041244 -0.05399525060358201
2.739550488295439e-05 9.735771240404478e-05
1.389149590306157 -0.3407801830908844
1.363505877710954 -0.3681695810254051
1.334934968640763 -0.3901516734714107
1.305387198536417 -0.4069113239521656
0.4227073881858301 -0.2812985941916387
0.3877903256035332 -0.2520402314668894
0.3539758996089908 -0.2148172034861947
0.3243474492509805 -0.1691013333310593
0.3026312782946339 -0.1160311012652421
0.2919672389314345 -0.05893134247765941
3.238232958213683e-05 -1.5526496160434e-06
1.421922643050813 -0.3669551751020804
1.389712537877432 -0.3987927108934676
1.354555113832822 -0.4224453577039985
1.31932674898757 -0.4388671381299164
0.3978132983292462 -0.3195807780761001
0.3544714741856571 -0.2913036072872758
0.3104542239703242 -0.25213028200199
0.2702214684708016 -0.199932473679809
0.2403460649266106 -0.1351929039235327
0.2272457320062538 -0.06298661656759408
-9.114366147677799e-05 -0.000167205362046341
1.461473770178475 -0.401178960382041
1.418691801308359 -0.4378573621736584
1.374041905635217 -0.4620555547827908
1.33145321645612 -0.4764994291662035
0.3760955487527914 -0.3659321091753447
0.3222120074573604 -0.3415319717493117
0.2635684280838955 -0.3028891667081016
0.2057872462127149 -0.2441547869128473
0.1605288488576603 -0.1625951394284605
0.1423161789931098 -0.06550161189578746
1.56017572985123 -0.3855329196803929
1.509105638397576 -0.4492793781862813
1.449063161126307 -0.4897345072654516
1.391088768471932 -0.5114208200400296
1.339583074541782 -0.5208234409992178
0.361021703488603 -0.4211729406762282
0.2953608509078589 -0.4057856035922938
0.2169562099273505 -0.3741167278422993
0.1296579173901764 -0.3130036690653807
0.05214106227110671 -0.2079274959259015
0.02111657964958247 -0.06495067831092144
1.64992065612957 -0.4408011808700852
1.564273576377548 -0.5222856529073922
1.476215837918991 -0.5605429699694646
1.401085707821497 -0.5727509850220963
1.340327568021549 -0.5720633265082242
0.3574382267067345 -0.484308561760466
0.2819305328357896 -0.4853359667433205
0.1816327410818799 -0.4739808471050944
0.04819876430540981 -0.428715106285085
-0.1049794803053197 -0.300440647807928
-0.1782369590315043 -0.05730987880478927
1.778285814879357 -0.5494890061705952
1.617105104461646 -0.6403262941419565
1.48829860077743 -0.6562201540709632
1.39623479518281 -0.6459201985592944
1.329297297399695 -0.6284800929812762
0.3703080992477393 -0.5509935884333438
0.2928643228729669 -0.5753416510337278
0.1812146814571618 -0.6027701260250075
0.001820608865936491 -0.6221655377938132
-0.3231656706270052 -0.5529913256882056
-0.5973512883956695 -0.001623241492545391
1.938469882452442 -0.8172509928205263
1.624013381707198 -0.8260551987805113
1.462771668818546 -0.7730240582794394
1.367000841333497 -0.7244582506811519
1.302577945144752 -0.6851254327878531
0.4017208546908114 -0.6133169938828191
0.3353584219830605 -0.6612814677421937
0.2412032120414892 -0.7335653479386165
0.08909463255381422 -0.8584866981389678
-0.2344327816260334 -1.154470028164016
1.849188931368994 -7.31546677400461
1.74545845653748 -1.378915846961644
1.495754333432268 -1.029572581476344
1.37994017152473 -0.8807393371785601
1.309144463443408 -0.7932876686383163
1.259632143159983 -0.7341666706211378
0.4481944780443012 -0.6628058469829982
0.4033274896983232 -0.7250796640117046
0.3508685429700216 -0.8199760937026894
0.29865924952745 -0.9802178997823792
0.314745827445497 -1.278715262142748
0.7201301210849991 -1.61976013163228
1.18949504029587 -1.380975688647874
1.271628058057787 -1.099369151269664
1.258652370507866 -0.936722275137909
1.231835693807112 -0.8363294344566033
1.20534662966278 -0.7682603268736231
0.5018160249116692 -0.6949847269249105
0.479646565506701 -0.7588638633776763
0.4656656214561292 -0.8480490348462467
0.4789528281977184 -0.9727299803011933
0.5649111893970789 -1.126545493889741
0.7658395081534599 -1.228073055617506
0.9839933465184278 -1.177542433091979
1.102405150201002 -1.050852815936739
1.144546407954826 -0.9362025373857743
1.152950549737579 -0.8494190534569822
1.148085649143244 -0.7847287061899273
0.554640502709723 -0.7108723836168354
0.5495401092857441 -0.7679203377500532
0.5578294800654224 -0.8394231464349362
0.5922470763723036 -0.9236090808201363
0.6686382605760681 -1.005608364129171
0.7874643404989021 -1.051701791958894
0.9134324782101922 -1.036515257751677
1.006579600744385 -0.9769188672461603
1.059929902867709 -0.9056852837085713
1.085515345902794 -0.8406121414878878
1.095164417596835 -0.7861584729578419
0.6018225286276255 -0.714642977105159
0.6070343322664398 -0.7620100073533996
0.6248696957968154 -0.8160513278044742
0.6616275347902895 -0.8724298910437182
0.7216623589593645 -0.9208796010565143
0.8008066466907849 -0.9469810698276916
0.883676979571574 -0.9419824835312852
0.9533464276420149 -0.9109167973029314
1.002544544091966 -0.8667986341760113
1.033170680673119 -0.8204844810594777
1.050292601513534 -0.7775279091159595
0.6417073438667436 -0.7107721679219876
0.6521933221438292 -0.7488556199192749
0.6728030994908614 -0.7892592741931971
0.7062525952315168 -0.8281695101471209
0.7531985141564345 -0.8594284922761921
0.810100281355128 -0.8762555030114456
0.8692315173876739 -0.8749421176207779
0.9222376916645398 -0.8573104792229369
0.9641435873518583 -0.829102178025297
0.9941756083293813 -0.7963894797631315
1.014065156475078 -0.7634394660430275
