0.8820708608745638 -0.5269356874037264
1.066453856760142 -0.8990730152398003
1.021709538751704 -0.9528145502185932
0.9566675417284976 -0.9993507294096949
0.8726932697951708 -1.028013491391691
0.7786571530948319 -1.028832745778934
0.6893023158067422 -0.9989858757448304
0.6179230326091271 -0.9454860291179122
0.5701180446510584 -0.8805086893652516
0.5440660906496246 -0.8147354649812886
0.5345344242718537 -0.7544525505182313
1.152569911744868 -0.8630345714453234
1.130544732052308 -0.9333331707365333
1.085526998716567 -1.010361226942651
1.008381345020606 -1.084345858176969
0.8957412387778143 -1.13596815025016
0.760852059828657 -1.142251162027452
0.6340329401760937 -1.095047292042971
0.5419699007786638 -1.01095105230305
0.4907350368753635 -0.9158813952519053
0.4714673680066009 -0.8275031859264483
0.472458794303742 -0.7526122841626639
1.225359713463123 -0.8702203924787641
1.217342251001545 -0.9597620655399728
1.182224699443759 -1.069134209693985
1.098597562569902 -1.190551627227864
0.944800150274984 -1.29193531756194
0.7342069024435997 -1.314371813195493
0.5396454910419424 -1.229486335415848
0.4226198042419372 -1.085430155585772
0.3791742325082219 -0.9425903346956475
0.3792037022570124 -0.8257960804568498
0.3996588438760628 -0.7364255312042094
1.311046117061543 -0.8589237719824909
1.32968942462769 -0.9650871616023161
1.326472418589602 -1.111830248997945
1.264154516428408 -1.31007239162373
1.065267332631924 -1.530995263022126
0.6886128444355802 -1.612707481279107
0.352738507645273 -1.422958840666308
0.2265426911236468 -1.15079900802095
0.2262021419700601 -0.9396055009568642
0.268387099678757 -0.7958674558417568
0.3198814172384248 -0.698272379144384
1.402559657473248 -0.8203292339434586
1.460544629133305 -0.9302028096888949
1.522053254561943 -1.099068513990616
1.561152986295497 -1.382478489200285
1.429413873209377 -1.882691506739859
0.5754730319443504 -2.300551057269406
-0.09873015059799295 -1.660112523008527
-0.08400738637151817 -1.132501461693385
0.03942617838471296 -0.8674687322600549
0.1514289888675643 -0.7211120756729529
0.2426213251897607 -0.6315963778546724
1.486229408860445 -0.7501497991532411
1.585542781803951 -0.8407473267698558
1.727514420731632 -0.9822235682104743
1.957244194919712 -1.236900888316894
2.449264979903706 -1.904266596488833
0.006809686123050662 0.001228370393957401
-1.068777151407224 -1.313084376978579
-0.4281514493358354 -0.8721719453465101
-0.1267090920905489 -0.6905730472402023
0.05629503766885402 -0.5944960479702036
0.1825298017212725 -0.536154767268597
1.546569783721905 -0.6539737922278481
1.671334648389279 -0.7052315486234546
1.857350016281647 -0.7706410752939979
2.170397638322016 -0.8406293016320135
0.01377781200498784 -0.02954720919121595
-3.911753101781823e-05 0.001905742665686883
-0.00108382760813508 0.0001366876170018072
-0.5231668389082604 -0.4191411221870781
-0.1914820519860385 -0.4424528222366799
0.01321408969830928 -0.4338498014716882
0.1532310461994614 -0.421876568700454
1.574803965192813 -0.5461181216946255
1.70110758422923 -0.5546601543885465
1.875999987659824 -0.5458092809311891
2.121740410362577 -0.4817715773333516
-0.000799696170662334 -0.001374300087458424
0.0001345733130302396 0.0004549705291642114
-0.0002627218879488469 0.0001852330552487569
0.00029143996528469 -0.0002750885410140458
-0.1430731122237499 -0.2123341078405171
0.02999367106387396 -0.2742579370125212
0.1593423714480924 -0.30534765139202
1.572548055568187 -0.4416761992498371
1.683732217970344 -0.4180309343776053
1.822060135288055 -0.3661261706015746
1.984036859751724 -0.2600507427793276
-0.00011265794678883 0.0002715849996117736
7.478652009695885e-05 0.0001294602600053762
-5.020697434499066e-05 9.587557442669592e-05
-5.530649415297351e-05 1.064515199566962e-05
-0.03463803512026964 -0.04661747292142709
0.09002510964995269 -0.1417839307777357
0.1950995830690631 -0.2010531657939278
1.547857642951581 -0.3500508458353019
1.638259430390151 -0.307588650823685
1.740071215907025 -0.2384908182603458
1.844382345410929 -0.1300924405612274
0.0001783610298250471 0.0001012226973458041
3.860618369988522e-05 4.448025076930762e-05
-4.209214007788731e-06 4.53561831605942e-05
-2.119115443122155e-05 2.065122386618601e-05
-2.339580151011766e-05 -1.081284652204584e-06
0.1712854801446111 -0.04347873248663714
0.2499616704993723 -0.1161719771829465
1.509596628526515 -0.2743547998617699
1.580215020334854 -0.2231658257190086
1.653496470405884 -0.1506723120443468
1.7215161828718 -0.05137944660889859
8.462594897973297e-05 -7.081192735802766e-05
2.097449619409275e-05 1.789314593891866e-05
4.608949467410639e-06 2.232474534591411e-05
-6.057747119370127e-06 1.566406531361419e-05
-2.301854588426799e-05 1.056914403996245e-05
0.2583992887806924 0.02481857086070882
0.3142417215366211 -0.05149505879532568
1.464571750920585 -0.2138737026189756
1.518752318442413 -0.160062559879332
1.571386896969463 -0.0901849414653299
1.616490231934379 -0.002293195559125494
-4.133207781975567e-05 -4.208529013127738e-05
1.208977043398729e-05 8.265255844408514e-06
5.175598111750723e-06 1.176297425620199e-05
-7.861583923851612e-07 1.039450407835929e-05
-4.991631765594029e-06 4.7567127230419e-06
0.3436769786545885 0.07025585923885136
0.3812543540234156 -0.004565683359932127
1.417158391890946 -0.1663803503308897
1.458429599696037 -0.1132057370040919
1.496382746987206 -0.04812039163088144
1.526857249290287 0.02917088532949375
-3.355588070153015e-05 5.493824947944148e-05
7.378657007395262e-06 4.33930739407451e-06
4.158823464717187e-06 6.654186760268743e-06
8.361898329312112e-07 6.759520153387655e-06
-1.032783771393042e-06 5.228190094852536e-06
0.0002699468058446897 0.001299271410308722
0.4470944139527031 0.02796959838610835
1.369880992706886 -0.1294133019128859
1.401224233712652 -0.07844019257211438
1.428681253247251 -0.01862784355377328
1.449448521714088 0.04971086835908956
6.757810147584031e-05 5.138449203911932e-05
4.749483307975311e-06 2.514886333848665e-06
3.082375463092646e-06 4.022545977866443e-06
1.177900075255423e-06 4.456923800466583e-06
-3.203785816641158e-07 4.134228771435211e-06
-0.0001600463395121654 0.0001619595183970368
0.5097530140150661 0.04925810160505317
1.324073047416467 -0.1007887574503335
1.347811340464599 -0.05265574850721538
1.367657450215928 0.002096406558981689
1.381676745150443 0.06298109968144205
7.155842062511741e-05 -7.823200647649742e-05
3.148780320483269e-06 1.550004569250696e-06
2.236392520393871e-06 2.580834894905237e-06
1.103527729973131e-06 3.014437087944799e-06
3.13634860305001e-08 2.959779273781216e-06
-5.13811859119695e-05 -2.858003278072285e-05
0.5683668284530412 0.06190552227464197
1.28036254128976 -0.07872935402281356
1.298249959521782 -0.03359354428766093
1.31248313216683 0.01655992930630645
1.321691365132585 0.07120693642235687
-9.668793150163779e-05 -9.776168523328854e-05
2.091594739073166e-06 1.062545241015123e-06
1.622071168605466e-06 1.744494705024913e-06
9.214571659033055e-07 2.098405018524652e-06
2.088692514501389e-07 2.139453111227319e-06
7.474653590855418e-06 -1.466792114490634e-05
0.6227453777175173 0.06788981200586752
1.238979375914095 -0.06184178647038346
1.252327809677995 -0.01962202876095814
1.262349961017806 0.02645207820605333
1.268064219137828 0.07587769120599097
-0.0001631191797701881 0.000119090382748821
1.471707701039549e-06 8.706107798017726e-07
1.186600709135455e-06 1.233134003686409e-06
7.363637516411004e-07 1.503071086816909e-06
2.569172383726226e-07 1.581656470017734e-06
5.906467288596673e-06 3.927057794950173e-06
0.6728179586800159 0.0685445163976115
1.19993749234315 -0.0490502614438616
1.209728995411357 -0.009556381796130664
1.216539821875446 0.03293765130973159
1.219658424193574 0.07797893412574708
0.0001540189899222888 0.0003398928838990178
1.214931132809127e-06 6.71816649977508e-07
8.791110280848002e-07 9.049128282256902e-07
5.788796956229803e-07 1.10563098709715e-06
2.458887289336076e-07 1.187263981905495e-06
-9.937410874183428e-07 3.716909005468949e-06
0.7183542826327118 0.06543962535244752
1.163139225777443 -0.03952740605566896
1.170113305927936 -0.002527446898683838
1.174437604967519 0.03683781596707547
1.17558757599124 0.07817183566819197
0.0004412296704329188 -0.0005767817211491111
9.374933881423075e-07 2.873224975719069e-07
6.608079946568424e-07 6.846173928876098e-07
4.535450462972435e-07 8.327618767900447e-07
2.172617606932548e-07 9.034636342386548e-07
-1.25672099127172e-06 4.64321196491646e-07
0.7602937919770349 0.06015046926878775
1.128433906345731 -0.03263571957974404
1.133151986940977 0.00210997027801052
1.135523635773932 0.03874339209610944
1.135156091789356 0.07692056108578627
1.131640276984071 0.116334110733497
3.44117666251087e-07 1.438483314686323e-07
5.043384753156133e-07 5.307645410956852e-07
3.565901168789409e-07 6.400907874848372e-07
1.859645530899456e-07 6.978968760673609e-07
2.617837320251226e-07 1.338371458103893e-08
0.8001807393079639 0.05340838948327864
1.095650171639343 -0.02788166163108852
1.098542269049563 0.004840621321887006
1.099360263577642 0.03908726542578866
1.097806326198123 0.07456047533264065
1.093592037254598 0.110886666319972
6.466301960550425e-08 6.470429333438332e-07
3.911736888850825e-07 4.19358254455382e-07
2.824093783271309e-07 5.002524635644434e-07
1.563331566423187e-07 5.467538412018413e-07
4.641665682925122e-07 7.258751710814693e-07
0.0006931578799224125 0.001289680400359705
1.064613334210592 -0.02488085218129127
1.066011681885976 0.006032902847776134
1.065578086248042 0.03819169582823101
1.063084272211769 0.07133731121221987
1.058340706317375 0.1051461698048105
6.69572497002946e-07 8.538494519205742e-07
3.085513116118932e-07 3.355815259009631e-07
2.257558036067309e-07 3.960126020441379e-07
1.301375763818058e-07 4.329608888076208e-07
-1.026868028386474e-07 7.60157915058457e-07
-0.0005318462009947789 0.0005120949405603703
1.035154301274847 -0.02333207182172264
1.035317618332136 0.005969693414211497
1.033863668691246 0.03629988974100928
1.030615917517972 0.06743368176121767
1.025433872409089 0.09910130576567233
8.447543400347257e-07 3.04394103034511e-07
2.472559669230989e-07 2.702906551910189e-07
1.823326825078908e-07 3.162786824661978e-07
1.081684529724569e-07 3.45351026553864e-07
-2.281686559690854e-07 2.373469665251093e-07
-0.0005404905721947406 -0.0002760946109059415
1.007113747268087 -0.02299792645306525
1.006244850880273 0.004870143015021977
1.003949187380602 0.03359749481354768
1.000089311285834 0.06298716465864174
0.9945590020800829 0.092808914902754
1.616275162263925e-06 8.64095708763557e-07
2.011401922796807e-07 2.17538229208003e-07
1.488156992079936e-07 2.537512978628698e-07
9.015706203818752e-08 2.767455359320437e-07
1.466596986077207e-07 4.804544562198032e-08
0.0001925576403668527 -0.0006835682883837846
0.9803436454077691 -0.02369046216663556
0.9786023213785381 0.002905238835248514
0.975603904492865 0.03022750133748398
0.9712409478155551 0.05810247730492368
0.9654316911263403 0.08633277141214812
6.221696450037228e-06 -4.131982436983428e-06
1.635701400992673e-07 1.722282987337564e-07
1.227012246252102e-07 2.035180284298832e-07
7.520291644969035e-08 2.220145647324756e-07
2.721464530397455e-07 3.61560534067884e-07
0.0007593874868460082 0.0004174335336060153
0.9547073570344378 -0.02526043344259932
0.9522198310753277 0.0002090430457841741
0.9486272083186058 0.02630074034404684
0.943845440834696 0.05285986792948749
0.9378099552886009 0.07971379245600108
-9.047759792379928e-06 -2.462506981520951e-05
1.247758465439119e-07 1.401307624382397e-07
1.021311790694313e-07 1.621972913756764e-07
6.25986468216766e-08 1.771713216136561e-07
-1.380471279510687e-07 4.719292544530518e-07
-0.000346356387563862 0.0006453745830479196
0.9300789596766368 -0.02758927047236309
0.9269449082664293 -0.003113118124890457
0.922842931871112 0.02190338142106818
0.9177075575594369 0.04732103495003792
0.9114885297631948 0.07298574347221587
-8.238453782039024e-05 2.696680090197301e-05
1.051452664935226e-07 1.438593399960553e-07
8.57433248846462e-08 1.273936974799383e-07
5.214517140306185e-08 1.394478649219266e-07
-3.560311014894069e-07 -6.493742832347493e-08
-0.0008092112226929515 -0.0001217350631942393
0.906342197846229 -0.03058305299016173
0.9026399559299184 -0.006978644463828509
0.8980946878890577 0.01710234522782739
0.8926559610317828 0.04153335303298733
0.8862857715964527 0.06617537358013026
6.431540981122197e-05 0.0001638158132182266
1.775272930881755e-07 1.295444563842452e-07
7.251605782521153e-08 9.732987860111564e-08
4.35670205467531e-08 1.073419175767754e-07
3.172176212817845e-07 -4.273323037096155e-07
-0.0004427787039575914 -0.001310944856563689
0.8833892694723013 -0.03416799142454258
0.879179695829627 -0.01132323551188391
0.8742419982429415 0.01194923662530523
0.8685382073665527 0.03553291646084833
0.8620402141965632 0.05930104808529169
0.8549476383932598 0.08317232353171156
2.307984564575705e-07 -1.072366297982796e-07
6.158467302785908e-08 7.068831919809782e-08
3.588339803073382e-08 7.969779014516121e-08
8.800753993343235e-07 5.559567760604622e-07
1.038589458664388 -0.07051653092407523
0.8611195619218116 -0.03828705759455991
0.8564488849715139 -0.01609763807907993
0.851157034466981 0.00648320436255756
0.8452166607920371 0.02934673948065469
0.8386077592222293 0.05237550346942055
0.8313235314679993 0.07559511918635753
-2.497518978294977e-07 -3.594802003292763e-07
5.229102695292198e-08 4.669261000067593e-08
2.825900058400777e-08 5.446651141216563e-08
-7.706502295201645e-07 1.61089303141182e-06
1.054265250306301 -0.08594853579083434
0.8394383942390832 -0.04289751076850618
0.8343402624730385 -0.02126528546842749
0.8287218187110448 0.0007330007382935211
0.8225650729520967 0.02299433662460282
0.81585711352402 0.04540786123278373
0.8085023327318407 0.06785675314732864
-9.127201736625068e-07 5.876743013333297e-07
4.468085879061334e-08 2.479004057587275e-08
2.202435911424772e-08 2.972635437803461e-08
-3.042515982709659e-06 -1.298319736386944e-06
1.070554041366102 -0.1004712061933046
0.8182557891469082 -0.04796914186457346
0.8127526781424396 -0.02680063653940268
0.8068257596694306 -0.005281575758965373
0.8004656320817142 0.01648883085425856
0.7936659135439724 0.03840399633306857
0.7864213061769648 0.06030864728482044
9.436801011730722e-07 2.206712970020952e-06
3.910884271984827e-08 3.327820907728096e-09
1.921791037418075e-08 7.721988382058953e-09
2.347279799308488e-06 -6.531112407559547e-06
1.086244383687893 -0.1153366435932731
0.7974852795210748 -0.05348311740600808
0.7915893522516712 -0.03268808875723939
0.7853634162126533 -0.01154873603194218
0.7788063250863093 0.009837686269632107
0.7719179388221571 0.03136667448762753
0.7647219056836194 0.05292425168866732
4.683664539206767e-06 -1.139810288208754e-06
3.351210942081906e-08 -2.001225074543811e-08
1.363380752739118e-08 -6.662781271149498e-09
1.528576866216547e-05 4.11885100393139e-06
1.100901606976845 -0.1304034085956583
0.777042743836829 -0.05943135203212163
0.7707562159481072 -0.03892139047325177
0.7642323930809289 -0.01806418376875846
0.7574784777125104 0.003043123488086219
0.75050059664622 0.02429587858366078
0.7433074847038402 0.04559702456719339
-8.314310234736055e-07 -9.166517653036443e-06
2.392268660944552e-08 -4.278732856910494e-08
-9.547513224461568e-09 -2.664188242240684e-08
-6.505279004920261e-06 3.798182027181518e-05
1.114642811329592 -0.1453129304776511
0.7568452604699341 -0.06581637905812537
0.7501602818857966 -0.04550352067755736
0.7433312785349506 -0.02483099612464812
0.7363743487453513 -0.003897755735943198
0.7293022884637755 0.01718903630071456
0.722116410930721 0.03831961760516844
-1.686403367995304e-05 -4.170687119553484e-07
1.503614854847513e-08 -5.805552621973575e-08
-2.31296509722867e-08 -9.41517059871444e-08
-9.904340261379652e-05 -2.636806156919302e-06
1.127758495973652 -0.1600697064052073
0.7368099704420098 -0.07265172719813451
0.7297079942773292 -0.05244704493531754
0.7225575334349198 -0.03185990831615465
0.7153846541320171 -0.01099313669702956
0.7082096507913107 0.01004100372403094
0.7010435279475193 0.03111939727801705
-3.266531294898734e-06 2.854690976528129e-05
2.0951905765898e-08 -7.378035465910315e-08
9.753421825742237e-08 -1.506101938719695e-07
-6.216919841539603e-05 -0.0002834381188671631
1.140362172145419 -0.1747565504279107
0.7168529423691921 -0.07996285238982076
0.7093035066395625 -0.05977499948275505
0.7018052345727104 -0.03917004861668444
0.6943958852960608 -0.01825698511082574
0.6871046000673896 0.002843852981185391
0.6799525539056579 0.02400266896698156
4.403158939592089e-05 1.088347362765418e-05
3.105714263540449e-08 -1.161823544593155e-07
2.366607734227699e-07 2.022318700278802e-07
0.001315042275915057 -0.0005114719967632686
1.152541392463426 -0.1894019732306718
0.696888043672895 -0.08778872136855725
0.6888468347175215 -0.06752240754625188
0.6809625615271134 -0.04679021908505177
0.6732872606549103 -0.02570993545023076
0.6658609641923771 -0.004413512533064046
0.6587099524913788 0.01695893226821743
2.880073554334395e-05 -6.546040115551488e-05
2.426558065593554e-09 -1.739586409366112e-07
-9.37145764323688e-07 8.257778726372678e-07
1.17910060051283 -0.1929165411594164
1.164406860635437 -0.204038317662634
0.6768258423561762 -0.0961842039362194
0.66823183325499 -0.07573860073551192
0.6599088947588834 -0.05476088369317195
0.6519271064339065 -0.03338069557518014
0.6443404168232481 -0.01174597952815132
0.6371811550205378 0.009983394382712896
-0.0001013267254672545 -5.575051892897642e-05
-4.88198501624737e-08 -1.826692370698879e-07
-3.857420408537315e-06 -2.858002024319628e-06
1.190685577536798 -0.2071262966865505
1.176074136710793 -0.2187228361803856
0.656572601170394 -0.1052235111668868
0.647343952447369 -0.08449061518305645
0.6385113618054813 -0.06313712226495272
0.6301683951570007 -0.04130816573416191
0.6223873701886481 -0.01917319837950932
0.6152122168438672 0.003080215643725626
-6.641911219684715e-05 0.0001385343201086853
-2.144551436433773e-08 -1.515025466192199e-07
7.506612495156162e-06 -1.611873133827713e-05
1.202507032775335 -0.2218274667316532
1.187657130815918 -0.2335349248081115
0.636029494298065 -0.1150050269177089
0.6260577514190575 -0.09386807416421095
0.6166206273633561 -0.07199295673293804
0.6078430660037917 -0.04954459060295396
0.5998223441652564 -0.02672106920333428
0.5926191084332024 -0.003745045300950101
0.0001411704794891389 9.127654921681216e-05
4.826607824526263e-08 -1.969879778740413e-07
6.863109952381929e-05 1.905745960673055e-05
1.214380073595919 -0.2367440016484657
1.199270006991183 -0.248578259911328
0.6150923004233764 -0.1256580326433874
0.604234199126237 -0.1039901830794624
0.5940656729570198 -0.08142769102725728
0.5847545918349979 -0.05816026038342753
0.5764330805798149 -0.03442399523829942
0.569183448860473 -0.01048862508693926
0.0001507933461268873 -0.0001347768250939962
-1.211080555840738e-07 -3.970561560096009e-07
-4.551776145123032e-05 0.0002747631218357194
1.226514187067322 -0.2518734262251738
1.211027437448531 -0.2639876245742613
0.5936520503591487 -0.1373520353145309
0.58171791315734 -0.115015791151964
0.5706472606119115 -0.09157528895002892
0.5606680132741385 -0.06725061144753486
0.5519622726131388 -0.04232834237373562
0.5446431238086753 -0.01714460495355874
-0.0001562120699510894 -0.0002415466485476969
-2.878251660343167e-07 -1.064320141463959e-06
1.253866196745446 -0.2541099833864654
1.239107641136821 -0.2673966100142848
1.22304264705961 -0.2799379421081034
0.5715975149358699 -0.1503096869067344
0.5583347475031375 -0.1271579828096229
0.5461297485170267 -0.10261845526099
0.53529628379452 -0.07694716321995937
0.5260901249416373 -0.05049787346619583
0.5186721043315805 -0.02370037473980841
-0.0002108795825596088 0.0002292056347774629
2.399221788462746e-06 -1.638149290217328e-06
1.268403565267418 -0.2693429604156578
1.252329956546556 -0.2835500353834248
1.235423144871346 -0.2966562476944725
0.5488211609440588 -0.16482462347468
0.5338906953331111 -0.1407054491995747
0.5202309990405705 -0.1148101831092403
0.5082811896122836 -0.08743479195886378
0.4984088339512206 -0.05902253523756212
0.4908501915727734 -0.03013536754368995
0.0001520813330005977 0.0001732778618537267
8.434272054880232e-06 1.045381888009622e-05
1.283500224656746 -0.2855053007051721
1.266357005168856 -0.3006374415364889
1.248262403273376 -0.314437862357441
0.5252315531622753 -0.1812858764195725
0.5081742473003237 -0.1560540899294105
0.4926104893005815 -0.1285074532470791
0.4791662245518066 -0.09897984727492098
0.4683840608937605 -0.06803317038881074
0.4606213584650888 -0.03642055384616849
0.0001814307593416276 -8.641456488028831e-05
-4.279166674348023e-05 5.162544002568215e-05
1.299960758691213 -0.302605269714594
1.281367354325882 -0.3190681258272876
1.261624267330875 -0.3336678846680791
0.5007776174747776 -0.200210545350977
0.4809668321928299 -0.1737540335397065
0.4628569273816915 -0.144225197192656
0.4473575122582866 -0.1119775550388855
0.4352947236635404 -0.07772720809944073
0.4272299327032137 -0.04251344498844706
-5.335540085515955e-05 -0.0001892864705299035
-0.0002956865206370507 -9.809834530177808e-05
1.318258303482903 -0.3213296364596659
1.297523194611909 -0.3394016865495078
1.275514574307647 -0.3548486802917807
0.4754944747643831 -0.2222853725770143
0.4520712366109257 -0.1945794531029576
0.4304800905439801 -0.1627248005546093
0.4120672416131854 -0.1270352393407876
0.3981351615205301 -0.08841585052704481
0.3896108983920274 -0.04834594043226742
-0.0001484211199017649 5.329238335438635e-05
1.360064108677309 -0.3187538720721078
1.338763524013606 -0.3425098401412576
1.314931327015392 -0.3624103268894984
1.289830527999329 -0.3786322762504809
0.4495876946676078 -0.2484136156374284
0.4213790110513913 -0.2196300960634119
0.3949210029383864 -0.1851623715879694
0.3722330938013956 -0.1451253352564736
0.355448893148132 -0.1006161896601622
0.3461920584159044 -0.05380505265558733
2.742822051349236e-05 9.745617488521319e-05
1.387272278677623 -0.3402105331098489
1.361865560267555 -0.3673420551358042
1.333561365279557 -0.3891650997099393
1.304272283308062 -0.405851181865433
0.4235830651953513 -0.279751091351127
0.3890206949053083 -0.2504695925342529
0.3556202528143146 -0.2133401049199725
0.3264118188012094 -0.1678816560459914
0.3050312339159535 -0.1152449608721894
0.2945236597345767 -0.05870200449723612
3.261056105741122e-05 -1.607298782679845e-06
1.419695333110814 -0.3661227113478388
1.387851873159125 -0.3976467569868128
1.353077680217366 -0.4211427650485872
1.318193691319841 -0.4375272345945834
0.3985777545969593 -0.3176837790918022
0.3556859334903195 -0.2892798564969328
0.3122541818919541 -0.2501263263163669
0.2726779034318199 -0.1982056310575462
0.2433654868962289 -0.1340658783287977
0.2305277143959903 -0.062703412329985
-9.019159039991287e-05 -0.0001658002970425509
1.458794254989579 -0.3999134379668
1.41660029646808 -0.4362303047425693
1.372505374451413 -0.4603170066961735
1.330366685949919 -0.4748062617822345
0.3766136412484273 -0.3636328161364694
0.3232637500990529 -0.3389142990594179
0.2654335973083846 -0.300095153128924
0.208718248827571 -0.2415709700231813
0.164488189280794 -0.1608533641286344
0.1467617366473781 -0.06514467052920087
1.556055152965956 -0.3844339359226795
1.505859045588513 -0.4472615030111034
1.446790181160805 -0.4873694940176321
1.389608755930737 -0.5090930761306128
1.338660935946392 -0.5187056526651508
0.3610869590242373 -0.4184729541449805
0.2959570687452933 -0.4024544579789289
0.2185861659337527 -0.3701564528495609
0.1330454701524523 -0.308869601553969
0.05763202810754653 -0.2049319900747189
0.02763289588857853 -0.06450730250941727
1.644237734350301 -0.4386518890969454
1.560409895086986 -0.5188898772504177
1.473982304413569 -0.5570589411773187
1.399911643165638 -0.5696785692502528
1.339761264670421 -0.5694874892167827
0.3567937327220793 -0.4813393452212847
0.2815811786928868 -0.4813420215160056
0.182226207933682 -0.4685056819872177
0.05140646805178295 -0.4216329181911593
-0.09668475868383031 -0.2943412905292803
-0.1674254285401935 -0.0567677520886678
1.770079429391557 -0.5447224924205329
1.612997185533677 -0.6343155319083412
1.486752118297035 -0.6511861796180969
1.395817546380225 -0.6420642449194789
1.329346452516969 -0.6255206583677966
0.3687561912005659 -0.5480842801357139
0.2910229234785675 -0.571176341723822
0.1792634190837216 -0.5962311708528603
0.001320258513538564 -0.6105646309858258
-0.3103557713463465 -0.5331455357013484
-0.6005405894684244 -0.03276568939519392
1.923848179434287 -0.8047246137045776
1.622134068147755 -0.815453359743554
1.463306101510059 -0.7665316819224437
1.367926782253077 -0.7201531659394151
1.303487487309674 -0.6820454755210956
0.3993071553583781 -0.6109330854975004
0.331952667725871 -0.6579223190405458
0.2358929032001711 -0.7282938933164298
0.07906579818400439 -0.8483828548425139
-0.2664218713393267 -1.123441575264291
7.952630703260323 -11.64474334259094
1.767319751283108 -1.340579512255996
1.502776362930653 -1.01786234822821
1.383823658511763 -0.8746567641005631
1.311690445981459 -0.7894024970520201
1.261456712915708 -0.73140362527253
0.4452760020952302 -0.6613043246322577
0.3991242633018097 -0.7233094374436499
0.3442315435045756 -0.8180885994664104
0.2867746316964672 -0.9796163343084199
0.2930726143006851 -1.289710483388455
0.7249857561575407 -1.66011703631362
1.212972080249766 -1.386398355749995
1.282804388874267 -1.096087002177038
1.264557002135108 -0.933488872308415
1.235475635893742 -0.8337592816977073
1.207832756153152 -0.7662226552435084
0.4988673829989438 -0.6944111649831496
0.4756469608348007 -0.7586284744718867
0.4601174416749673 -0.8488258787466189
0.4715983480187136 -0.9763064730238019
0.5581802392651776 -1.136189995496695
0.7674596825288938 -1.241899483273541
0.9927041711561729 -1.185322848689402
1.110271987683212 -1.05264569936567
1.150034832098118 -0.9357428348973318
1.15673731649541 -0.8483463439607919
1.150799295115259 -0.7835645471481121
0.552001984160275 -0.7110184337455721
0.5462681064923098 -0.7686533151686508
0.553926505328328 -0.841289961632163
0.5882068449260576 -0.9274406336318974
0.6660352185851621 -1.011908283990727
0.7883015421245451 -1.059033946960624
0.9173644050557568 -1.042041711148555
1.011325675506394 -0.9797302028841601
1.064095196007423 -0.9066410625403879
1.088822841134865 -0.840623646333767
1.097737768526873 -0.7857474680657455
0.5996274109359105 -0.715234079263246
0.6045431864194979 -0.7631833989597061
0.6222487988457316 -0.8181109341572546
0.6593271465081686 -0.8756541121517614
0.7204464951671391 -0.9251995445220221
0.8013292127282435 -0.9516479624468592
0.8858081946654671 -0.9459133831780973
0.9562771588727357 -0.9135407366485645
1.005522064966053 -0.8682277319575036
1.035826900778404 -0.8210902085381526
1.052537528645826 -0.7776391182342415
0.6399488447101466 -0.7115872959364
0.6503431493003219 -0.7501523793121989
0.6710322058047475 -0.7911777133658396
0.7048594083374693 -0.8307714341075538
0.7525552475904584 -0.8625724229576129
0.8104626568709856 -0.8795395221421431
0.8705401115034117 -0.8778626729696624
0.9241514969758918 -0.859537278795611
0.9662704443542592 -0.8305842434183368
0.9962421844644866 -0.7972544159733592
1.015938782237025 -0.7638603633852026
